0.296246
0.295086
0.296696
0.304389
0.299871
0.305230
0.299565
0.297035
0.294473
0.298270
0.297417
0.307318
0.295851
0.303409
0.294477
0.304007
0.307533
0.296385
0.292190
0.302457
0.298094
0.292855
0.302951
0.298039
0.297692
0.301489
0.298780
0.296122
0.298843
0.300071
0.304947
0.292361
0.303214
0.299441
0.295242
0.295712
0.306895
0.288210
0.304461
0.294724
0.303134
0.301823
0.301501
0.293708
0.296082
0.303616
0.303314
0.298561
0.295449
0.303955
0.298019
0.297959
0.299453
0.294557
0.299170
0.300732
0.301322
0.300310
0.299246
0.294780
0.297437
0.298879
0.298473
0.300935
0.303039
0.296031
0.302473
0.300413
0.294684
0.300716
0.296270
0.297230
0.301429
0.291947
0.296345
0.295919
0.299333
0.300361
0.297517
0.297329
0.300724
0.301421
0.296182
0.297983
0.292636
0.300489
0.300310
0.294533
0.301353
0.300672
0.293664
0.300393
0.296457
0.307927
0.301278
0.302919
0.300744
0.300756
0.301871
0.294612
0.302051
0.296652
0.302381
0.303509
0.300728
0.297425
0.302278
0.294055
0.301473
0.305596
0.301660
0.298851
0.298162
0.301094
0.297871
0.294035
0.298569
0.294549
0.302688
0.299086
0.296780
0.307668
0.296684
0.302469
0.300425
0.288660
0.297106
0.297569
0.297345
0.298027
0.296298
0.299935
0.299584
0.302533
0.300716
0.300190
0.295477
0.297720
0.297684
0.301971
0.299692
0.298357
0.300668
0.306449
0.295190
0.301106
0.293923
0.294393
0.296322
0.301804
0.299967
0.298485
0.297078
0.300166
0.297043
0.299234
0.301437
0.299760
0.299887
0.305234
0.301027
0.297202
0.299935
0.302835
0.300353
0.304270
0.296676
0.301126
0.295357
0.305365
0.292895
0.294672
0.307780
0.297154
0.298632
0.300302
0.297361
0.299158
0.300067
0.294011
0.299433
0.304202
0.302071
0.300875
0.297031
0.301927
0.298831
0.311644
0.298250
0.299501
0.299341
0.294130
0.299047
0.289533
0.302310
0.303748
0.307716
0.301126
0.301453
0.298377
0.294365
0.301724
0.305306
0.301473
0.297485
0.296302
0.299098
0.301023
0.301114
0.301576
0.303433
0.298218
0.300325
0.297373
0.303425
0.306114
0.298246
0.297680
0.293808
0.299644
0.303055
0.300098
0.297090
0.298573
0.295879
0.297620
0.303234
0.304397
0.301134
0.295895
0.295656
0.299863
0.295712
0.302831
0.299194
0.302138
0.302110
0.302146
0.298294
0.299015
0.294616
0.307377
0.293935
0.300939
0.291891
0.295732
0.298935
0.299481
0.302011
0.303784
0.300983
0.292776
0.296867
0.306377
0.302911
0.295592
0.296250
0.302612
0.292604
0.297692
0.294883
0.295959
0.302461
0.298963
0.300477
0.294720
0.292656
0.302254
0.305341
0.298923
0.297680
0.293720
0.299397
0.306130
0.305481
0.300676
0.291433
0.296481
0.305262
0.299453
0.302063
0.299756
0.305294
0.300668
0.297529
0.299668
0.297588
0.300915
0.304640
0.298417
0.296963
0.296270
0.291437
0.297202
0.299971
0.296967
0.301664
0.298620
0.295955
0.297553
0.297628
0.293043
0.299541
0.297138
0.300656
0.295142
0.296393
0.298612
0.301529
0.298361
0.297648
0.303158
0.294302
0.306716
0.297174
0.298465
0.299031
0.301903
0.296951
0.296401
0.297457
0.301381
0.296776
0.302090
0.293692
0.294533
0.298401
0.298804
0.296804
0.300604
0.297497
0.303656
0.298190
0.303222
0.296616
0.293023
0.303258
0.301453
0.302668
0.294995
0.295768
0.298831
0.298186
0.297425
0.301333
0.300915
0.293768
0.298102
0.298656
0.297007
0.301015
0.296493
0.301569
0.305250
0.293529
0.302302
0.299501
0.293274
0.304600
0.289668
0.298955
0.307110
0.301688
0.294692
0.302302
0.298441
0.300294
0.300792
0.300182
0.301019
0.301875
0.306732
0.293688
0.306967
0.300206
0.302843
0.294533
0.302098
0.300983
0.292186
0.305393
0.293584
0.297262
0.294728
0.298561
0.301003
0.300804
0.305222
0.297708
0.300640
0.296764
0.298863
0.304584
0.296995
0.298648
0.294700
0.293588
0.290592
0.302178
0.302158
0.301541
0.302174
0.297071
0.300820
0.297039
0.299178
0.302357
0.300708
0.300266
0.299146
0.297565
0.300812
0.301768
0.298158
0.293545
0.300003
0.306341
0.305027
0.292947
0.297501
0.302118
0.297975
0.296106
0.298373
0.295577
0.301190
0.299047
0.298186
0.295493
0.301222
0.300784
0.301951
0.297999
0.298991
0.303847
0.300612
0.297094
0.301489
0.302712
0.299776
0.302513
0.296624
0.304995
0.295011
0.300186
0.300959
0.296887
0.294808
0.298851
0.293170
0.295935
0.300043
0.290226
0.296027
0.302596
0.301290
0.302078
0.301999
0.297700
0.302449
0.300246
0.297772
0.299445
0.301545
0.302708
0.299855
0.298839
0.297318
0.298393
0.305569
0.294361
0.299226
0.294130
0.297278
0.296728
0.304019
0.298549
0.302051
0.307274
0.300274
0.295031
0.299254
0.301923
0.300421
0.298827
0.296923
0.298397
0.306481
0.294804
0.298919
0.300333
0.300764
0.306668
0.302883
0.301557
0.293333
0.300150
0.293812
0.297784
0.301353
0.301333
0.293437
0.296808
0.295995
0.296923
0.297648
0.301887
0.297230
0.307314
0.302310
0.297632
0.295796
0.292684
0.298389
0.305286
0.298341
0.302911
0.298278
0.297835
0.301576
0.300421
0.301823
0.302736
0.294266
0.293895
0.295282
0.300302
0.299588
0.298684
0.298804
0.298278
0.302907
0.298023
0.302449
0.304214
0.303592
0.298907
0.294130
0.296126
0.298329
0.295497
0.299082
0.303218
0.297381
0.300748
0.297517
0.298891
0.306744
0.297222
0.296222
0.292425
0.303620
0.295979
0.300573
0.296772
0.293939
0.292063
0.304772
0.295377
0.299250
0.303521
0.299078
0.302110
0.294007
0.298353
0.301648
0.292138
0.302533
0.300373
0.300959
0.304059
0.300704
0.301692
0.299700
0.299513
0.297007
0.300114
0.301027
0.295648
0.298266
0.303736
0.301879
0.299533
0.292322
0.291142
0.290473
0.302074
0.296258
0.297628
0.296871
0.298417
0.298098
0.301692
0.296680
0.302919
0.303792
0.297839
0.298800
0.298983
0.297126
0.299345
0.298533
0.302772
0.294385
0.299194
0.303377
0.301732
0.302867
0.300341
0.299704
0.303258
0.298031
0.286688
0.295963
0.304226
0.299035
0.300234
0.297373
0.298110
0.296409
0.307154
0.307230
0.296788
0.296098
0.301417
0.296967
0.298812
0.294772
0.303780
0.297812
0.296812
0.299114
0.301413
0.297142
0.297513
0.293911
0.300365
0.293584
0.301174
0.294684
0.299804
0.301744
0.303843
0.291485
0.298413
0.297425
0.295071
0.299457
0.296118
0.301023
0.305991
0.300636
0.298569
0.291588
0.288907
0.294322
0.290417
0.295604
0.301039
0.304903
0.296624
0.303274
0.298744
0.297318
0.294660
0.298389
0.301425
0.297043
0.297385
0.300963
0.297541
0.299226
0.293676
0.299776
0.299425
0.300270
0.294588
0.292405
0.294684
0.294082
0.297063
0.302800
0.299991
0.304162
0.294302
0.305580
0.301337
0.299389
0.302816
0.293521
0.291357
0.302397
0.301537
0.299748
0.299031
0.294911
0.294919
0.301310
0.299975
0.300919
0.299608
0.291816
0.297329
0.296676
0.292533
0.293911
0.298329
0.293760
0.292306
0.298561
0.301676
0.300748
0.303572
0.299569
0.292947
0.305541
0.297812
0.297760
0.300214
0.291832
0.298445
0.295820
0.292178
0.302572
0.302290
0.304756
0.295318
0.304071
0.303162
0.293537
0.296011
0.303369
0.296102
0.303039
0.294987
0.301871
0.296676
0.300720
0.293561
0.303549
0.294935
0.297106
0.298278
0.298413
0.308967
0.305214
0.296740
0.301812
0.298636
0.300887
0.289760
0.292250
0.302027
0.301067
0.295465
0.295150
0.298306
0.294445
0.298752
0.299704
0.310939
0.302258
0.302772
0.297692
0.299385
0.302696
0.308652
0.302664
0.309118
0.296843
0.298373
0.297306
0.305927
0.293541
0.296453
0.299381
0.302576
0.297063
0.295106
0.300457
0.298748
0.292023
0.302246
0.301975
0.304198
0.304023
0.299326
0.302325
0.299584
0.304043
0.294513
0.298839
0.293246
0.299851
0.298505
0.301561
0.292234
0.298776
0.300290
0.295059
0.296537
0.300951
0.307545
0.298345
0.306541
0.301764
0.298298
0.297310
0.296198
0.300489
0.298640
0.297126
0.295453
0.295477
0.306600
0.297130
0.300875
0.297441
0.303122
0.304337
0.299413
0.293728
0.301935
0.297596
0.302154
0.298282
0.299824
0.296513
0.303887
0.306226
0.295469
0.301592
0.298329
0.298094
0.307696
0.300580
0.290967
0.296501
0.308258
0.298445
0.302274
0.300114
0.294855
0.298349
0.292648
0.295971
0.302640
0.300668
0.295397
0.302939
0.294716
0.304166
0.295477
0.291624
0.297732
0.301063
0.297126
0.300258
0.297987
0.298720
0.308608
0.300481
0.296672
0.299780
0.294927
0.295234
0.294959
0.301031
0.302959
0.296784
0.301772
0.297907
0.295461
0.297991
0.299078
0.300146
0.297967
0.296696
0.305055
0.298517
0.301963
0.296250
0.297425
0.298337
0.292067
0.306365
0.300011
0.305680
0.298588
0.301768
0.301090
0.294294
0.293720
0.299449
0.292832
0.296031
0.294991
0.295047
0.295079
0.298816
0.298879
0.297967
0.295804
0.296166
0.296537
0.298441
0.293995
0.299688
0.301776
0.298923
0.298485
0.297067
0.295333
0.301843
0.299262
0.306039
0.300047
0.302919
0.301059
0.300039
0.293859
0.297035
0.295075
0.298796
0.296632
0.300616
0.304063
0.305126
0.304150
0.300549
0.299999
0.294624
0.295792
0.303616
0.296326
0.297218
0.295333
0.301939
0.296465
0.299847
0.296983
0.299831
0.295094
0.302708
0.296935
0.298911
0.302186
0.306134
0.296724
0.301628
0.298505
0.301668
0.297373
0.300469
0.298266
0.297318
0.301983
0.295170
0.299533
0.294828
0.300740
0.295330
0.299776
0.296632
0.300843
0.294529
0.302302
0.310485
0.297935
0.300624
0.297573
0.304469
0.305361
0.300322
0.300696
0.299588
0.292417
0.300106
0.297696
0.290712
0.303397
0.298445
0.299664
0.299756
0.297106
0.305274
0.293357
0.294015
0.296971
0.298792
0.305632
0.299632
0.304234
0.303190
0.297071
0.290469
0.302871
0.297903
0.296067
0.300820
