0.725921
0.730379
0.726175
0.737232
0.734190
0.731717
0.727029
0.733207
0.721619
0.726966
0.729237
0.728678
0.727629
0.730592
0.730971
0.721686
0.736679
0.725996
0.721762
0.739610
0.733982
0.733808
0.727344
0.733424
0.724040
0.732986
0.726871
0.722860
0.734689
0.724860
0.731102
0.730046
0.734532
0.726330
0.732910
0.732566
0.738975
0.734203
0.724077
0.732197
0.726445
0.728966
0.724844
0.733780
0.731811
0.727299
0.744772
0.726965
0.734135
0.726554
0.735011
0.730705
0.730306
0.728014
0.743568
0.731453
0.728580
0.726989
0.734233
0.731680
0.734948
0.724203
0.710413
0.731489
0.721547
0.735008
0.735093
0.728290
0.730376
0.735784
0.726413
0.728530
0.735788
0.714311
0.724104
0.728768
0.745185
0.727209
0.724266
0.721975
0.734321
0.723330
0.727530
0.732251
0.727441
0.730878
0.727109
0.743521
0.733197
0.726404
0.728137
0.732888
0.737861
0.738504
0.725870
0.732445
0.730205
0.726706
0.721117
0.728552
0.727890
0.730674
0.731337
0.729316
0.723461
0.729445
0.726394
0.724691
0.725096
0.740786
0.728159
0.718778
0.738599
0.730877
0.738905
0.738913
0.728720
0.725626
0.723857
0.735344
0.717822
0.721748
0.734020
0.725369
0.723076
0.736288
0.729852
0.720083
0.717729
0.726890
0.736322
0.731975
0.729135
0.745865
0.734565
0.734286
0.724830
0.722928
0.720285
0.730391
0.730854
0.734110
0.735345
0.728741
0.729313
0.732237
0.728160
0.731260
0.739906
0.734294
0.738737
0.734343
0.728942
0.742335
0.732141
0.729110
0.734540
0.727033
0.726857
0.725364
0.731809
0.722553
0.729969
0.723846
0.724761
0.737443
0.734765
0.736316
0.734997
0.731001
0.729314
0.733907
0.726004
0.736237
0.730405
0.721145
0.726399
0.736073
0.732531
0.734203
0.731818
0.737162
0.728146
0.729158
0.733794
0.734482
0.730332
0.732265
0.725384
0.733848
0.729540
0.726740
0.720654
0.724863
0.741882
0.733792
0.731023
0.733736
0.735452
0.732939
0.725469
0.743586
0.726616
0.732602
0.727759
0.731001
0.731851
0.737655
0.732098
0.731109
0.727738
0.732850
0.728848
0.729465
0.727232
0.725776
0.725501
0.741936
0.733952
0.713287
0.732302
0.733661
0.723682
0.726522
0.732785
0.743638
0.740659
0.728339
0.735199
0.733378
0.717316
0.731937
0.732917
0.735341
0.731178
0.719886
0.723038
0.737075
0.733412
0.738491
0.723810
0.730156
0.727819
0.735715
0.720248
0.736289
0.731105
0.729227
0.729055
0.729154
0.730909
0.736212
0.725501
0.733476
0.732938
0.731380
0.723611
0.724683
0.724865
0.734506
0.730072
0.734607
0.726508
0.733595
0.738120
0.721054
0.725200
0.729273
0.736968
0.730255
0.728191
0.718857
0.733662
0.735993
0.737780
0.733285
0.723472
0.730881
0.737109
0.719184
0.737411
0.734273
0.731472
0.740433
0.733369
0.730646
0.728014
0.732001
0.735931
0.718035
0.729185
0.722406
0.730257
0.722674
0.718739
0.722494
0.729866
0.726552
0.723295
0.727392
0.721290
0.719689
0.737660
0.732764
0.729756
0.733980
0.734740
0.730441
0.724407
0.727757
0.726328
0.721814
0.725531
0.735978
0.723425
0.725275
0.726701
0.745665
0.729416
0.734989
0.726072
0.728291
0.736814
0.730973
0.728312
0.725895
0.721398
0.728653
0.730261
0.728437
0.734372
0.737293
0.733025
0.728442
0.725376
0.730968
0.730642
0.724232
0.738318
0.726473
0.732738
0.731812
0.734638
0.730102
0.737820
0.741308
0.729305
0.722121
0.730040
0.738897
0.727245
0.727116
0.735157
0.738717
0.723587
0.728182
0.727303
0.721540
0.731345
0.735638
0.727098
0.736330
0.728290
0.737954
0.729065
0.725160
0.733038
0.725957
0.732434
0.725528
0.731256
0.729679
0.736014
0.727939
0.738998
0.732747
0.729534
0.731560
0.725389
0.720163
0.737678
0.731822
0.724927
0.721981
0.731101
0.726956
0.737742
0.741395
0.728217
0.729410
0.740321
0.720789
0.717531
0.724586
0.732434
0.718832
0.734825
0.726319
0.738210
0.734026
0.729650
0.724573
0.725434
0.727902
0.723084
0.720497
0.727560
0.731140
0.720329
0.735237
0.738569
0.727339
0.728546
0.721091
0.722856
0.722248
0.729959
0.730989
0.733007
0.726246
0.729982
0.725973
0.735129
0.722988
0.726109
0.722655
0.731152
0.730176
0.729833
0.733464
0.726307
0.733144
0.725207
0.720655
0.733944
0.734673
0.730123
0.734308
0.731551
0.730410
0.740093
0.740467
0.736630
0.729540
0.727355
0.737719
0.728163
0.721286
0.728217
0.728359
0.723344
0.720081
0.726042
0.719957
0.726762
0.735547
0.729946
0.727250
0.727393
0.735059
0.728205
0.736075
0.727465
0.736167
0.742498
0.729964
0.731646
0.724697
0.733194
0.734413
0.738052
0.734096
0.724870
0.731656
0.725815
0.731303
0.727861
0.728998
0.728561
0.724568
0.726601
0.723883
0.728158
0.738244
0.732621
0.728948
0.729205
0.724609
0.730810
0.727185
0.727794
0.728461
0.729467
0.731795
0.733416
0.718351
0.735671
0.726986
0.720392
0.732985
0.725378
0.724736
0.731983
0.737546
0.728371
0.739325
0.727677
0.720622
0.732524
0.738851
0.726474
0.729342
0.722313
0.727008
0.725358
0.735337
0.720903
0.723206
0.729229
0.733368
0.722051
0.729732
0.732967
0.731929
0.731062
0.726065
0.732408
0.730920
0.733533
0.729240
0.727561
0.731580
0.736899
0.737219
0.730991
0.733117
0.734145
0.726685
0.730317
0.738345
0.730794
0.720954
0.729516
0.743258
0.725029
0.733412
0.730412
0.731534
0.724663
0.724944
0.721617
0.728903
0.728769
0.722390
0.727198
0.737961
0.736004
0.728921
0.735244
0.725051
0.733199
0.729662
0.738626
0.732506
0.721367
0.714980
0.727781
0.729865
0.722737
0.736871
0.728233
0.720763
0.718534
0.731339
0.726675
0.722599
0.736768
0.733688
0.719114
0.724771
0.726186
0.728884
0.728529
0.730419
0.732871
0.725123
0.730668
0.733503
0.723258
0.731262
0.718703
0.720915
0.728518
0.737280
0.737614
0.725410
0.732657
0.729676
0.733240
0.726223
0.731327
0.727646
0.734170
0.732444
0.743042
0.731142
0.734588
0.738713
0.731489
0.738774
0.732915
0.731011
0.720410
0.725861
0.737837
0.729396
0.733436
0.732814
0.732326
0.729633
0.734331
0.730286
0.728918
0.736885
0.728323
0.726720
0.736154
0.721874
0.735275
0.736846
0.726456
0.728829
0.727910
0.723985
0.729083
0.729437
0.724347
0.724712
0.728620
0.728456
0.728243
0.729792
0.715938
0.737504
0.739086
0.730691
0.731431
0.727516
0.732839
0.734293
0.731459
0.740220
0.725184
0.725136
0.736651
0.737435
0.735085
0.729396
0.727095
0.733990
0.727667
0.724180
0.722558
0.729535
0.729246
0.720199
0.734093
0.731873
0.734044
0.732692
0.732938
0.734762
0.726927
0.732577
0.719543
0.728214
0.724311
0.722689
0.728362
0.730949
0.726030
0.730326
0.740724
0.737193
0.735969
0.733133
0.731953
0.731979
0.732551
0.733855
0.731591
0.731957
0.730175
0.731794
0.725409
0.729138
0.724485
0.735287
0.731240
0.737432
0.728890
0.724162
0.730618
0.731622
0.731961
0.730968
0.728155
0.730558
0.724189
0.729954
0.729045
0.729308
0.732325
0.727790
0.719217
0.730881
0.722251
0.731248
0.721183
0.719918
0.732920
0.717755
0.729768
0.722197
0.734247
0.738764
0.730968
0.723867
0.734342
0.726051
0.725299
0.728679
0.732327
0.731512
0.725831
0.732427
0.722128
0.727428
0.731624
0.735835
0.727863
0.731220
0.730646
0.728192
0.733840
0.727317
0.736957
0.732321
0.734811
0.732889
0.737509
0.731198
0.736271
0.725545
0.728877
0.735877
0.725195
0.727153
0.725326
0.736700
0.736002
0.735854
0.731038
0.739404
0.724829
0.728141
0.726934
0.730732
0.734743
0.724607
0.722520
0.719460
0.729463
0.738243
0.722564
0.737241
0.727204
0.741467
0.727994
0.741789
0.729883
0.727837
0.728330
0.724827
0.728056
0.734792
0.734038
0.733132
0.741449
0.724615
0.726743
0.726220
0.725807
0.722347
0.727634
0.729694
0.734237
0.736922
0.733406
0.732919
0.725074
0.733475
0.730549
0.734620
0.732357
0.719486
0.733295
0.728255
0.720711
0.728849
0.732881
0.739525
0.726021
0.730884
0.727575
0.731939
0.728588
0.727035
0.728813
0.730851
0.728713
0.727640
0.725926
0.732386
0.731939
0.726108
0.726095
0.723104
0.739276
0.737806
0.734908
0.727860
0.735313
0.726016
0.725852
0.731437
0.728274
0.722730
0.726765
0.724963
0.728170
0.734551
0.727695
0.734597
0.730774
0.731145
0.733041
0.736643
0.736867
0.730937
0.736218
0.734367
0.726583
0.733435
0.741727
0.728096
0.726800
0.728163
0.741079
0.728551
0.723370
0.728073
0.737702
0.729444
0.732814
0.730635
0.730573
0.728318
0.718173
0.726659
0.737369
0.729562
0.738164
0.733876
0.736003
0.724133
0.723265
0.724134
0.727892
0.726978
0.730120
0.735889
0.729284
0.722634
0.726405
0.727964
0.745960
0.718687
0.730779
0.728705
0.734062
0.725510
0.731051
0.725433
0.729704
0.729503
0.722621
0.722795
0.736421
0.729464
0.735200
0.732157
0.721726
0.732667
0.734439
0.729085
0.733105
0.737883
0.729887
0.731174
0.725534
0.741309
0.734544
0.728812
0.732370
0.727661
0.729406
0.716873
0.734563
0.736649
0.728074
0.742838
0.715948
0.724726
0.727379
0.730091
0.733425
0.729301
0.727647
0.736088
0.733745
0.730200
0.726362
0.736222
0.731332
0.733720
0.735583
0.729360
0.730773
0.733132
0.726051
0.731869
0.731426
0.734917
0.725913
0.738854
0.721592
0.736257
0.722925
0.739938
0.724311
0.735350
0.732962
0.725954
0.734175
0.734774
0.735415
0.726150
0.725270
0.728102
0.738389
0.723195
0.727114
0.720690
0.726812
0.720670
0.730119
0.727557
0.725910
0.718767
0.729084
0.728795
0.718133
0.734495
0.743875
0.732303
0.727332
0.732566
0.731726
0.727048
0.738434
0.731104
0.726946
0.728332
0.727439
0.735070
0.729048
0.740074
0.731808
0.727802
0.735550
0.741743
0.733025
0.725418
0.729913
0.735022
0.730061
0.726656
0.727194
0.730326
