2.312695
2.340842
2.385542
2.393988
2.413300
2.433672
2.454808
2.457174
2.470241
2.486200
2.495272
2.499906
2.504625
2.512939
2.514107
2.523648
2.528476
2.531675
2.548090
2.551744
2.552312
2.552844
2.556801
2.560012
2.561530
2.564312
2.564990
2.571520
2.575135
2.580170
2.582824
2.588638
2.590777
2.591105
2.594242
2.604424
2.609479
2.609922
2.614118
2.622417
2.624443
2.626141
2.635840
2.637059
2.639228
2.641613
2.642608
2.644229
2.647504
2.649981
2.650444
2.652197
2.652933
2.655173
2.656371
2.657178
2.657672
2.661463
2.662729
2.664042
2.673950
2.680063
2.680734
2.683506
2.685939
2.686893
2.690537
2.690820
2.692080
2.693471
2.694456
2.694718
2.698507
2.699591
2.699911
2.700802
2.701617
2.702599
2.703387
2.704701
2.709530
2.713978
2.715610
2.715775
2.716941
2.718843
2.719296
2.719404
2.727308
2.728838
2.729286
2.729966
2.730056
2.731521
2.734155
2.736342
2.737726
2.739646
2.743398
2.743562
2.744466
2.745922
2.749127
2.749501
2.753230
2.754059
2.754112
2.758326
2.758471
2.759039
2.760858
2.761094
2.761633
2.763775
2.765391
2.765793
2.766340
2.766574
2.769273
2.769845
2.771456
2.772899
2.773071
2.773295
2.775491
2.775877
2.777075
2.778678
2.778903
2.778906
2.779752
2.781723
2.783196
2.783733
2.785997
2.786536
2.787025
2.790390
2.792567
2.793930
2.794569
2.795774
2.798325
2.798965
2.799191
2.799398
2.800188
2.801748
2.803766
2.806718
2.806761
2.807325
2.813159
2.814691
2.815312
2.815531
2.816905
2.817011
2.818354
2.819382
2.820020
2.821111
2.821369
2.821847
2.825716
2.827896
2.828092
2.832006
2.832542
2.833299
2.833743
2.833872
2.835853
2.838523
2.839255
2.841372
2.841458
2.841817
2.845438
2.845517
2.846463
2.847759
2.847886
2.848910
2.850180
2.850307
2.850429
2.851264
2.851537
2.852754
2.852858
2.855483
2.859401
2.861355
2.863363
2.863963
2.865823
2.867488
2.868633
2.869204
2.869247
2.871567
2.873153
2.873898
2.876557
2.876991
2.878889
2.879319
2.880091
2.881580
2.883638
2.883765
2.886926
2.887047
2.888210
2.889265
2.890845
2.891062
2.891656
2.891820
2.895368
2.898919
2.899395
2.901303
2.905461
2.905524
2.906033
2.908163
2.908851
2.909145
2.910408
2.913245
2.916080
2.917075
2.921427
2.921468
2.923779
2.923805
2.924109
2.925313
2.925864
2.928663
2.930125
2.930617
2.933545
2.936248
2.937296
2.937806
2.938235
2.939182
2.939254
2.939348
2.939559
2.940460
2.941288
2.942569
2.943407
2.944597
2.945126
2.945401
2.947443
2.948641
2.949298
2.950193
2.952189
2.952489
2.952617
2.953682
2.956937
2.957027
2.958491
2.959250
2.960207
2.963066
2.964543
2.965324
2.966783
2.967292
2.968517
2.969623
2.972234
2.972896
2.974030
2.974333
2.974972
2.975263
2.976106
2.977525
2.977604
2.978024
2.978094
2.979111
2.979817
2.980918
2.982178
2.983342
2.983938
2.984097
2.985628
2.985810
2.986340
2.988538
2.990666
2.991563
2.992291
2.993313
2.994081
2.994190
2.994803
2.995873
2.996346
2.997067
2.998334
2.999291
2.999432
2.999640
3.001756
3.004868
3.005500
3.005521
3.008813
3.010635
3.011109
3.011624
3.012205
3.013985
3.014349
3.015331
3.016157
3.017211
3.017743
3.018235
3.019401
3.022018
3.022103
3.025143
3.026292
3.028190
3.028321
3.029420
3.029747
3.030284
3.030754
3.031141
3.031287
3.031847
3.033633
3.033715
3.037634
3.038462
3.039448
3.040696
3.041787
3.041906
3.044923
3.045199
3.047920
3.048442
3.048451
3.048454
3.048946
3.049832
3.051897
3.052251
3.053369
3.053964
3.054589
3.056015
3.059795
3.060315
3.060918
3.061360
3.062258
3.063919
3.068064
3.068860
3.071838
3.073182
3.073254
3.073668
3.074764
3.075177
3.076552
3.077204
3.077993
3.078985
3.083269
3.083272
3.085288
3.085772
3.090049
3.092907
3.093298
3.094783
3.095194
3.095717
3.098294
3.098337
3.099417
3.100338
3.104096
3.104151
3.104643
3.105063
3.105085
3.105403
3.105618
3.106100
3.111068
3.112077
3.112209
3.112779
3.113861
3.114555
3.117559
3.117860
3.117863
3.118603
3.120560
3.122141
3.123457
3.123716
3.124302
3.126277
3.126582
3.127047
3.127334
3.129438
3.129875
3.131106
3.132228
3.132850
3.134087
3.134464
3.136506
3.139100
3.139136
3.139181
3.139195
3.142033
3.146937
3.147987
3.150185
3.150908
3.152917
3.154068
3.154980
3.156801
3.157899
3.158995
3.159367
3.160334
3.161077
3.161733
3.162230
3.164854
3.165202
3.165230
3.165560
3.172834
3.173590
3.174242
3.175497
3.178922
3.179623
3.180986
3.181069
3.182595
3.182875
3.183840
3.185626
3.189469
3.190066
3.190469
3.191676
3.193841
3.194262
3.195096
3.195733
3.196273
3.197559
3.197665
3.198607
3.198867
3.199867
3.204245
3.209967
3.210329
3.212863
3.213164
3.213489
3.215204
3.215931
3.215974
3.220815
3.223438
3.226962
3.226971
3.229366
3.230099
3.231529
3.232610
3.232966
3.233867
3.234200
3.237417
3.237941
3.238509
3.239751
3.239879
3.239883
3.241528
3.243143
3.244030
3.248049
3.249504
3.251914
3.252229
3.255073
3.258087
3.258475
3.260064
3.260093
3.260244
3.260478
3.261400
3.262846
3.263876
3.265966
3.266374
3.267210
3.268120
3.268758
3.269236
3.269746
3.271370
3.271836
3.273115
3.274290
3.277627
3.278544
3.280388
3.282626
3.285162
3.286805
3.288282
3.288316
3.289081
3.289359
3.293395
3.297932
3.298275
3.300570
3.300970
3.301301
3.301494
3.302212
3.303686
3.303755
3.306062
3.306909
3.307624
3.310997
3.311077
3.311353
3.313278
3.313376
3.314926
3.315478
3.317703
3.318887
3.320100
3.321025
3.321249
3.324072
3.324147
3.324311
3.324537
3.325446
3.328395
3.329416
3.331229
3.333226
3.333729
3.333929
3.333957
3.334074
3.334589
3.335270
3.335650
3.336282
3.337227
3.337881
3.338347
3.338874
3.340125
3.340688
3.342930
3.343424
3.345168
3.345874
3.348683
3.348905
3.349778
3.350123
3.350882
3.351182
3.351315
3.353339
3.353801
3.354744
3.357204
3.358478
3.359188
3.360668
3.363142
3.363603
3.364110
3.365226
3.367015
3.368157
3.368352
3.369000
3.369200
3.369257
3.370479
3.371323
3.376427
3.377321
3.380060
3.380254
3.381940
3.383651
3.384211
3.384839
3.387223
3.388215
3.390422
3.392438
3.394637
3.394887
3.395257
3.396141
3.396860
3.398484
3.398832
3.401327
3.401907
3.402279
3.403084
3.403726
3.405650
3.405650
3.406171
3.406412
3.407173
3.407354
3.409688
3.410537
3.411985
3.413726
3.414294
3.414788
3.415412
3.415590
3.418587
3.423187
3.424997
3.426512
3.429694
3.431244
3.433393
3.433445
3.433764
3.434524
3.437267
3.440032
3.441457
3.442514
3.442772
3.442830
3.445348
3.447224
3.448675
3.449893
3.450610
3.451301
3.452353
3.454436
3.459136
3.464062
3.464509
3.465575
3.465816
3.466782
3.467353
3.467712
3.469642
3.469893
3.470089
3.471926
3.472294
3.475348
3.480145
3.481104
3.483196
3.486106
3.486387
3.487398
3.492181
3.494392
3.495449
3.496005
3.497436
3.498500
3.502455
3.506466
3.506676
3.507357
3.509408
3.510924
3.515597
3.516528
3.518072
3.518080
3.519406
3.519596
3.522720
3.523898
3.525581
3.530158
3.530292
3.530459
3.532419
3.534251
3.536055
3.537284
3.537825
3.539094
3.539932
3.540080
3.541658
3.543815
3.544723
3.546386
3.551851
3.554782
3.555191
3.556666
3.558431
3.560161
3.562603
3.567564
3.569203
3.571339
3.571976
3.579923
3.580729
3.588090
3.588231
3.588684
3.590831
3.591275
3.592433
3.596684
3.596902
3.598095
3.599316
3.606764
3.611339
3.611375
3.613054
3.613812
3.616665
3.617074
3.619201
3.622245
3.623388
3.624454
3.624650
3.627393
3.630540
3.631053
3.631336
3.631781
3.632183
3.634416
3.647691
3.653268
3.653368
3.655103
3.656154
3.658330
3.661685
3.664685
3.665958
3.666003
3.666136
3.667944
3.669243
3.669420
3.670483
3.674454
3.680472
3.682153
3.685128
3.686514
3.694130
3.697258
3.698230
3.700147
3.700443
3.701024
3.702222
3.703122
3.704655
3.705037
3.710577
3.710725
3.714358
3.717170
3.717715
3.717865
3.718937
3.722726
3.724319
3.724708
3.725990
3.726876
3.727270
3.727694
3.735203
3.735676
3.738962
3.740319
3.741349
3.744823
3.745590
3.749582
3.751772
3.752639
3.755224
3.759230
3.765030
3.767388
3.767976
3.770578
3.772491
3.775910
3.777645
3.778601
3.795929
3.800695
3.802955
3.803663
3.806748
3.810304
3.812304
3.815112
3.816134
3.820437
3.823587
3.833553
3.847489
3.848067
3.849745
3.855240
3.856876
3.858101
3.862601
3.865220
3.865865
3.866753
3.873531
3.878291
3.883192
3.893591
3.899914
3.911195
3.915608
3.920377
3.922175
3.927167
3.927858
3.940541
3.945404
3.946094
3.947304
3.951794
3.962665
3.964551
3.967062
3.968022
3.977830
3.988117
3.988889
3.993868
3.998829
3.998903
4.005246
4.009499
4.010709
4.013416
4.015122
4.015477
4.016205
4.022871
4.025883
4.026481
4.026621
4.037322
4.039602
4.043496
4.048152
4.052793
4.061334
4.069821
4.076269
4.086284
4.088742
4.093593
4.103188
4.103310
4.103684
4.106721
4.114772
4.117340
4.118449
4.121578
4.122079
4.126182
4.137397
4.138472
4.138591
4.141781
4.142964
4.149089
4.159310
4.164833
4.170924
4.173115
4.177133
4.179681
4.193423
4.213737
4.215517
4.226637
4.232921
4.243184
4.250494
4.255874
4.288155
4.289148
4.303833
4.313301
4.315707
4.324219
4.325853
4.329872
4.333502
4.336709
4.348740
4.352866
4.360505
4.363786
4.363928
4.386663
4.405330
4.407966
4.414639
4.417744
4.436447
4.447970
4.450700
4.464962
4.478252
4.541198
4.559433
4.570288
4.583888
4.691689
4.694382
4.747334
4.770736
4.849070
4.849410
4.907357
4.950388
4.959400
4.978297
5.111892
5.259577
5.275032
5.452587
5.608662
5.633216
5.802676
6.270540
6.280643
6.864027
