0.121344
0.118189
0.119833
0.131485
0.130397
0.125265
0.122881
0.123581
0.128384
0.125054
0.121124
0.117836
0.117573
0.113961
0.126545
0.108152
0.124135
0.119869
0.122024
0.111441
0.127367
0.129996
0.128324
0.121693
0.123402
0.129490
0.121691
0.116029
0.150893
0.135889
0.129831
0.120988
0.111864
0.113539
0.115911
0.122493
0.116189
0.124464
0.121528
0.114928
0.121940
0.120427
0.124682
0.128117
0.122549
0.131734
0.112607
0.118058
0.126491
0.125263
0.119149
0.123509
0.129402
0.122860
0.125663
0.128049
0.129046
0.134146
0.127425
0.117797
0.128700
0.126664
0.120232
0.128529
0.117741
0.120382
0.122814
0.134598
0.131431
0.115174
0.123581
0.115586
0.125376
0.140278
0.125212
0.111927
0.113888
0.115336
0.116564
0.123793
0.118506
0.128344
0.128161
0.140731
0.116567
0.123070
0.117747
0.116824
0.108065
0.128757
0.124696
0.126521
0.119527
0.131403
0.114416
0.124894
0.124557
0.133653
0.125632
0.122501
0.119258
0.129292
0.136445
0.109530
0.124731
0.133126
0.129422
0.124265
0.117475
0.127289
0.125271
0.118986
0.125789
0.129739
0.116013
0.121431
0.126050
0.118490
0.117598
0.115123
0.123544
0.117672
0.126731
0.126661
0.126647
0.129159
0.127257
0.113655
0.113578
0.126334
0.128499
0.123467
0.122131
0.127225
0.124060
0.123249
0.122158
0.124357
0.118893
0.114561
0.126921
0.124052
0.122131
0.120419
0.132712
0.127257
0.103351
0.110472
0.128017
0.122457
0.114579
0.122467
0.139251
0.115713
0.125219
0.120697
0.125107
0.139047
0.131092
0.123870
0.111928
0.124389
0.117721
0.124835
0.117079
0.135952
0.122141
0.122610
0.115044
0.121491
0.119819
0.126970
0.126892
0.121765
0.121253
0.127979
0.124158
0.128248
0.126457
0.117695
0.132809
0.119760
0.136899
0.121577
0.108075
0.131670
0.134409
0.121048
0.129417
0.120497
0.129381
0.127804
0.120631
0.132644
0.114309
0.115864
0.123981
0.119588
0.112269
0.128590
0.131849
0.121011
0.124024
0.131783
0.128924
0.114566
0.119126
0.121251
0.123116
0.128081
0.132819
0.123050
0.125839
0.127907
0.121520
0.122199
0.117525
0.123508
0.111297
0.131255
0.109606
0.120718
0.132464
0.112460
0.125389
0.130039
0.108653
0.127697
0.128349
0.146220
0.124558
0.129904
0.123253
0.123090
0.120000
0.129276
0.122961
0.118330
0.120248
0.121399
0.112942
0.113323
0.128535
0.128504
0.133678
0.119934
0.120791
0.135123
0.127542
0.134025
0.115228
0.136824
0.110118
0.123452
0.127100
0.118693
0.122896
0.124732
0.129536
0.121100
0.125991
0.109554
0.114741
0.132026
0.113481
0.122669
0.122947
0.121076
0.120545
0.117125
0.123756
0.111656
0.128937
0.118201
0.124129
0.115447
0.117459
0.122878
0.124202
0.119471
0.138995
0.126565
0.125269
0.125467
0.126514
0.112992
0.121528
0.126819
0.126749
0.130237
0.132488
0.123294
0.127389
0.111017
0.121709
0.113977
0.121262
0.130829
0.128528
0.117982
0.119219
0.116328
0.128106
0.117477
0.119798
0.121600
0.125108
0.123600
0.120000
0.120506
0.117026
0.124726
0.123690
0.115580
0.115880
0.118622
0.126718
0.133058
0.119481
0.130509
0.116197
0.138104
0.118586
0.140883
0.127814
0.124224
0.117647
0.133731
0.121186
0.117743
0.126087
0.120541
0.120103
0.114108
0.121100
0.119869
0.130552
0.128205
0.124891
0.128744
0.122034
0.123213
0.125595
0.115948
0.128172
0.119819
0.124567
0.123988
0.125539
0.127151
0.144696
0.112172
0.118121
0.129859
0.127163
0.129778
0.132194
0.121932
0.112308
0.110706
0.123633
0.115794
0.121055
0.120441
0.134641
0.115319
0.123509
0.142353
0.127063
0.119079
0.120237
0.128964
0.119532
0.114001
0.126971
0.130532
0.112976
0.111017
0.121265
0.111111
0.125105
0.121397
0.131380
0.128081
0.122761
0.119895
0.146352
0.112659
0.129325
0.124609
0.122112
0.124671
0.126096
0.130532
0.120033
0.123635
0.126307
0.117622
0.114091
0.137221
0.122431
0.119216
0.129074
0.114322
0.118284
0.125981
0.132246
0.118476
0.117672
0.133862
0.122475
0.120294
0.134125
0.118261
0.123591
0.123756
0.124226
0.120426
0.114853
0.121781
0.133560
0.121252
0.125000
0.123355
0.137717
0.121515
0.123728
0.122630
0.123581
0.122965
0.120556
0.127488
0.127723
0.138941
0.135302
0.123462
0.125729
0.127622
0.118186
0.124675
0.127922
0.123754
0.121850
0.114168
0.121655
0.116773
0.112045
0.117549
0.115136
0.131203
0.115989
0.118010
0.111247
0.126146
0.133543
0.118454
0.116909
0.117545
0.116722
0.119297
0.117861
0.125385
0.131833
0.128403
0.116456
0.107303
0.126650
0.132546
0.116964
0.130662
0.120285
0.119816
0.119633
0.124795
0.119274
0.111569
0.138455
0.125281
0.117847
0.131044
0.133097
0.120561
0.129004
0.118208
0.116251
0.130247
0.126047
0.130324
0.120304
0.120000
0.109315
0.107603
0.118432
0.115480
0.113729
0.115543
0.115678
0.121487
0.125482
0.115085
0.135742
0.162500
0.255028
0.185633
0.207519
0.156395
0.173846
0.257092
0.169788
0.146416
0.114796
0.124398
0.119579
0.121387
0.116105
0.129263
0.130045
0.121616
0.122650
0.126307
0.116488
0.140335
0.110539
0.133838
0.131624
0.132019
0.120487
0.113054
0.117574
0.128129
0.221932
0.159677
0.132571
0.192506
0.174419
0.159176
0.183743
0.172658
0.133250
0.164683
0.174098
0.174061
0.193855
0.176431
0.151964
0.179715
0.170269
0.155283
0.197981
0.174678
0.202703
0.149341
0.163165
0.120620
0.189552
0.199656
0.235698
0.161652
0.129915
0.120325
