0.124586
0.123436
0.121696
0.122498
0.128001
0.124382
0.123354
0.124069
0.124697
0.122948
0.126762
0.123975
0.128476
0.122996
0.124530
0.125172
0.123017
0.124942
0.122494
0.121599
0.125125
0.122924
0.123728
0.121424
0.124199
0.124346
0.125737
0.120154
0.123172
0.123815
0.122266
0.124664
0.122643
0.122826
0.122565
0.125033
0.125263
0.126317
0.121459
0.126623
0.121847
0.125321
0.123352
0.122088
0.123917
0.124818
0.123358
0.123517
0.126100
0.123888
0.123786
0.124770
0.125974
0.123338
0.121547
0.124193
0.124254
0.127366
0.123502
0.125188
0.120657
0.126298
0.122538
0.122076
0.122206
0.125329
0.123436
0.122349
0.123561
0.121189
0.122409
0.126881
0.123464
0.124430
0.125835
0.123794
0.127888
0.125315
0.125664
0.124867
0.119717
0.124703
0.122870
0.125808
0.125061
0.121985
0.125056
0.125036
0.124936
0.122423
0.124817
0.123650
0.125552
0.120599
0.124526
0.123706
0.124025
0.124562
0.127764
0.129153
0.122677
0.126403
0.123836
0.123673
0.125134
0.124048
0.122884
0.126444
0.123856
0.123673
0.123606
0.121500
0.123647
0.125147
0.121799
0.122469
0.126429
0.123723
0.125333
0.123644
0.127562
0.124561
0.127137
0.122710
0.126355
0.126354
0.122845
0.125236
0.122994
0.122256
0.122916
0.123480
0.121887
0.122269
0.123307
0.124439
0.123366
0.122864
0.123441
0.124426
0.121502
0.122414
0.124409
0.124233
0.123863
0.123967
0.124178
0.119991
0.123105
0.123450
0.125113
0.123735
0.122712
0.121913
0.125985
0.122238
0.122915
0.124599
0.122559
0.123340
0.124736
0.122331
0.125494
0.125942
0.123391
0.124646
0.125261
0.123992
0.122386
0.126918
0.123408
0.122058
0.125253
0.122704
0.122061
0.124165
0.127033
0.124365
0.125709
0.121918
0.124021
0.123567
0.122165
0.123071
0.126581
0.123750
0.121691
0.124576
0.125195
0.123825
0.122095
0.124414
0.123083
0.125111
0.126106
0.125922
0.123129
0.123177
0.128421
0.121938
0.124279
0.124714
0.124366
0.123216
0.122361
0.124122
0.125673
0.122003
0.125885
0.122792
0.125581
0.124276
0.124158
0.126353
0.127854
0.124166
0.126979
0.125551
0.122419
0.125526
0.124419
0.122993
0.125301
0.123377
0.126976
0.124077
0.124209
0.122735
0.125427
0.125402
0.123334
0.124118
0.124633
0.124219
0.126494
0.121942
0.123449
0.122525
0.126862
0.126158
0.122389
0.123589
0.125833
0.123298
0.126512
0.126227
0.123117
0.124488
0.123145
0.123929
0.125006
0.125364
0.122380
0.124605
0.123967
0.128975
0.122980
0.126045
0.127160
0.125257
0.125545
0.125061
0.124262
0.123748
0.125303
0.123567
0.125807
0.124769
0.124292
0.125790
0.125097
0.123476
0.121967
0.125954
0.124437
0.123804
0.126333
0.124639
0.124059
0.124360
0.123284
0.123957
0.123017
0.125064
0.124573
0.122741
0.125989
0.124093
0.125839
0.125576
0.124208
0.126160
0.126397
0.124508
0.122300
0.124115
0.124132
0.126554
0.122719
0.122653
0.127622
0.124342
0.123499
0.124264
0.122025
0.121345
0.123265
0.121224
0.122876
0.123792
0.122805
0.124735
0.122149
0.123503
0.126357
0.125149
0.122161
0.124565
0.124909
0.122387
0.123836
0.122466
0.125717
0.124353
0.125886
0.122474
0.124394
0.121638
0.123725
0.124574
0.122722
0.125097
0.122707
0.126125
0.122670
0.124936
0.126851
0.123577
0.124060
0.123731
0.124483
0.124822
0.126163
0.122046
0.121614
0.125710
0.124620
0.125232
0.123424
0.126790
0.125722
0.124777
0.122140
0.124002
0.123738
0.122580
0.122974
0.124252
0.124542
0.122455
0.122822
0.123261
0.122543
0.123399
0.125160
0.124628
0.127620
0.122507
0.127876
0.124399
0.125152
0.125561
0.121653
0.123994
0.122356
0.123406
0.123157
0.124700
0.124318
0.123729
0.125624
0.121110
0.123138
0.126728
0.125014
0.125221
0.126716
0.123694
0.122422
0.125014
0.122890
0.125964
0.123234
0.125100
0.127082
0.124555
0.124586
0.126486
0.122975
0.123790
0.125055
0.123511
0.125726
0.126076
0.122225
0.124079
0.123614
0.122500
0.123039
0.123733
0.126521
0.122007
0.123533
0.122166
0.125431
0.124816
0.124068
0.121890
0.122428
0.124496
0.121956
0.123576
0.123681
0.123397
0.124961
0.124581
0.124839
0.123625
0.126472
0.122212
0.125444
0.126793
0.125733
0.126687
0.122372
0.126830
0.124533
0.124278
0.124602
0.123265
0.123757
0.126057
0.124874
0.125006
0.126528
0.123064
0.123777
0.122695
0.121618
0.124722
0.124504
0.126988
0.122702
0.125916
0.124154
0.125078
0.123954
0.123974
0.122211
0.123578
0.124635
0.124721
0.125595
0.126724
0.126344
0.124035
0.122252
0.123736
0.122190
0.125168
0.124097
0.120900
0.124629
0.125471
0.127205
0.124897
0.121438
0.124823
0.125017
0.124510
0.123851
0.125331
0.123119
0.125530
0.122076
0.125941
0.124093
0.125670
0.126094
0.125551
0.122838
0.125924
0.127036
0.125507
0.125813
0.122326
0.122987
0.124510
0.123731
0.125623
