0.414465
0.435690
0.425437
0.422824
0.425437
0.426318
0.424849
0.427755
0.420049
0.423314
0.421192
0.415380
0.422073
0.432849
0.428114
0.419951
0.440261
0.439869
0.425894
0.420278
0.434384
0.426057
0.427820
0.421257
0.429584
0.422204
0.423543
0.428604
0.421649
0.420376
0.427494
0.421257
0.428147
0.422694
0.435527
0.422629
0.419722
0.430269
0.428473
0.428833
0.424980
0.433110
0.417078
0.422824
0.424033
0.420473
0.424882
0.414237
0.429486
0.417927
0.426122
0.420212
0.421714
0.426155
0.416229
0.426514
0.417404
0.423869
0.421388
0.428310
0.424620
0.426580
0.426155
0.421355
0.415771
0.427135
0.428506
0.427527
0.421780
0.419788
0.428800
0.423543
0.421094
0.421355
0.415837
0.430694
0.424653
0.429355
0.420996
0.423314
0.427788
0.423380
0.421943
0.428016
0.421257
0.419135
0.421714
0.426155
0.429943
0.428702
0.428114
0.413812
0.420539
0.416098
0.423020
0.418612
0.420735
0.426612
0.421551
0.424098
0.421910
0.424131
0.435592
0.419494
0.426351
0.420310
0.431902
0.434612
0.424261
0.427527
0.426155
0.426873
0.432490
0.412767
0.424653
0.421682
0.421976
0.432359
0.422008
0.431673
0.413649
0.421780
0.422041
0.412571
0.429486
0.425045
0.418514
0.428049
0.418449
0.425698
0.415053
0.429029
0.417927
0.423184
0.419298
0.424033
0.422433
0.426220
0.427363
0.418612
0.422073
0.429029
0.428082
0.429453
0.417502
0.424588
0.415380
0.426710
0.431739
0.419657
0.435233
0.415086
0.420800
0.420800
0.424751
0.420604
0.429943
0.428898
0.420898
0.429747
0.428898
0.425176
0.418384
0.429061
0.427396
0.421388
0.421649
0.429584
0.418384
0.429649
0.422237
0.427265
0.428441
0.423641
0.416098
0.419984
0.427690
0.427918
0.422629
0.421910
0.417796
0.421322
0.414367
0.418580
0.420245
0.424196
0.417665
0.429845
0.431086
0.423118
0.436049
0.417371
0.426384
0.409698
0.417894
0.420408
0.419755
0.422727
0.421192
0.420147
0.426939
0.426776
0.429780
0.417241
0.426482
0.424294
0.429649
0.419657
0.415673
0.421812
0.420082
0.424294
0.431412
0.428571
0.419559
0.425927
0.417763
0.423837
0.421845
0.429355
0.428245
0.424816
0.422106
0.416653
0.435331
0.417535
0.424816
0.430694
0.419820
0.420408
0.422890
0.426286
0.420833
0.421388
0.433535
0.419167
0.420049
0.429420
0.414106
0.418090
0.417273
0.423184
0.430204
0.423380
0.425698
0.436408
0.426971
0.427037
0.422367
0.426841
0.421551
0.430531
0.429812
0.427592
0.420212
0.422596
0.427820
0.423118
0.433371
0.422465
0.425241
0.424294
0.431347
0.428310
0.425437
0.431967
0.432000
0.429584
0.427886
0.421551
0.428310
0.428669
0.420506
0.423086
0.428637
0.424816
0.418122
0.428114
0.435233
0.415216
0.422988
0.414857
0.415282
0.426808
0.429388
0.433078
0.436931
0.425665
0.425535
0.433045
0.421976
0.427233
0.423478
0.419984
0.420212
0.421812
0.429682
0.430727
0.420898
0.418188
0.424718
0.424359
0.428245
0.431314
0.426841
0.421355
0.418547
0.422727
0.424947
0.430792
0.419494
0.427951
0.421812
0.438759
0.426090
0.421486
0.430629
0.420702
0.435069
0.427233
0.417535
0.425469
0.411200
0.421943
0.421029
0.426384
0.428800
0.414890
0.425796
0.421976
0.422890
0.428473
0.419559
0.427657
0.436408
0.425502
0.425959
0.425273
0.427820
0.420180
0.423184
0.430008
0.421420
0.425600
0.437649
0.412996
0.420343
0.430759
0.419624
0.423282
0.422563
0.419004
0.427820
0.426808
0.421649
0.441502
0.418351
0.422367
0.421812
0.433567
0.427853
0.414596
0.420506
0.416751
0.419918
0.422302
0.430041
0.429584
0.410906
0.427200
0.429780
0.420245
0.429159
0.418024
0.428571
0.425535
0.416261
0.412539
0.420506
0.425339
0.416229
0.426873
0.422890
0.431576
0.417371
0.430400
0.425045
0.422302
0.424294
0.429453
0.428833
0.416327
0.428147
0.420212
0.414890
0.433306
0.422922
0.423771
0.421453
0.431967
0.433208
0.424065
0.424359
0.425829
0.419984
0.424849
0.425829
0.425959
0.420702
0.425469
0.430857
0.415869
0.423543
0.421486
0.415249
0.433959
0.428408
0.424816
0.421943
0.425992
0.423673
0.422041
0.428800
0.423151
0.416980
0.429127
0.421388
0.426841
0.431151
0.423543
0.433731
0.418253
0.426841
0.415118
0.431118
0.419624
0.420898
0.433469
0.435820
0.431804
0.424131
0.431739
0.431380
0.426318
0.424294
0.417861
0.423739
0.419494
0.435461
0.429682
0.417502
0.435102
0.406661
0.426220
0.423282
0.417502
0.430629
0.424490
0.427559
0.428931
0.421682
0.424033
0.436539
0.428473
0.422629
0.414302
0.426841
0.428114
0.420114
0.416686
0.428637
0.422824
0.429943
0.426678
0.429780
0.425535
0.433110
0.421355
0.427494
0.429616
0.421388
0.425143
0.423118
0.426286
0.421845
0.422596
0.419918
0.437322
0.429159
0.424980
0.431478
0.429453
0.418645
0.424392
0.422237
0.427298
0.421878
0.432261
0.431347
0.417665
0.424522
0.439053
0.424849
0.431967
0.434057
0.429518
0.431184
0.414073
0.412180
0.422171
0.415412
0.429682
0.427820
0.425045
0.429159
0.419004
0.414824
0.421747
0.429322
0.425633
0.426122
0.431118
0.428865
0.419527
0.425078
0.424229
0.427396
0.419298
0.421486
0.422269
0.427788
0.426612
0.424555
0.419886
0.429878
0.423445
0.426090
0.429257
0.425078
0.432065
0.425992
0.428278
0.425567
0.420082
0.426906
0.428408
0.428441
0.417665
0.422857
0.427918
0.432196
0.421094
0.427037
0.417665
0.429224
0.424000
0.429420
0.423184
0.421845
0.424163
0.420343
0.427461
0.428800
0.424914
0.428147
0.420506
0.417959
0.424033
0.419363
0.423673
0.421976
0.427690
0.419298
0.421094
0.418449
0.434743
0.420376
0.426841
0.419037
0.416327
0.427951
0.424294
0.419690
