0.121874
0.124257
0.125731
0.125692
0.123601
0.122234
0.124162
0.123484
0.124777
0.125757
0.128565
0.125512
0.130296
0.124734
0.122475
0.124025
0.123781
0.125265
0.124181
0.126318
0.123907
0.122584
0.124573
0.123648
0.122167
0.125870
0.124674
0.121591
0.124695
0.124351
0.123260
0.125571
0.124463
0.124701
0.124855
0.122412
0.126669
0.126347
0.121381
0.124807
0.123336
0.124718
0.123152
0.123916
0.124614
0.125855
0.124953
0.122595
0.123419
0.126158
0.122923
0.121377
0.124230
0.124586
0.124324
0.122390
0.122828
0.125323
0.126100
0.124583
0.123646
0.122539
0.123154
0.126416
0.124755
0.127061
0.125509
0.121275
0.123359
0.125692
0.125027
0.126254
0.123729
0.126255
0.126017
0.125786
0.121159
0.124444
0.122065
0.123386
0.124679
0.127779
0.123773
0.122092
0.122601
0.124739
0.125384
0.122188
0.124755
0.127377
0.120645
0.123619
0.124062
0.126691
0.121730
0.125967
0.124714
0.122744
0.126363
0.120218
0.125312
0.124791
0.127155
0.122558
0.126147
0.124303
0.123387
0.124789
0.124786
0.126525
0.122821
0.126687
0.124871
0.120577
0.124766
0.125913
0.125039
0.120631
0.124451
0.125343
0.119553
0.123221
0.122895
0.125381
0.124392
0.123809
0.125439
0.121848
0.122048
0.121263
0.122821
0.125658
0.123027
0.127147
0.124588
0.123649
0.124263
0.120354
0.122544
0.124104
0.123938
0.121699
0.124753
0.125932
0.124513
0.121664
0.129324
0.121205
0.125827
0.124484
0.125895
0.124080
0.125490
0.119460
0.124985
0.125239
0.123497
0.123896
0.124204
0.124401
0.124553
0.128558
0.122319
0.127735
0.123661
0.122235
0.128299
0.122810
0.123199
0.123921
0.125155
0.129453
0.124101
0.126038
0.124889
0.124316
0.124380
0.123255
0.125799
0.123160
0.124108
0.126053
0.122558
0.129290
0.125585
0.125973
0.125368
0.120494
0.124272
0.123880
0.126552
0.125721
0.122324
0.122191
0.122409
0.126042
0.123609
0.122350
0.124618
0.122422
0.124389
0.122864
0.124223
0.124220
0.121808
0.122076
0.123242
0.123900
0.125109
0.123419
0.122477
0.122025
0.122164
0.126138
0.124439
0.122857
0.123664
0.124961
0.128241
0.124151
0.124839
0.123373
0.124551
0.124178
0.127849
0.122074
0.124029
0.127405
0.125500
0.125780
0.124912
0.120503
0.124361
0.121916
0.126715
0.124120
0.125632
0.124898
0.122607
0.126933
0.121310
0.122847
0.123116
0.127001
0.124551
0.123159
0.122302
0.121585
0.126939
0.125983
0.121095
0.120633
0.127477
0.122735
0.125160
0.126982
0.129322
0.127818
0.123624
0.121975
0.121265
0.125876
0.123658
0.119748
0.119606
0.126953
0.118818
0.125846
0.124790
0.122774
0.124397
0.127158
0.125074
0.123247
0.124302
0.124812
0.127348
0.126678
0.120517
0.123373
0.121111
0.123566
0.122741
0.124934
0.123198
0.123418
0.124056
0.128710
0.126517
0.125011
0.123171
0.124204
0.123070
0.125547
0.125207
0.124867
0.122753
0.120959
0.125350
0.125176
0.122082
0.120726
0.124023
0.123805
0.123556
0.122812
0.123262
0.124192
0.122978
0.124287
0.123668
0.124078
0.122631
0.124910
0.125055
0.126090
0.123155
0.122886
0.125008
0.125399
0.123868
0.124475
0.125922
0.122857
0.124841
0.127338
0.124196
0.123122
0.123624
0.123807
0.121401
0.122551
0.123175
0.124271
0.125031
0.123864
0.122637
0.123439
0.122992
0.123207
0.122288
0.127956
0.124175
0.124643
0.125825
0.125531
0.123805
0.124923
0.122996
0.122952
0.125194
0.125638
0.127186
0.124801
0.126722
0.122665
0.123150
0.124965
0.126376
0.125270
0.123036
0.125714
0.122456
0.124687
0.125346
0.124864
0.124157
0.122152
0.124484
0.123584
0.125352
0.126806
0.128392
0.121349
0.124566
0.125051
0.122450
0.125105
0.122972
0.123978
0.126350
0.123117
0.122368
0.125144
0.121657
0.123781
0.124721
0.124054
0.122323
0.123777
0.123305
0.122235
0.123746
0.126083
0.120246
0.126315
0.123657
0.124400
0.124903
0.125375
0.124845
0.123236
0.123621
0.126721
0.122669
0.125319
0.122221
0.122496
0.123465
0.124188
0.125566
0.124147
0.120079
0.125277
0.125408
0.125513
0.123429
0.121229
0.128159
0.122300
0.125231
0.121458
0.124008
0.122701
0.125638
0.128156
0.122771
0.121780
0.125690
0.125027
0.125339
0.127643
0.118512
0.123786
0.125047
0.121579
0.122516
0.123308
0.121945
0.124992
0.122972
0.123103
0.124565
0.128712
0.120088
0.124115
0.121766
0.122032
0.124441
0.122536
0.120223
0.126468
0.123488
0.125828
0.121778
0.119046
0.125677
0.124862
0.125628
0.121526
0.128358
0.122373
0.123890
0.126528
0.123430
0.122170
0.124869
0.124861
0.125066
0.123920
0.125794
0.124253
0.125699
0.122734
0.122545
0.126055
0.126016
0.125118
0.123764
0.125117
0.123054
0.125629
0.125395
0.124097
0.126056
0.127907
0.125185
0.124788
0.124973
0.125000
0.125290
0.124027
0.121422
0.125201
0.123448
0.121658
0.124102
0.125035
0.125892
0.123540
