0.124071
0.125354
0.125353
0.123493
0.124937
0.125789
0.125141
0.126065
0.124266
0.124928
0.123943
0.124066
0.124859
0.123688
0.122969
0.125023
0.122908
0.124060
0.122591
0.124805
0.123672
0.124673
0.123331
0.122563
0.125047
0.122583
0.125253
0.123659
0.123494
0.124107
0.124917
0.122760
0.123652
0.122888
0.126532
0.123074
0.124335
0.125751
0.122887
0.125354
0.122809
0.123450
0.123921
0.123971
0.124182
0.124022
0.124051
0.125623
0.124580
0.125869
0.123877
0.123755
0.124926
0.126681
0.122071
0.123239
0.124315
0.122898
0.124970
0.123304
0.122575
0.124601
0.123964
0.123862
0.123407
0.123040
0.123710
0.125533
0.124197
0.126270
0.125822
0.126204
0.121695
0.123970
0.123524
0.124148
0.125326
0.124595
0.123371
0.126051
0.123470
0.123660
0.123210
0.122737
0.124347
0.123944
0.124988
0.124014
0.123941
0.123656
0.124854
0.124006
0.124559
0.123674
0.123604
0.122627
0.124505
0.124650
0.123995
0.123679
0.124441
0.124992
0.123700
0.124646
0.125625
0.125033
0.125254
0.123934
0.123410
0.124888
0.125137
0.123148
0.123549
0.122627
0.124250
0.124069
0.125354
0.125002
0.122927
0.122222
0.123136
0.124733
0.126085
0.124808
0.122992
0.123732
0.124714
0.123736
0.124340
0.123320
0.124758
0.123681
0.122693
0.123432
0.121666
0.123603
0.121929
0.123418
0.122184
0.123627
0.123270
0.122854
0.124471
0.124416
0.122821
0.124251
0.122905
0.123230
0.123987
0.124928
0.126620
0.125645
0.124945
0.123402
0.124910
0.123416
0.127189
0.125655
0.124527
0.123660
0.125213
0.124462
0.124639
0.124549
0.122789
0.125279
0.122901
0.123627
0.123395
0.124971
0.124610
0.125566
0.123370
0.124238
0.122938
0.123549
0.125493
0.124179
0.122531
0.124180
0.123586
0.123956
0.123665
0.124043
0.125347
0.122588
0.125072
0.124396
0.123970
0.123580
0.123020
0.123445
0.124415
0.125404
0.122757
0.124194
0.123131
0.123384
0.124901
0.125034
0.125667
0.122306
0.126238
0.125024
0.123925
0.124500
0.123951
0.124813
0.124220
0.123859
0.122874
0.123561
0.123681
0.122584
0.124644
0.125019
0.124515
0.123272
0.124386
0.124192
0.124170
0.123900
0.124880
0.123501
0.125130
0.125603
0.123738
0.125286
0.124547
0.124553
0.124753
0.123309
0.126284
0.122590
0.126564
0.125805
0.123802
0.122925
0.123999
0.124609
0.122721
0.123988
0.123395
0.125816
0.125287
0.123683
0.123286
0.125317
0.125879
0.125756
0.124631
0.125193
0.123675
0.124337
0.123893
0.126629
0.123391
0.125511
0.123649
0.124256
0.122037
0.125371
0.123826
0.124898
0.125993
0.124675
0.124599
0.123396
0.121345
0.124050
0.125575
0.124882
0.122369
0.123007
0.122033
0.124914
0.123664
0.122907
0.124011
0.125569
0.123197
0.123716
0.125195
0.122200
0.125484
0.124171
0.124296
0.123042
0.125995
0.125812
0.122731
0.122456
0.124119
0.126426
0.124392
0.125034
0.124958
0.126141
0.125181
0.124551
0.124175
0.124489
0.122805
0.126080
0.123132
0.125968
0.124715
0.124032
0.126466
0.122685
0.122551
0.123956
0.123418
0.124804
0.123440
0.122773
0.122993
0.125473
0.123518
0.125633
0.123631
0.123857
0.123870
0.125115
0.122612
0.123865
0.124223
0.124094
0.125171
0.123603
0.124021
0.124112
0.123763
0.124634
0.123850
0.126700
0.124767
0.124378
0.124444
0.125612
0.125386
0.123460
0.125213
0.124716
0.123417
0.124224
0.122740
0.122189
0.122674
0.125107
0.125129
0.125789
0.123297
0.121211
0.123847
0.125308
0.123152
0.123794
0.124411
0.123730
0.123170
0.126489
0.123484
0.125770
0.123855
0.124823
0.123622
0.123725
0.124597
0.123875
0.123972
0.124661
0.123562
0.123303
0.122499
0.123740
0.124956
0.123923
0.122995
0.121291
0.124803
0.123926
0.125630
0.124777
0.124351
0.123537
0.124383
0.123947
0.122942
0.123251
0.126001
0.124874
0.123041
0.123264
0.123473
0.123407
0.122416
0.123516
0.124319
0.123567
0.122330
0.124092
0.123409
0.122585
0.123237
0.122754
0.124129
0.124342
0.126445
0.125698
0.124371
0.123125
0.123291
0.122751
0.123868
0.122813
0.121884
0.122319
0.123863
0.124153
0.124975
0.124322
0.122760
0.126165
0.124588
0.123246
0.124375
0.123796
0.125146
0.125166
0.124634
0.124901
0.123516
0.123209
0.124439
0.124010
0.123054
0.124841
0.125013
0.125678
0.123970
0.125153
0.124817
0.124789
0.124622
0.125467
0.122748
0.123900
0.122097
0.123376
0.124013
0.124953
0.124720
0.126267
0.123581
0.124786
0.122767
0.125392
0.125590
0.123237
0.123079
0.125068
0.124273
0.126248
0.124682
0.123177
0.124806
0.126396
0.123883
0.126699
0.123449
0.123818
0.123319
0.126359
0.124163
0.123504
0.123564
0.125737
0.125129
0.125478
0.124208
0.123834
0.125040
0.123890
0.125374
0.124601
0.124320
0.127017
0.123585
0.125404
0.122760
0.124772
0.122627
0.125054
0.123161
0.124829
0.123648
0.123544
0.122660
0.124664
