0.426252
0.425336
0.426450
0.423900
0.425064
0.419099
0.434321
0.412515
0.424791
0.431549
0.426004
0.427440
0.421054
0.426227
0.423504
0.418084
0.423034
0.440534
0.432316
0.422391
0.426178
0.426376
0.428158
0.420509
0.423306
0.424890
0.429791
0.426475
0.430781
0.425336
0.437118
0.427069
0.423133
0.429692
0.434544
0.431029
0.427489
0.422292
0.419841
0.429544
0.428331
0.427168
0.426425
0.426821
0.422737
0.417168
0.425460
0.432316
0.421004
0.420782
0.422811
0.434073
0.427465
0.422886
0.425683
0.422465
0.421400
0.434568
0.428158
0.419792
0.428405
0.418678
0.417663
0.419841
0.426351
0.412143
0.422836
0.427143
0.422341
0.430905
0.429692
0.423579
0.427267
0.426376
0.413950
0.414668
0.425435
0.426821
0.426499
0.427390
0.420980
0.430880
0.422787
0.419643
0.428158
0.423009
0.428356
0.428158
0.430930
0.425336
0.423999
0.417935
0.428356
0.427564
0.428405
0.429445
0.416376
0.410237
0.425485
0.426772
0.428108
0.429519
0.424742
0.434445
0.432737
0.428059
0.428925
0.427440
0.429321
0.422415
0.420856
0.426326
0.425559
0.421326
0.420064
0.429272
0.422069
0.429940
0.428579
0.435410
0.421004
0.423455
0.427390
0.428158
0.430732
0.428579
0.435286
0.436648
0.418158
0.431004
0.423282
0.419049
0.427836
0.430905
0.418727
0.431103
0.417267
0.426029
0.423381
0.428380
0.430608
0.431648
0.422193
0.434692
0.432786
0.429371
0.431821
0.421747
0.425485
0.426722
0.421772
0.433752
0.424296
0.430732
0.420732
0.421425
0.422143
0.422910
0.427069
0.424593
0.425559
0.424989
0.422564
0.424519
0.424519
0.434024
0.419074
0.419099
0.424470
0.423777
0.428182
0.425410
0.431276
0.424965
0.420782
0.429569
0.423678
0.414198
0.420806
0.424544
0.425980
0.423207
0.430262
0.426871
0.429494
0.421945
0.429866
0.430979
0.423183
0.422787
0.426796
0.427762
0.425732
0.424074
0.417688
0.422787
0.419049
0.422391
0.416821
0.428529
0.424618
0.416797
0.430806
0.433504
0.429445
0.419074
0.422539
0.424470
0.416648
0.427093
0.424247
0.419173
0.428950
0.430484
0.422440
0.434172
0.424173
0.429915
0.440732
0.431276
0.426549
0.423356
0.433900
0.425287
0.427044
0.422316
0.429346
0.423133
0.425806
0.419816
0.419841
0.423752
0.421796
0.417564
0.422638
0.424445
0.414297
0.420732
0.428925
0.426475
0.420361
0.426326
0.432960
0.419495
0.424816
0.426326
0.426673
0.413084
0.431474
0.419297
0.429791
0.427613
0.421227
0.425064
0.426598
0.423678
0.429296
0.423183
0.426871
0.423727
0.420782
0.416722
0.416970
0.429841
0.417143
0.426994
0.425534
0.426425
0.422688
0.424371
0.419990
0.427638
0.432291
0.434940
0.427291
0.423034
0.422168
0.432663
0.429494
0.420584
0.425658
0.433653
0.430138
0.425633
0.425410
0.420485
0.424989
0.426871
0.426301
0.423702
0.422118
0.431524
0.427564
0.419123
0.428702
0.429767
0.433950
0.426153
0.424272
0.426450
0.426103
0.423331
0.420683
0.428380
0.420633
0.423975
0.420212
0.418133
0.419693
0.421153
0.422787
0.427143
0.427836
0.418901
0.426128
0.422688
0.426103
0.421178
0.432786
0.427390
0.415510
0.424123
0.418752
0.429321
0.426549
0.429890
0.423702
0.423999
0.421202
0.429420
0.432143
0.429519
0.421945
0.429371
0.430930
0.415633
0.426796
0.435534
0.424173
0.421796
0.415014
0.437860
0.428207
0.423900
0.423529
0.429940
0.439197
0.422712
0.424816
0.422960
0.428059
0.425187
0.421351
0.422465
0.423653
0.429247
0.424395
0.419544
0.423554
0.425980
0.421499
0.436722
0.427192
0.423034
0.427242
0.432242
0.432613
0.428603
0.422737
0.429965
0.435583
0.435806
0.429470
0.423579
0.434915
0.420930
0.426648
0.422589
0.428504
0.430410
0.428653
0.427514
0.421376
0.424395
0.423752
0.425881
0.428628
0.431994
0.423257
0.422341
0.431623
0.422985
0.425732
0.423480
0.420856
0.426277
0.423455
0.424321
0.431672
0.413628
0.431970
0.425039
0.419346
0.421598
0.422861
0.422292
0.422836
0.417292
0.425262
0.429074
0.413455
0.428752
0.422712
0.417094
0.421202
0.426895
0.426648
0.420955
0.428529
0.417564
0.431648
0.421722
0.421376
0.429123
0.414123
0.428579
0.426549
0.428380
0.426697
0.428628
0.428182
0.409841
0.422613
0.428801
0.429123
0.420608
0.416623
0.433875
0.424717
0.428603
0.427267
0.425064
0.426697
0.423356
0.415485
0.423752
0.435212
0.434544
0.424049
0.432168
0.434172
0.427019
0.425410
0.434544
0.424445
0.427440
0.427291
0.428009
0.426623
0.429272
0.428331
0.428653
0.423826
0.428504
0.428356
0.422737
0.426970
0.422564
0.429890
0.421326
0.428430
0.431697
0.422663
0.429915
0.429989
0.423950
0.415089
0.424395
0.420410
0.426722
0.426079
0.428826
0.427539
0.416252
0.423628
0.428083
0.430534
0.427638
0.428603
0.417069
0.430286
0.421846
0.423059
0.427044
0.429346
0.428702
0.421772
0.422143
0.422490
0.423876
