0.422677
0.424731
0.426351
0.422736
0.423941
0.427536
0.420444
0.425363
0.424770
0.422993
0.420938
0.420938
0.421946
0.425640
0.426904
0.420662
0.417956
0.426923
0.413452
0.433659
0.432277
0.428602
0.424731
0.425738
0.420049
0.424237
0.432217
0.425402
0.426410
0.427674
0.433146
0.429136
0.422222
0.427338
0.422538
0.423862
0.421412
0.430558
0.423664
0.422262
0.421314
0.428958
0.419635
0.427812
0.423704
0.428109
0.425936
0.430558
0.422914
0.434212
0.435674
0.429096
0.428484
0.418627
0.431012
0.424474
0.424988
0.433541
0.423486
0.426390
0.412464
0.426785
0.422617
0.418469
0.424652
0.420563
0.418153
0.422973
0.420306
0.421768
0.426983
0.422202
0.429096
0.428523
0.420326
0.426173
0.431664
0.424000
0.423091
0.419733
0.419891
0.429294
0.428543
0.427674
0.424119
0.428840
0.425620
0.420998
0.425501
0.422084
0.423486
0.427319
0.422084
0.431210
0.429491
0.426133
0.423190
0.422459
0.425560
0.427556
0.428701
0.430064
0.435141
0.424612
0.429077
0.423644
0.419319
0.416711
0.420385
0.431526
0.427891
0.428030
0.430479
0.422578
0.424296
0.423664
0.425402
0.424257
0.420247
0.422005
0.416198
0.427536
0.424237
0.426904
0.424198
0.424494
0.421096
0.425995
0.430736
0.424138
0.417501
0.422064
0.419477
0.425422
0.415901
0.424277
0.412207
0.428919
0.429274
0.422637
0.423881
0.426864
0.426193
0.427714
0.430578
0.420267
0.427556
0.425738
0.424356
0.424573
0.424691
0.432830
0.426706
0.418686
0.420741
0.428207
0.422637
0.426509
0.423091
0.417956
0.428010
0.414321
0.421037
0.428089
0.428504
0.431783
0.423723
0.427654
0.422736
0.425264
0.423605
0.426904
0.430953
0.420346
0.429807
0.424257
0.430993
0.423210
0.415052
0.432198
0.418449
0.422933
0.430262
0.425225
0.434923
0.424040
0.427852
0.427477
0.428780
0.428346
0.422222
0.423862
0.429630
0.412919
0.426923
0.421333
0.427457
0.427477
0.422854
0.417086
0.419279
0.424790
0.418074
0.426272
0.434054
0.423723
0.426943
0.427121
0.430440
0.423368
0.427635
0.429610
0.422321
0.418568
0.429393
0.427654
0.427437
0.426647
0.424573
0.424691
0.427081
0.427832
0.414400
0.428346
0.418054
0.426884
0.424217
0.423763
0.422440
0.434133
0.431802
0.425146
0.417995
0.425402
0.428563
0.409837
0.422914
0.421491
0.422578
0.430519
0.422933
0.431881
0.432119
0.424158
0.427437
0.416593
0.422598
0.432217
0.427931
0.430835
0.429906
0.429077
0.425067
0.419062
0.426528
0.426449
0.423427
0.422262
0.426844
0.430321
0.422953
0.424454
0.420069
0.434864
0.424909
0.421353
0.427358
0.422064
0.420741
0.423368
0.424553
0.433896
0.422281
0.420978
0.420207
0.427319
0.421570
0.429195
0.421965
0.427062
0.417225
0.422519
0.425462
0.432830
0.418015
0.429847
0.425304
0.424632
0.418133
0.418548
0.420523
0.429926
0.432296
0.424474
0.427990
0.435477
0.419852
0.428642
0.415032
0.435654
0.417225
0.422163
0.428899
0.427615
0.430143
0.423151
0.429333
0.419832
0.424356
0.420998
0.427694
0.424731
0.423644
0.424178
0.424573
0.426390
0.417521
0.422202
0.434627
0.421728
0.425916
0.426647
0.427160
0.423723
0.420365
0.427141
0.429926
0.428840
0.428919
0.432573
0.433679
0.430420
0.426074
0.422894
0.429373
0.427911
0.432356
0.420148
0.432672
0.431723
0.430123
0.429096
0.423506
0.428543
0.419832
0.424336
0.428168
0.425027
0.432059
0.429195
0.428030
0.428879
0.425383
0.423605
0.418094
0.423605
0.426133
0.424948
0.423980
0.427338
0.420523
0.437590
0.420128
0.433304
0.431190
0.432237
0.419398
0.422933
0.430084
0.431328
0.419951
0.432533
0.425679
0.422756
0.428128
0.419220
0.429491
0.422874
0.425422
0.423170
0.423328
0.424474
0.423328
0.431012
0.432711
0.424198
0.419299
0.434291
0.426410
0.427556
0.430519
0.424968
0.424119
0.423881
0.428504
0.433225
0.421037
0.424553
0.427793
0.421886
0.425620
0.434588
0.425837
0.428523
0.421768
0.424928
0.424415
0.434074
0.419812
0.422894
0.425817
0.425047
0.427259
0.432138
0.425699
0.421965
0.424810
0.424237
0.424632
0.434410
0.426904
0.429827
0.429847
0.431526
0.427556
0.423723
0.422835
0.430242
0.426351
0.422143
0.427457
0.421353
0.429353
0.431526
0.421649
0.424277
0.429511
0.421886
0.422321
0.433995
0.437551
0.421274
0.423467
0.422400
0.425264
0.421590
0.420840
0.422854
0.426983
0.426449
0.424573
0.429669
0.431763
0.430558
0.424415
0.422637
0.423210
0.424079
0.422775
0.424138
0.430341
0.424356
0.429057
0.422163
0.425422
0.426509
0.428405
0.424553
0.421373
0.428049
0.427457
0.425560
0.431190
0.425679
0.427970
0.421017
0.419575
0.425027
0.426785
0.425106
0.434054
0.418904
0.423269
0.429570
0.428938
0.427141
0.433047
0.425995
0.429728
0.419931
0.418232
0.421017
0.435101
0.430262
0.431644
0.430933
0.424751
0.421728
0.422617
0.416691
0.425679
0.423822
0.432119
0.424672
0.423842
0.438993
0.426588
0.430993
0.415802
0.422973
0.426568
0.429057
0.412958
0.428049
0.429393
0.429333
0.433837
0.425560
0.431486
0.422400
0.428622
0.427496
0.426568
0.431980
0.423131
0.421057
0.419220
0.428622
0.428800
0.422933
0.431526
0.427536
0.424119
0.426193
0.429689
0.417857
0.420978
0.430519
0.428978
0.423052
0.419970
0.430894
0.423427
0.429156
0.421570
0.432968
0.425719
0.426706
0.424731
0.429096
0.418331
0.422795
0.424514
0.426390
0.414064
0.423585
0.423802
0.422044
0.428721
0.427654
0.427141
0.418667
0.424612
0.418864
0.422005
0.426765
0.430301
0.429412
0.425560
0.434390
0.422973
0.429215
0.427101
0.420701
0.430854
0.426331
0.429472
0.425560
0.426627
0.419635
0.424395
0.417264
0.436919
0.428859
0.418548
0.428721
0.431585
0.424514
0.424731
0.423644
0.419101
0.428326
0.429472
0.427042
0.425541
0.423249
0.423289
0.421393
0.426489
0.427832
0.427160
0.418864
0.408514
0.434726
0.416988
0.420306
0.429432
0.429748
0.423664
0.424237
0.420859
0.417580
0.428780
0.419931
0.418193
0.431072
0.425699
0.423743
0.427852
0.430479
0.418410
0.426627
0.430657
0.422440
0.421314
0.424810
0.429333
0.419595
0.428859
0.429175
0.430578
0.420425
0.426291
0.425047
0.422380
0.433047
0.424790
0.423526
0.425738
0.420840
0.423644
0.432059
0.424040
0.429788
0.416830
0.426272
0.424909
0.419240
0.429294
0.434588
0.422202
0.428128
0.430064
0.440296
0.434094
0.416336
0.425442
0.436622
0.424988
0.421630
0.429570
0.426015
0.422242
0.430953
0.427437
0.421314
0.431664
0.430400
0.427022
0.420958
0.432909
0.418351
0.423072
0.419240
0.434489
0.424000
0.428622
0.428543
0.424395
0.426805
0.420484
0.422440
0.427852
0.424751
0.419674
0.421274
0.435911
0.429985
0.425264
0.428425
0.426212
0.418054
0.423822
0.422143
0.421807
0.433659
0.425323
0.423783
0.430696
0.428444
0.420286
0.426311
0.425679
0.428188
0.429195
0.419081
0.430736
0.424217
0.423842
0.429847
0.425521
0.419575
0.430795
0.424178
0.416770
0.427931
0.429610
0.418212
0.428425
0.423960
0.424652
0.426390
0.424119
0.433560
0.426726
0.429274
0.420938
0.439249
0.432040
0.422716
0.418667
0.422341
0.425699
0.422953
0.420247
0.417067
0.424059
0.433126
0.428030
0.426489
0.430459
0.426252
0.420385
0.430677
0.419931
0.431783
0.435002
0.435457
0.423743
0.433106
