0.190464
0.243776
0.212672
0.232768
0.214144
0.249984
0.280192
0.221760
0.242368
0.198464
0.417472
0.425920
0.418176
0.428672
0.417920
0.429056
0.417472
0.418624
0.433856
0.422656
0.425792
0.424704
0.421888
0.413568
0.415296
0.421760
0.428096
0.414784
0.409920
0.419904
0.412160
0.428544
0.427008
0.414272
0.420992
0.425152
0.427200
0.421312
0.419264
0.433664
0.405248
0.417792
0.410496
0.425408
0.418880
0.428416
0.422272
0.410944
0.406528
0.430208
0.412800
0.438016
0.420928
0.421184
0.422272
0.418432
0.416960
0.425152
0.422784
0.425856
0.434176
0.406144
0.426816
0.413440
0.415616
0.430144
0.422784
0.428480
0.432896
0.414976
0.254592
0.274240
0.225664
0.246464
0.206720
0.228352
0.247296
0.258240
0.279168
0.226624
0.231744
0.260288
0.228672
0.218880
0.245184
0.239744
0.198016
0.242560
0.245760
0.238016
0.243264
0.228608
0.275520
0.198336
0.210944
0.225792
0.253824
0.265408
0.224000
0.206208
0.245696
0.258880
0.253952
0.262016
0.224704
0.249984
0.225728
0.221120
0.255872
0.231424
0.251264
0.287488
0.233024
0.218304
0.240448
0.259520
0.222912
0.251968
0.227072
0.259328
0.307776
0.251840
0.259712
0.228224
0.233024
0.171968
0.215296
0.167552
0.279936
0.236224
0.279488
0.243776
0.259392
0.265920
0.236608
0.220352
0.264384
0.268864
0.212736
0.257216
0.204032
0.269376
0.240960
0.229184
0.236096
0.243200
0.249088
0.172800
0.250880
0.270208
0.247872
0.239424
0.200512
0.194752
0.221056
0.250432
0.205376
0.240384
0.215168
0.231296
0.248704
0.231424
0.226176
0.238784
0.250496
0.246272
0.271424
0.294912
0.186624
0.273472
0.210944
0.247936
0.199168
0.220480
0.274432
0.241088
0.236288
0.229248
0.222656
0.269760
0.265984
0.219904
0.206784
0.225984
0.204224
0.299264
0.214464
0.257408
0.234688
0.249344
0.204608
0.212608
0.233856
0.250688
0.244224
0.241728
0.200704
0.275264
0.268288
0.212736
0.183744
0.257792
0.250624
0.256640
0.278656
0.198144
0.233920
0.201088
0.233856
0.255104
0.281664
0.266560
0.223936
0.261184
0.218880
0.297984
0.241920
0.271872
0.213184
0.235968
0.192064
0.224832
0.243008
0.215296
0.285120
0.265216
0.256256
0.207872
0.301056
0.286528
0.285248
0.289664
0.252096
0.222528
0.198336
0.268672
0.245888
0.196480
0.237056
0.262528
0.249984
0.290432
0.255104
0.259840
0.251200
0.202752
0.259904
0.222144
0.253760
0.258240
0.215424
0.258752
0.255296
0.249792
0.257728
0.202368
0.209920
0.197952
0.218240
0.167360
0.214720
0.257536
0.263936
0.231424
0.186560
0.237440
0.281088
0.245568
0.277376
0.260480
0.214976
0.203136
0.229888
0.222592
0.228416
0.213696
0.180160
0.285184
0.193152
0.208768
0.229504
0.204416
0.207680
0.181120
0.232512
0.239488
0.254400
0.268992
0.254144
0.281600
0.258752
0.277376
0.252864
0.228032
0.204160
0.241728
0.228672
0.266944
0.217792
0.228480
0.250176
0.200128
0.215936
0.217216
0.290560
0.238848
0.230272
0.249600
0.229312
0.255680
0.244352
0.228032
0.235392
0.189888
0.250304
0.217152
0.225408
0.242752
0.211456
0.248064
0.211776
0.199104
0.270208
0.210880
0.232896
0.210304
0.232256
0.251264
0.201408
0.221952
0.179392
0.223488
0.172480
0.177536
0.248832
0.204992
0.250816
0.270848
0.218176
0.267584
0.199936
0.231936
0.245184
0.248832
0.208704
0.265216
0.216896
0.222976
0.194880
0.211200
0.252032
0.189952
0.262016
0.288384
0.231232
0.221248
0.180160
0.169920
0.246720
0.283520
0.168576
0.247040
0.195904
0.217856
0.255744
0.251648
0.242112
0.216320
0.193920
0.246784
0.275072
0.150464
0.211968
0.237504
0.260736
0.211840
0.277696
0.215552
0.155008
0.250624
0.267648
0.257280
0.246720
0.217472
0.246848
0.223808
0.166976
0.253888
0.250176
0.271168
0.235264
0.216128
0.168768
0.203520
0.217216
0.181056
0.233600
0.199168
0.243776
0.241088
0.283264
0.222976
0.198400
0.285632
0.218496
0.244224
0.234304
0.278784
0.246016
0.216128
0.238464
0.263872
0.221760
0.232960
0.182592
0.266240
0.219392
0.244096
0.247232
0.158720
0.224960
0.268864
0.233024
0.251264
0.250496
0.239360
0.209920
0.245376
0.255168
0.207104
0.256320
0.196672
0.259392
0.242112
0.231680
0.183936
0.284352
0.164288
0.244608
0.211264
0.227712
0.226560
0.215552
0.236288
0.182016
0.243776
0.266688
0.213632
0.257408
0.238912
0.188608
0.158272
0.214976
0.248896
0.228096
0.217792
0.218176
0.264832
0.248320
0.287872
0.227712
0.260544
0.174592
0.177216
0.199744
0.261312
0.245440
0.223680
0.218368
0.218368
0.219392
0.235264
0.235008
0.291584
0.284096
0.262336
0.270784
0.247296
0.323840
0.256832
0.221760
0.263872
0.273856
0.249984
0.246592
0.204928
0.230656
0.215744
0.230272
0.204608
0.274880
0.206656
0.272576
0.222592
0.230976
0.267968
0.204992
0.279616
0.263040
0.230080
0.250368
0.254528
0.240000
0.200960
0.255424
0.265984
0.257280
0.244928
0.198272
0.222080
0.254400
0.241152
0.328320
0.245824
0.209792
0.248896
0.277760
0.264704
0.234688
0.215296
0.255744
0.262720
0.197760
0.213056
0.263104
0.219392
0.222464
0.220928
0.215680
0.203456
0.237760
0.252096
0.181120
0.156672
0.243776
0.236480
0.245952
0.201152
0.262912
0.250176
0.263424
0.200192
0.226112
0.283456
0.226944
0.170432
0.269056
0.239680
0.181568
0.284032
0.210432
0.214912
0.209856
0.276480
0.229568
0.229376
0.265408
0.214912
0.224768
0.285312
0.238912
0.222208
0.278464
0.250560
0.246080
0.256256
0.247104
0.240896
0.235072
0.247232
0.243584
0.257856
0.213952
0.255488
0.258304
0.221376
0.228736
0.210560
0.252864
0.233280
0.228608
0.233664
0.252096
0.266944
0.224640
0.196992
0.254144
0.233216
0.194880
0.236864
0.202560
0.279552
0.225280
0.271296
0.207040
0.196480
0.193984
0.247232
0.225920
0.193920
0.275776
0.223616
0.239360
0.250240
0.230592
