0.427102
0.427958
0.434162
0.428621
0.429024
0.431792
0.427092
0.429782
0.423715
0.427633
0.424364
0.429024
0.431266
0.427466
0.430086
0.428887
0.425150
0.427810
0.427579
0.427304
0.426242
0.424895
0.432019
0.421301
0.427156
0.429993
0.427476
0.428808
0.429570
0.430032
0.426188
0.430121
0.424708
0.430578
0.432923
0.425647
0.427840
0.429718
0.428248
0.425721
0.429241
0.424305
0.430086
0.426537
0.429924
0.429993
0.428818
0.428036
0.425627
0.425903
0.428666
0.428705
0.423592
0.426920
0.425721
0.425853
0.426901
0.426950
0.426871
0.424767
0.429059
0.426409
0.428602
0.427554
0.427333
0.432004
0.423951
0.429098
0.428454
0.428720
0.423626
0.426881
0.429044
0.423557
0.427648
0.429054
0.428503
0.427712
0.428287
0.429496
0.429605
0.421783
0.426173
0.425249
0.427368
0.429973
0.431409
0.424423
0.426089
0.426360
0.424605
0.425701
0.430362
0.430219
0.429256
0.427382
0.425416
0.428941
0.426394
0.428282
0.432864
0.421640
0.428557
0.429963
0.427417
0.429732
0.424978
0.428189
0.424388
0.423680
0.424005
0.427589
0.426414
0.425740
0.429172
0.426758
0.425175
0.430534
0.427210
0.429904
0.431758
0.424546
0.428862
0.425829
0.426340
0.429319
0.427230
0.427294
0.428410
0.428656
0.429069
0.424855
0.425549
0.427786
0.427687
0.430898
0.430219
0.425204
0.428715
0.427918
0.431060
0.433144
0.428154
0.430101
0.426143
0.428080
0.428921
0.426419
0.427471
0.429315
0.429374
0.429457
0.426433
0.427707
0.428100
0.427215
0.426517
0.430367
0.433213
0.423926
0.428577
0.427977
0.426075
0.425898
0.427461
0.427643
0.425819
0.424944
0.432171
0.426940
0.427166
0.428400
0.427540
0.427269
0.428336
0.428847
0.423882
0.424723
0.426424
0.428464
0.428164
0.430627
0.427505
0.429098
0.428218
0.428395
0.428449
0.425721
0.427141
0.427928
0.427525
0.427849
0.430789
0.423641
0.431547
0.425608
0.430853
0.427618
0.427092
0.429708
0.428036
0.427412
0.429069
0.427019
0.424747
0.427766
0.428144
0.430362
0.431748
0.426655
0.426964
0.430676
0.425013
0.429403
0.424855
0.424270
0.428095
0.428670
0.422761
0.426812
0.431660
0.426340
0.427146
0.431399
0.431674
0.424024
0.428828
0.429782
0.429044
0.430278
0.429133
0.426355
0.430239
0.428552
0.424005
0.429339
0.426316
0.428690
0.425509
0.425416
0.430755
0.428312
0.429177
0.426566
0.427412
0.428351
0.426601
0.427633
0.424565
0.434182
0.430047
0.426625
0.430008
0.423759
0.425662
0.432977
0.428931
0.426375
0.426964
0.427230
0.426738
0.428813
0.425042
0.425598
0.429968
0.429668
0.428852
0.426610
0.426945
0.427510
0.428808
0.428705
0.426114
0.424447
0.425160
0.426969
0.426665
0.427314
0.430814
0.422658
0.423095
0.427004
0.421783
0.422992
0.424521
0.424300
0.425765
0.427800
0.425740
0.429634
0.429831
0.431974
0.426320
0.428626
0.425962
0.428449
0.428179
0.428523
0.426237
0.429039
0.426178
0.429673
0.426851
0.425937
0.428154
0.429590
0.425386
0.431384
0.434128
0.427318
0.426694
0.423980
0.427741
0.428228
0.427908
0.427087
0.430612
0.426375
0.426571
0.428680
0.427869
0.426409
0.426935
0.425342
0.427879
0.429020
0.430706
0.431861
0.428076
0.425155
0.423474
0.427422
0.427918
0.426802
0.431969
0.428223
0.428420
0.429354
0.427068
0.422904
0.424452
0.427845
0.431016
0.429978
0.428336
0.434251
0.431247
0.422825
0.427810
0.431448
0.428444
0.427613
0.428828
0.428434
0.427397
0.425868
0.424870
0.428911
0.429954
0.428872
0.429816
0.428017
0.422210
0.430986
0.430568
0.425878
0.425022
0.429993
0.424895
0.426846
0.426266
0.424442
0.427658
0.434959
0.429069
0.426547
0.426045
0.426512
0.422314
0.427343
0.425106
0.420175
0.429206
0.428779
0.426153
0.430332
0.433159
0.431291
0.426871
0.428464
0.428321
0.427171
0.431266
0.427899
0.429142
0.430047
0.427815
0.424796
0.424054
0.429334
0.434187
0.425431
0.424182
0.424919
0.423577
0.423474
0.429118
0.424963
0.431345
0.428135
0.428297
0.428017
0.431950
0.434300
0.430293
0.428302
0.427456
0.429634
0.425121
0.427033
0.426286
0.428282
0.424944
0.431473
0.431738
0.427849
0.427137
0.432309
0.427171
0.427181
0.426935
0.423538
0.427648
0.430524
0.431586
0.429054
0.428597
0.428857
0.431886
0.428479
0.425396
0.428592
0.426217
0.427510
0.429270
0.427171
0.428420
0.428680
0.427456
0.427987
0.430701
0.430726
0.429074
0.429241
0.425681
0.429978
0.431045
0.427279
0.424944
0.428036
0.426660
0.428862
0.426316
0.429605
0.425313
0.429201
0.426901
0.430740
0.430037
0.429796
0.428218
0.428208
0.423469
0.425514
0.430101
0.426301
0.431409
0.427849
0.427771
0.430032
0.428076
0.428803
0.430376
0.428985
0.426517
0.426930
0.428228
0.428449
0.428852
0.429550
0.425490
0.430780
0.426252
0.429079
0.428076
0.430858
0.431763
0.425947
0.427707
0.428548
