0.125060
0.123842
0.123028
0.122249
0.126701
0.125228
0.124084
0.124640
0.125905
0.123793
0.125853
0.125540
0.123419
0.124447
0.124169
0.123907
0.123971
0.123642
0.125254
0.124535
0.122926
0.125355
0.125393
0.125710
0.123991
0.125494
0.123244
0.123160
0.124248
0.124732
0.124209
0.125037
0.125925
0.125966
0.126249
0.126419
0.125199
0.124646
0.125737
0.123360
0.124190
0.123222
0.124338
0.123344
0.122321
0.125512
0.124059
0.126053
0.123915
0.123053
0.125137
0.123787
0.121603
0.124847
0.124018
0.122945
0.122267
0.123445
0.123444
0.122052
0.124068
0.126214
0.125872
0.123123
0.124535
0.122608
0.122932
0.127237
0.124643
0.124467
0.124440
0.122942
0.125210
0.123895
0.123109
0.123613
0.124469
0.124018
0.124162
0.123627
0.125498
0.122723
0.125035
0.123773
0.123966
0.123989
0.121691
0.124610
0.125775
0.125608
0.125736
0.127126
0.123535
0.124832
0.125381
0.123747
0.125470
0.123086
0.122662
0.123810
0.124025
0.123470
0.124802
0.123871
0.123693
0.123820
0.123227
0.122468
0.125730
0.124645
0.122744
0.124699
0.123766
0.125085
0.123116
0.124372
0.125144
0.123695
0.122419
0.126632
0.124392
0.123888
0.122767
0.123962
0.123543
0.123178
0.124519
0.125978
0.123468
0.123499
0.122922
0.122107
0.125173
0.122927
0.125452
0.124342
0.123881
0.122874
0.123525
0.124877
0.123439
0.122874
0.125292
0.126378
0.126205
0.124659
0.123950
0.122163
0.123353
0.122012
0.122632
0.123402
0.123162
0.124751
0.122768
0.124998
0.123999
0.126675
0.122103
0.124192
0.124424
0.126317
0.123404
0.125139
0.126707
0.123729
0.123685
0.126104
0.124203
0.122557
0.122161
0.122470
0.124441
0.123959
0.125258
0.124372
0.124560
0.124709
0.121300
0.125853
0.124382
0.125793
0.124909
0.121771
0.124132
0.125272
0.124374
0.126380
0.122978
0.124037
0.122587
0.123177
0.122724
0.125573
0.125559
0.122081
0.123998
0.123689
0.124605
0.124747
0.122439
0.122638
0.123563
0.125099
0.125586
0.124500
0.123890
0.125408
0.125282
0.122690
0.124516
0.125002
0.124334
0.122972
0.123931
0.123992
0.122416
0.124866
0.125510
0.124065
0.123768
0.124899
0.124786
0.122030
0.126019
0.124695
0.122645
0.124593
0.121849
0.124182
0.123604
0.122399
0.125128
0.124720
0.124240
0.122974
0.125412
0.125479
0.125207
0.123291
0.125233
0.124440
0.126074
0.124098
0.123206
0.123990
0.124710
0.124438
0.124396
0.126847
0.124364
0.123099
0.123451
0.125953
0.122864
0.123813
0.124266
0.125519
0.125027
0.123018
0.126222
0.124807
0.125223
0.125440
0.126980
0.124717
0.123408
0.120387
0.122723
0.125575
0.123762
0.126091
0.124663
0.126518
0.121398
0.122997
0.125124
0.127162
0.124113
0.124942
0.124777
0.123559
0.122273
0.124342
0.125301
0.123729
0.125681
0.125038
0.124813
0.124262
0.124797
0.125527
0.126198
0.123739
0.123214
0.125194
0.124184
0.124474
0.122302
0.122962
0.124898
0.124030
0.123582
0.125111
0.122291
0.122996
0.123907
0.126531
0.123944
0.123754
0.125477
0.126286
0.127041
0.125397
0.124760
0.124489
0.122872
0.123774
0.124680
0.124579
0.123833
0.123048
0.123350
0.124356
0.125828
0.123942
0.124081
0.124436
0.123314
0.124086
0.123148
0.122793
0.122177
0.123737
0.124296
0.123193
0.125967
0.124006
0.118632
0.124280
0.123529
0.125614
0.123438
0.124995
0.126343
0.124878
0.127608
0.122472
0.123430
0.124289
0.126238
0.122023
0.126272
0.121142
0.122672
0.125765
0.124876
0.123583
0.124957
0.121880
0.126402
0.124125
0.122789
0.123036
0.123128
0.124114
0.122018
0.126197
0.124343
0.123867
0.123091
0.124885
0.124015
0.123329
0.124555
0.123584
0.123485
0.122922
0.124396
0.126928
0.122796
0.125516
0.123256
0.123592
0.123183
0.121263
0.123213
0.121723
0.123712
0.123245
0.124057
0.125432
0.124358
0.122316
0.123010
0.122555
0.123037
0.125883
0.124965
0.124105
0.124469
0.125249
0.123573
0.125136
0.126965
0.125403
0.123432
0.124093
0.124424
0.122966
0.122919
0.123836
0.123764
0.124098
0.122831
0.123223
0.127276
0.125099
0.123049
0.124426
0.125468
0.122088
0.124264
0.124851
0.123292
0.123907
0.121621
0.123878
0.124090
0.123932
0.123393
0.123993
0.122302
0.123460
0.124234
0.125114
0.126639
0.122588
0.124308
0.123431
0.123693
0.122387
0.124000
0.126401
0.125785
0.125508
0.123019
0.122288
0.123936
0.125164
0.123267
0.123778
0.122432
0.125526
0.123617
0.122664
0.124474
0.122886
0.125519
0.125455
0.123891
0.124519
0.124481
0.124722
0.125005
0.122331
0.124180
0.123801
0.125580
0.125503
0.125528
0.122876
0.123570
0.123701
0.125026
0.126332
0.125567
0.124030
0.122788
0.125534
0.124393
0.122827
0.125405
0.123492
0.123605
0.121818
0.126218
0.122342
0.124967
0.123900
0.124489
0.122588
0.123354
0.125100
0.124086
0.122833
0.121742
0.123444
0.124387
0.122877
