0.422817
0.426064
0.429510
0.424303
0.425146
0.430514
0.430646
0.427096
0.425250
0.425676
0.423252
0.427115
0.422466
0.433515
0.425212
0.425449
0.427901
0.429188
0.429264
0.431489
0.424398
0.429302
0.423224
0.431176
0.426878
0.421728
0.425344
0.429822
0.430589
0.427588
0.432928
0.422854
0.429822
0.435579
0.427238
0.426073
0.422570
0.425941
0.434168
0.425960
0.427191
0.423432
0.429425
0.428677
0.426168
0.428630
0.427333
0.425325
0.424795
0.428791
0.432814
0.421131
0.426348
0.434462
0.432843
0.432540
0.428289
0.424587
0.431432
0.427437
0.435721
0.427654
0.426405
0.423366
0.433297
0.421141
0.425146
0.428611
0.434291
0.429434
0.429870
0.422107
0.433098
0.419389
0.422457
0.428734
0.420488
0.424587
0.431621
0.427323
0.432975
0.430163
0.428951
0.424880
0.424009
0.424379
0.425695
0.425231
0.425875
0.427579
0.427342
0.427929
0.424691
0.430514
0.424540
0.419929
0.424805
0.429283
0.422523
0.426850
0.429936
0.429472
0.429889
0.429841
0.423612
0.424038
0.424975
0.426187
0.426073
0.427929
0.426244
0.432151
0.429548
0.427579
0.431404
0.423167
0.426613
0.428137
0.426036
0.431243
0.421785
0.428374
0.425278
0.426348
0.420866
0.427389
0.431659
0.427124
0.428980
0.430409
0.427560
0.431356
0.430779
0.431138
0.427049
0.424303
0.424540
0.433827
0.425893
0.430817
0.431053
0.431091
0.428516
0.425619
0.422533
0.429510
0.424890
0.433562
0.421520
0.427626
0.428601
0.428478
0.427191
0.425875
0.424133
0.428923
0.426329
0.433714
0.426717
0.432151
0.425269
0.427512
0.426168
0.423527
0.430286
0.424587
0.426660
0.429652
0.428327
0.425638
0.426774
0.430873
0.426386
0.425212
0.428772
0.432104
0.425477
0.428440
0.427020
0.433079
0.427721
0.428677
0.433751
0.427096
0.423782
0.426821
0.430930
0.426575
0.431044
0.427096
0.429425
0.425761
0.430826
0.425430
0.428156
0.424644
0.427512
0.428497
0.418963
0.429822
0.428204
0.430050
0.429576
0.428516
0.430504
0.428667
0.430533
0.424862
0.421387
0.427143
0.428062
0.424786
0.424426
0.425221
0.424672
0.427067
0.421557
0.424918
0.428677
0.425079
0.427721
0.428753
0.424407
0.430949
0.423953
0.428213
0.432331
0.433742
0.421340
0.429728
0.429794
0.425553
0.426149
0.427039
0.423773
0.428336
0.423413
0.432710
0.427692
0.423176
0.425070
0.424464
0.423517
0.428923
0.427304
0.429245
0.425477
0.429614
0.428762
0.427579
0.422911
0.426386
0.429974
0.425638
0.429510
0.423328
0.430031
0.422428
0.418499
0.423195
0.425770
0.425524
0.426357
0.426215
0.425382
0.430286
0.422324
0.425685
0.424426
0.426670
0.426613
0.433439
0.429643
0.423110
0.426973
0.428393
0.425288
0.425676
0.423697
0.429292
0.428279
0.431299
0.423205
0.425818
0.429093
0.425856
0.428554
0.427929
0.427181
0.425060
0.426083
0.423243
0.424473
0.425742
0.431337
0.427778
0.426954
0.424994
0.426547
0.430097
0.424256
0.428364
0.424928
0.429321
0.429283
0.428336
0.431034
0.432511
0.436175
0.426215
0.428639
0.429065
0.428308
0.429207
0.421160
0.427493
0.429349
0.424331
0.429378
0.430334
0.426982
0.427740
0.423905
0.429624
0.424767
0.431886
0.429330
0.431583
0.429889
0.431063
0.434793
0.428052
0.423120
0.426963
0.427721
0.427844
0.424445
0.430864
0.434225
0.428185
0.425449
0.424824
0.422182
0.430296
0.430267
0.426944
0.423157
0.423053
0.431091
0.423157
0.423138
0.425430
0.425392
0.431830
0.430305
0.427957
0.428667
0.422277
0.423725
0.428705
0.427039
0.425979
0.428166
0.431564
0.427834
0.426395
0.425969
0.430144
0.423413
0.425051
0.427333
0.421718
0.431375
0.424606
0.426036
0.426168
0.424341
0.426149
0.430353
0.429340
0.430476
0.428933
0.429093
0.425903
0.423337
0.429292
0.422807
0.428469
0.427815
0.426821
0.425799
0.424880
0.424303
0.426149
0.424047
0.428090
0.426386
0.426121
0.427124
0.425382
0.427967
0.430021
0.426963
0.426604
0.429434
0.431943
0.426831
0.427541
0.423053
0.426802
0.426376
0.427096
0.427569
0.432587
0.425704
0.424615
0.428090
0.430693
0.428876
0.427683
0.431082
0.428876
0.428743
0.426045
0.426850
0.426102
0.426585
0.426026
0.426092
0.429557
0.426490
0.427626
0.426111
0.422902
0.432786
0.424218
0.428317
0.429273
0.422078
0.428270
0.428327
0.427493
0.422220
0.420715
0.426727
0.429122
0.424966
0.428791
0.427920
0.426073
0.424843
0.426149
0.427920
0.423763
0.429472
0.422589
0.426575
0.427957
0.432814
0.432009
0.427740
0.429112
0.425600
0.424123
0.427796
0.429198
0.428024
0.425183
0.430873
0.429093
0.423489
0.431792
0.427001
0.424890
0.421406
0.424795
0.429567
0.427323
0.427569
0.429993
0.426320
0.426045
0.426622
0.428838
0.427787
0.421349
0.422741
0.423991
0.427446
0.425373
0.425288
0.425013
0.426140
0.427560
0.425164
0.430551
0.425079
0.424975
0.424360
0.425430
