0.214046
0.212392
0.198917
0.243607
0.205918
0.186636
0.180905
0.193939
0.179034
0.148984
0.120037
0.119459
0.126875
0.115557
0.121440
0.119779
0.122490
0.133007
0.118012
0.122653
0.117090
0.126582
0.127427
0.124729
0.125905
0.122307
0.120197
0.128530
0.125683
0.124371
0.129814
0.123805
0.124400
0.117256
0.126938
0.122083
0.127491
0.123348
0.121050
0.122048
0.136134
0.127451
0.120985
0.127125
0.125898
0.126232
0.119885
0.127394
0.132714
0.124368
0.125736
0.121274
0.124373
0.120802
0.119582
0.125727
0.125403
0.116213
0.122313
0.123685
0.116893
0.127797
0.117409
0.119040
0.127348
0.114864
0.122464
0.125765
0.117534
0.127236
0.197838
0.148658
0.215825
0.217346
0.240867
0.202635
0.209886
0.176952
0.187758
0.208698
0.194698
0.168183
0.219144
0.182456
0.209606
0.166044
0.212670
0.203166
0.187760
0.175047
0.234149
0.188690
0.195819
0.257825
0.180522
0.202948
0.166162
0.188088
0.213429
0.216325
0.207867
0.177503
0.195313
0.181241
0.237539
0.207373
0.222852
0.222287
0.173587
0.186947
0.193327
0.161398
0.182367
0.208150
0.192973
0.208385
0.215906
0.196850
0.205750
0.193485
0.147432
0.189581
0.180384
0.214246
0.184015
0.233718
0.179548
0.310160
0.166438
0.181252
0.192352
0.210291
0.171478
0.210590
0.185285
0.258495
0.182522
0.185194
0.204573
0.155263
0.230552
0.174863
0.210093
0.176208
0.201139
0.181316
0.161614
0.224074
0.181122
0.172904
0.163956
0.180433
0.213853
0.227407
0.197163
0.167391
0.195076
0.162407
0.247174
0.203099
0.202522
0.169801
0.293435
0.188957
0.188554
0.177235
0.176138
0.154514
0.220508
0.140417
0.227852
0.206763
0.231684
0.185486
0.182603
0.196177
0.178765
0.188442
0.212130
0.188612
0.154235
0.219441
0.208914
0.188615
0.193356
0.170231
0.202328
0.199403
0.226070
0.165041
0.176103
0.200181
0.241379
0.195303
0.187369
0.202542
0.206952
0.152290
0.186546
0.270758
0.269941
0.187934
0.192543
0.179302
0.161920
0.244186
0.188235
0.186824
0.215928
0.250125
0.161781
0.153661
0.199771
0.155109
0.240351
0.144330
0.204762
0.147834
0.225158
0.195281
0.203266
0.210931
0.198578
0.199762
0.163412
0.177606
0.156843
0.218288
0.178997
0.162162
0.173211
0.152452
0.180757
0.176589
0.205550
0.146498
0.161635
0.219870
0.188715
0.174061
0.205837
0.162406
0.201957
0.198522
0.201529
0.198548
0.180005
0.211466
0.205044
0.142007
0.212121
0.162503
0.205565
0.176275
0.212317
0.217268
0.196646
0.215972
0.209971
0.239388
0.281669
0.158300
0.171920
0.200221
0.220926
0.191105
0.165073
0.181913
0.168897
0.167322
0.254838
0.243541
0.202673
0.212478
0.186327
0.229410
0.243694
0.153052
0.234261
0.175966
0.230619
0.216343
0.235131
0.244170
0.211671
0.195617
0.165283
0.203188
0.159406
0.156364
0.152115
0.142132
0.180208
0.254561
0.260188
0.172094
0.198713
0.185567
0.190420
0.200560
0.163213
0.254237
0.180794
0.186800
0.161233
0.186227
0.175931
0.179487
0.192297
0.228786
0.170246
0.166713
0.199293
0.222784
0.193045
0.193045
0.189665
0.177959
0.183414
0.180599
0.243578
0.208615
0.180246
0.229439
0.197582
0.222763
0.216037
0.210902
0.230696
0.220012
0.260435
0.222795
0.302412
0.280101
0.197788
0.237902
0.155142
0.194707
0.149017
0.175795
0.228873
0.189294
0.168363
0.181327
0.215578
0.183398
0.248746
0.173364
0.228900
0.210303
0.180802
0.201482
0.162433
0.160453
0.177138
0.195835
0.245471
0.248211
0.232944
0.185102
0.223614
0.203886
0.228357
0.228261
0.182432
0.195829
0.237906
0.179586
0.177888
0.189575
0.134714
0.293492
0.228865
0.180275
0.195385
0.196979
0.148652
0.207838
0.253509
0.195352
0.196078
0.190547
0.208042
0.182166
0.176303
0.197884
0.208126
0.186035
0.167818
0.180080
0.192057
0.174711
0.249526
0.225157
0.237183
0.267586
0.165479
0.183162
0.208716
0.194054
0.171713
0.198909
0.235806
0.172978
0.233158
0.163260
0.204316
0.149449
0.177419
0.219426
0.176060
0.173660
0.232612
0.230495
0.234490
0.182452
0.190782
0.182486
0.195185
0.239113
0.188905
0.186860
0.180720
0.192562
0.173991
0.191979
0.234451
0.187011
0.177326
0.238257
0.177278
0.255776
0.154453
0.199841
0.168232
0.259569
0.161603
0.227892
0.172684
0.239927
0.172007
0.229096
0.209917
0.167660
0.224684
0.206091
0.200144
0.211803
0.173545
0.180820
0.239226
0.302871
0.261983
0.205966
0.208754
0.176609
0.255500
0.173030
0.192784
0.170520
0.217538
0.170720
0.240103
0.206573
0.190003
0.202547
0.166884
0.182833
0.154455
0.215416
0.204201
0.211099
0.193627
0.180202
0.137644
0.189802
0.187899
0.199793
0.133004
0.182158
0.180375
0.151346
0.179247
0.193548
0.217752
0.239538
0.168424
0.203500
0.180100
0.228026
0.167171
0.218644
0.165297
0.188902
0.175672
0.156437
0.249454
0.164569
0.183942
0.179416
0.218558
0.175509
0.175467
0.198726
0.172137
0.192733
0.187313
0.218970
0.244997
0.213545
0.172075
0.199045
0.148733
0.210622
0.195241
0.159681
0.174885
0.161992
0.225252
0.192331
0.158909
0.186845
0.222006
0.222289
0.189248
0.174154
0.207710
0.188586
0.232641
0.191570
0.201615
0.205890
0.232155
0.258987
0.164610
0.176725
0.169399
0.181674
0.214460
0.167050
0.181487
0.203645
0.194452
0.174983
0.228144
0.245212
0.186013
0.181842
0.240042
0.173276
0.193431
0.189398
0.220799
0.171991
0.174798
0.230190
0.156499
0.303454
0.174829
0.174069
0.240825
0.179435
0.175822
0.189527
0.178414
0.157343
0.179746
0.167641
0.203104
0.162827
0.159748
0.182179
0.209393
0.183367
0.180872
0.183290
0.240067
0.190274
0.172615
0.167078
0.171333
0.173103
0.183295
0.177655
0.207407
0.206953
0.184840
0.177278
0.259442
0.181032
0.221169
0.173764
0.172727
0.184949
0.264915
0.237459
0.246123
0.223143
0.171955
0.190759
0.172430
0.173440
0.208824
0.192072
0.178185
