0.411765
0.396386
0.394464
0.427528
0.428681
0.392926
0.400231
0.455210
0.416763
0.434833
0.403306
0.385236
0.401769
0.398308
0.435602
0.419454
0.397155
0.397539
0.407536
0.402922
0.407920
0.420223
0.434064
0.402922
0.397539
0.374856
0.404460
0.414840
0.413687
0.441753
0.394464
0.452903
0.396386
0.442907
0.417916
0.419839
0.404460
0.416378
0.396386
0.439831
0.382545
0.428681
0.398308
0.411765
0.415994
0.429066
0.430604
0.430219
0.395617
0.427143
0.412534
0.417532
0.442907
0.382545
0.363322
0.406382
0.430988
0.409842
0.397155
0.392541
0.394079
0.407151
0.417916
0.389850
0.420607
0.434448
0.439446
0.403306
0.409073
0.417147
0.418301
0.416378
0.378316
0.403306
0.417916
0.422530
0.380623
0.406382
0.405229
0.402537
0.410996
0.427143
0.416378
0.384468
0.423683
0.422530
0.409458
0.400615
0.420607
0.429450
0.400231
0.387928
0.406382
0.396386
0.425221
0.417532
0.418301
0.383699
0.388697
0.439831
0.425606
0.415225
0.424068
0.416378
0.430988
0.435986
0.420607
0.396386
0.385236
0.394464
0.433295
0.396002
0.429066
0.434448
0.412149
0.396002
0.395233
0.393695
0.406382
0.403691
0.418685
0.399462
0.433679
0.410996
0.409073
0.429835
0.423683
0.397924
0.393310
0.455594
0.405229
0.422145
0.387543
0.429835
0.433295
0.405613
0.440600
0.401769
0.402922
0.420223
0.396386
0.410611
0.408689
0.408689
0.403691
0.435986
0.392541
0.414840
0.437524
0.433679
0.396770
0.431757
0.411380
0.421376
0.432910
0.401384
0.402153
0.405998
0.414840
0.381776
0.407536
0.407151
0.391388
0.407536
0.409458
0.409842
0.424837
0.443676
0.399846
0.403306
0.401000
0.436371
0.396386
0.404075
0.416378
0.411765
0.416763
0.415225
0.421376
0.404844
0.408304
0.389081
0.391003
0.403691
0.401769
0.417532
0.375240
0.416763
0.400231
0.384083
0.431757
0.422145
0.405998
0.412918
0.404460
0.369473
0.438677
0.417916
0.415225
0.411380
0.403691
0.417532
0.432526
0.409842
0.399462
0.411765
0.413687
0.394464
0.377163
0.404460
0.393695
0.392541
0.430988
0.404075
0.405229
0.401769
0.419839
0.398308
0.397924
0.416763
0.420607
0.407536
0.401769
0.434064
0.418301
0.403306
0.388312
0.428297
0.389850
0.399077
0.415994
0.430604
0.449058
0.403306
0.412149
0.427912
0.381007
0.449827
0.382161
0.434448
0.388312
0.429835
0.416763
0.445213
0.470588
0.419454
0.383314
0.414456
0.391772
0.407536
0.429066
0.420992
0.410996
0.425221
0.404844
0.420992
0.425990
0.400231
0.403306
0.468666
0.431373
0.424452
0.443291
0.411765
0.414840
0.417916
0.431757
0.396386
0.428681
0.423299
0.403306
0.414456
0.395233
0.416378
0.403306
0.402537
0.405229
0.376394
0.421761
0.421376
0.425606
0.439831
0.407151
0.427528
0.383699
0.375240
0.400615
0.430219
0.437140
0.410996
0.401769
0.401384
0.445982
0.393695
0.399462
0.404844
0.424452
0.403691
0.409073
0.399846
0.389850
0.458285
0.445982
0.452518
0.428681
0.431373
0.396770
0.394079
0.415609
0.400231
0.412149
0.387543
0.422145
0.431373
0.431373
0.419839
0.419454
0.377163
0.404460
0.426759
0.416378
0.420223
0.422530
0.402153
0.422914
0.453287
0.429450
0.394464
0.409073
0.407920
0.425606
0.399846
0.410611
0.432526
0.404075
0.407151
0.406382
0.418301
0.409073
0.405613
0.439446
0.435217
0.401384
0.442522
0.409458
0.414456
0.416763
0.414072
0.437908
0.438677
0.393310
0.420607
0.419070
0.371396
0.398308
0.445598
0.409458
0.424837
0.390235
0.382545
0.418685
0.374471
0.397924
0.420992
0.396770
0.423683
0.410227
0.387159
0.393695
0.407536
0.362937
0.424068
0.402922
0.450980
0.400615
0.404075
0.406767
0.407151
0.409458
0.425606
0.392541
0.410227
0.403306
0.391003
0.411765
0.447905
0.409073
0.431373
0.451365
0.448289
0.411765
0.423683
0.412918
0.392541
0.424068
0.366782
0.429066
0.423683
0.422145
0.416763
0.428681
0.390235
0.405998
0.372933
0.402922
0.398308
0.395233
0.425606
0.426374
0.397924
0.402922
0.396386
0.399462
0.430988
0.412918
0.407920
0.415609
0.423683
0.381007
0.396770
0.427912
0.424837
0.395617
0.393310
0.402537
0.421376
0.404844
0.436755
0.418685
0.398308
0.435602
0.420992
0.437140
0.442907
0.428681
0.421376
0.374471
0.434064
0.417916
0.430219
0.409073
0.414456
0.421761
0.407920
0.417916
0.402537
0.427912
0.427528
0.398308
0.435217
0.430219
0.421376
0.409842
0.410227
0.388312
0.438293
0.411765
0.411380
0.437524
0.443291
0.405229
0.403691
0.389081
0.393310
0.439831
0.412149
0.391772
0.448289
0.407536
0.402922
0.407151
0.413303
0.364091
0.397924
0.396386
0.362937
0.427912
0.431373
0.419454
0.410227
0.418301
0.410227
0.435602
0.425990
0.421376
0.441753
0.401769
0.410611
0.412534
0.400231
0.416378
0.444060
0.400231
0.409458
0.422145
0.438293
0.408304
0.410227
0.414072
0.378316
