0.429607
0.426699
0.425955
0.431233
0.430657
0.427213
0.426655
0.432944
0.429638
0.430001
0.427643
0.429669
0.429354
0.424058
0.423761
0.425835
0.428281
0.430732
0.428206
0.427085
0.430644
0.426540
0.426659
0.425081
0.428796
0.430263
0.430090
0.429101
0.423996
0.427883
0.427976
0.425458
0.427275
0.429398
0.428840
0.428379
0.426642
0.426318
0.425396
0.428756
0.425786
0.433139
0.422449
0.429717
0.433857
0.426597
0.425126
0.429053
0.428955
0.426517
0.428264
0.429824
0.430817
0.429868
0.425715
0.431052
0.430316
0.425454
0.426048
0.428131
0.425888
0.427519
0.427302
0.425662
0.426491
0.427750
0.432071
0.428685
0.425777
0.429061
0.427643
0.425884
0.430063
0.426158
0.427909
0.427767
0.426145
0.430790
0.427408
0.426540
0.429013
0.426154
0.430090
0.429846
0.428157
0.429261
0.429642
0.431211
0.429088
0.427076
0.432337
0.425334
0.428574
0.430178
0.429261
0.430263
0.426557
0.425117
0.422684
0.423606
0.428534
0.428250
0.427568
0.428166
0.430263
0.428640
0.427869
0.429101
0.426673
0.426150
0.426540
0.429177
0.422768
0.422901
0.430249
0.429598
0.428866
0.432080
0.431543
0.426611
0.426260
0.429491
0.424705
0.430560
0.427266
0.425760
0.427572
0.427395
0.428707
0.426934
0.428304
0.431122
0.426101
0.427940
0.427293
0.429611
0.427688
0.431380
0.428109
0.425963
0.429030
0.427639
0.430431
0.428671
0.427169
0.430675
0.423450
0.431105
0.432408
0.429035
0.433112
0.424665
0.426854
0.426336
0.426996
0.429722
0.425649
0.427692
0.427918
0.429159
0.428180
0.430099
0.427625
0.426876
0.425232
0.428521
0.429868
0.430325
0.426544
0.427993
0.425511
0.426588
0.424315
0.426562
0.426318
0.427825
0.425011
0.428064
0.432634
0.430560
0.425844
0.425822
0.431326
0.427949
0.424944
0.426779
0.424971
0.424319
0.427555
0.426602
0.427586
0.427608
0.428193
0.428893
0.427346
0.428352
0.427887
0.425573
0.429731
0.432261
0.426141
0.432279
0.427404
0.424075
0.423938
0.426726
0.425768
0.429177
0.426668
0.427169
0.431770
0.426766
0.425822
0.425618
0.429022
0.424098
0.426788
0.429890
0.424745
0.427887
0.426398
0.428503
0.426039
0.428685
0.426987
0.429350
0.427235
0.418845
0.427905
0.424678
0.428375
0.427346
0.431725
0.427989
0.422369
0.428968
0.432572
0.427568
0.427949
0.434371
0.424027
0.425791
0.427094
0.428264
0.429208
0.427160
0.426690
0.431069
0.427200
0.426012
0.431907
0.428268
0.427173
0.428122
0.427696
0.431871
0.428742
0.427532
0.428197
0.427550
0.427727
0.428503
0.428131
0.428042
0.427324
0.424204
0.428915
0.427275
0.430994
0.427639
0.429518
0.429350
0.430772
0.422706
0.430387
0.426655
0.428773
0.425542
0.424762
0.427586
0.428525
0.433573
0.430511
0.430139
0.430103
0.430910
0.426943
0.426814
0.427258
0.428419
0.428601
0.426841
0.432297
0.431512
0.425534
0.427116
0.425715
0.429522
0.427958
0.425777
0.427497
0.424332
0.428357
0.427373
0.431552
0.425622
0.431105
0.430732
0.426154
0.431685
0.430205
0.424855
0.426309
0.428135
0.426761
0.424514
0.427532
0.430976
0.425542
0.427337
0.426783
0.431557
0.428685
0.421873
0.426602
0.429230
0.428530
0.427346
0.425396
0.426903
0.426331
0.429545
0.426371
0.426650
0.424430
0.434043
0.430852
0.426034
0.423162
0.424789
0.425937
0.427355
0.425666
0.426353
0.426092
0.428849
0.425365
0.423207
0.427878
0.428756
0.431371
0.430112
0.429425
0.427085
0.424722
0.431167
0.426814
0.428432
0.426615
0.427227
0.427404
0.424917
0.431778
0.425250
0.427333
0.429491
0.427249
0.428166
0.429389
0.425463
0.429824
0.428450
0.428450
0.427887
0.430706
0.427993
0.425068
0.430418
0.427439
0.424315
0.430139
0.425915
0.428428
0.427732
0.428122
0.428069
0.429961
0.431947
0.426788
0.427076
0.429274
0.426930
0.427298
0.426575
0.431637
0.433449
0.426371
0.428516
0.426526
0.429633
0.426983
0.424075
0.428995
0.430458
0.432031
0.428618
0.426602
0.428095
0.426571
0.426283
0.425334
0.428929
0.427116
0.431428
0.427674
0.426473
0.432102
0.425702
0.425183
0.426531
0.426930
0.426766
0.428760
0.427661
0.426105
0.429748
0.426624
0.423991
0.430812
0.428955
0.422032
0.432124
0.427001
0.432306
0.424390
0.429101
0.429912
0.430254
0.425768
0.428552
0.428702
0.427417
0.427439
0.428977
0.428835
0.427399
0.428937
0.430329
0.428397
0.430347
0.425866
0.429101
0.423495
0.429562
0.430280
0.426557
0.423965
0.427023
0.429407
0.432040
0.429873
0.423690
0.432612
0.427852
0.431127
0.425339
0.427927
0.427333
0.429358
0.426646
0.426557
0.424589
0.430462
0.432288
0.424842
0.426899
0.425675
0.424399
0.427723
0.429376
0.429323
0.427461
0.429039
0.427776
0.429234
0.426983
0.427315
0.424461
0.426491
0.425387
0.429203
0.430950
0.427085
0.428321
0.427182
0.427484
0.426987
0.428809
0.425768
0.427160
0.427293
0.427422
0.430001
0.428317
0.427648
0.427506
0.427546
0.428685
0.433742
0.427134
0.429992
0.429141
0.429013
0.425582
0.427377
0.428663
0.425343
0.430453
0.427311
0.428999
0.430697
0.427696
0.428144
0.427692
0.424355
0.432182
0.428694
0.427914
0.426611
0.429452
0.426743
0.426770
0.429079
0.427967
0.427324
0.425321
0.428942
0.428246
0.425604
0.430059
0.428516
0.428676
0.428804
0.429283
0.428250
0.428286
0.428565
0.427293
0.425866
0.430130
0.433560
0.428605
0.428476
0.430196
0.427178
0.425768
0.427329
0.429726
0.424736
0.425955
0.426996
0.426455
0.426890
0.427931
0.430945
0.424616
0.427820
0.426712
0.425121
0.430090
0.430573
0.423606
0.427825
0.430178
0.426588
0.431247
0.423641
0.426863
0.423707
0.429620
0.425888
0.423158
0.428915
0.428064
0.425844
0.427134
0.425188
0.426637
0.429190
0.429172
0.428184
0.430178
0.427705
0.427413
0.429669
0.427905
0.428924
0.430901
0.426212
0.428778
0.428069
0.428264
0.424018
0.427320
0.424700
0.429793
0.432191
0.430972
0.427905
0.425529
0.429381
0.429514
0.425467
0.425303
0.428902
0.426393
0.427710
0.427266
0.427399
0.434455
0.431898
0.427874
0.427173
0.427262
0.427293
0.428290
0.428813
0.429966
0.427138
0.429540
0.427032
0.429248
0.430480
0.431982
0.428126
0.424332
0.428033
0.425245
0.429558
0.427435
0.425015
0.430644
0.426872
0.429975
0.430373
0.427138
0.428765
0.422950
0.426956
0.427900
0.427382
0.428898
0.425547
0.432669
0.428791
0.430396
0.429607
0.430130
0.427577
0.426832
0.429221
0.432111
0.426588
0.427289
0.427461
0.428020
0.431566
0.431911
0.429908
0.431322
0.429310
0.428499
0.426469
0.427896
0.429611
0.429239
0.427976
0.430715
0.429363
0.428343
0.427444
0.428135
0.428654
0.425409
0.423442
0.424638
0.428503
0.426823
0.426987
0.428016
0.429735
0.428552
0.426819
0.429939
0.431836
0.427661
0.425968
0.429146
0.427213
0.426105
0.424820
0.428437
0.428707
0.425374
0.425879
0.423309
0.426619
0.425542
0.428765
0.427528
0.428171
0.425312
0.426429
0.427945
0.426712
0.425569
0.429332
0.425250
0.425259
0.426535
0.429350
0.428702
0.430693
0.427373
0.430715
0.428002
0.431317
0.427820
0.428734
0.429367
0.425591
0.432111
0.425817
0.425573
0.426788
0.429101
0.424802
0.426336
0.426358
0.424151
0.427665
0.430520
0.426455
0.428539
0.424248
0.427187
0.426362
0.427798
0.427998
0.426699
0.425653
0.429616
0.429602
0.428782
0.428813
0.426314
0.426544
0.429070
0.431898
0.426642
0.429811
0.427156
0.428078
0.427258
0.425848
0.424886
0.424909
0.426398
0.427076
0.427351
0.424807
0.425822
0.424390
0.428494
0.427200
0.430369
0.424683
0.428902
0.427714
0.426668
0.423867
0.429664
0.424040
0.427032
0.428906
0.430670
0.428929
0.427998
0.426252
0.428109
0.426912
0.427834
0.429784
0.428871
0.430289
0.427546
0.428995
0.428242
0.430710
0.429208
0.426504
0.424310
0.429358
0.428929
0.424191
0.429367
0.426376
0.428024
0.425777
0.429004
0.428676
0.432399
0.431052
0.428547
0.429314
0.430094
0.427364
0.424829
0.424368
0.428419
0.425844
0.427843
0.428676
0.428109
0.428671
0.427785
0.428840
0.430493
0.431836
0.425897
0.425591
0.432479
0.425813
0.424527
0.427173
0.429004
0.429248
0.427599
0.428866
0.427905
0.429292
0.428796
0.428862
0.426806
0.427231
0.426655
0.427874
0.428255
0.425565
0.432324
0.431561
0.425556
0.426420
0.427993
0.430170
0.427741
0.429651
0.430848
0.428685
0.424111
0.429274
0.426407
0.425427
0.430923
0.427621
0.426065
0.427063
0.429319
0.427191
0.429983
0.426172
0.425693
0.428078
0.428680
0.427151
0.427834
0.429886
0.425214
0.428778
0.427515
0.429664
0.426402
0.433556
0.426092
0.423477
0.427976
0.427346
0.432492
0.426194
0.432829
0.424359
0.426930
0.424789
0.429372
0.433188
0.428698
0.429811
0.424319
0.429753
0.427466
0.429460
0.426633
0.425990
0.426039
0.426686
0.425019
0.426132
0.425024
0.429075
0.425285
0.431526
0.427528
0.428033
0.428024
0.427001
0.427142
0.423796
0.426633
0.428423
0.429957
0.429110
0.425206
0.429567
0.430391
0.427510
0.429474
0.425458
0.430356
0.428747
0.428468
0.428632
0.429642
0.427422
0.427506
0.428986
0.428277
0.429731
0.428835
0.424953
0.426438
0.425644
0.431380
0.431309
0.430178
0.430161
0.429150
0.429815
0.427652
0.430214
0.430577
0.429376
0.427825
0.426150
0.431481
0.424053
0.428335
0.425582
0.424452
0.427382
0.424470
0.424816
0.425059
0.423623
0.427657
0.427714
0.426092
0.425786
0.428432
0.429057
0.426096
0.428516
0.429784
0.428211
0.427466
0.426987
0.429651
0.430232
0.428055
0.426775
0.425299
0.426837
0.428946
0.429753
0.427829
0.428911
0.426119
0.426367
0.429647
0.426407
0.425981
0.429864
0.428614
0.431016
0.425556
0.429319
0.425857
0.426473
0.425587
0.428423
0.427967
