0.124638
0.124174
0.124027
0.123966
0.124173
0.123406
0.124454
0.127194
0.122256
0.124124
0.127076
0.126889
0.127241
0.124606
0.125486
0.126080
0.125809
0.121362
0.127132
0.123850
0.119494
0.125265
0.125151
0.125458
0.125041
0.122270
0.120744
0.123886
0.123454
0.120733
0.120075
0.122716
0.125053
0.123371
0.129213
0.125315
0.127027
0.121622
0.127424
0.125649
0.127901
0.123503
0.126859
0.123649
0.127413
0.125363
0.124658
0.118686
0.122373
0.120508
0.120647
0.123510
0.120459
0.124334
0.122731
0.125366
0.125168
0.122243
0.122814
0.123367
0.125808
0.122188
0.124235
0.127071
0.124663
0.127613
0.124522
0.124410
0.126187
0.124953
0.122918
0.125994
0.123602
0.123905
0.127074
0.126489
0.122455
0.125507
0.124422
0.125418
0.124571
0.122349
0.120212
0.122165
0.125425
0.123031
0.124797
0.128607
0.126085
0.127480
0.124679
0.123792
0.123362
0.125332
0.120820
0.125944
0.125794
0.131669
0.124025
0.122846
0.122379
0.124518
0.118480
0.124442
0.124298
0.121928
0.129075
0.122962
0.129405
0.123226
0.123026
0.123541
0.125086
0.125789
0.126164
0.125140
0.126068
0.124825
0.125828
0.124977
0.124158
0.129874
0.123574
0.125949
0.122654
0.123546
0.127920
0.124316
0.121847
0.123137
0.123770
0.125380
0.129026
0.122533
0.126241
0.124633
0.126509
0.123929
0.123827
0.123014
0.126287
0.120963
0.122822
0.122108
0.125378
0.124083
0.120998
0.125087
0.126891
0.123151
0.122000
0.119432
0.123970
0.128987
0.124366
0.121829
0.124229
0.122777
0.124235
0.126518
0.120639
0.130155
0.125170
0.122416
0.121652
0.120774
0.124889
0.123418
0.125555
0.123694
0.125111
0.123820
0.120777
0.127632
0.123765
0.122032
0.121729
0.125461
0.126737
0.119927
0.128493
0.126477
0.126205
0.125099
0.120220
0.126613
0.123315
0.120974
0.125351
0.122204
0.122901
0.120561
0.122299
0.127201
0.126082
0.123301
0.123013
0.123978
0.127388
0.127113
0.124517
0.124669
0.126624
0.121270
0.120096
0.125355
0.122143
0.122647
0.119499
0.127094
0.120976
0.125293
0.120159
0.124210
0.126001
0.124065
0.123250
0.121302
0.125058
0.120698
0.124000
0.125352
0.129987
0.122665
0.126394
0.124612
0.124790
0.124225
0.123539
0.127491
0.123513
0.124286
0.125892
0.125139
0.125968
0.131483
0.124288
0.122317
0.121535
0.124295
0.126057
0.121204
0.122874
0.125180
0.121447
0.130394
0.125689
0.123121
0.124400
0.122369
0.125115
0.124390
0.125935
0.126561
0.128282
0.121914
0.126936
0.127661
0.124300
0.122011
0.122501
0.122720
0.123860
0.119282
0.123797
0.125873
0.124705
0.127018
0.123897
0.123641
0.121621
0.121825
0.123912
0.126408
0.125135
0.122544
0.126605
0.124172
0.126252
0.122155
0.126977
0.123329
0.123868
0.121577
0.129005
0.124719
0.124286
0.121459
0.125850
0.126481
0.124477
0.123179
0.121956
0.124389
0.125029
0.120566
0.125429
0.124470
0.130693
0.123781
0.128302
0.127456
0.120665
0.121258
0.123485
0.124265
0.124730
0.127976
0.127543
0.124103
0.120959
0.121849
0.128689
0.126758
0.123709
0.124062
0.125893
0.124778
0.121983
0.129087
0.124757
0.119543
0.125457
0.129318
0.128471
0.125324
0.121617
0.125104
0.121534
0.118773
0.123115
0.119183
0.121326
0.126536
0.122556
0.122236
0.119380
0.121909
0.120891
0.127883
0.121837
0.122083
0.124860
0.120950
0.127176
0.125361
0.125807
0.123670
0.122388
0.122929
0.123679
0.124079
0.125099
0.123758
0.125532
0.121613
0.122931
0.126203
0.123928
0.119349
0.125746
0.120345
0.125112
0.124088
0.125017
0.118088
0.127543
0.122460
0.120057
0.122733
0.125353
0.123122
0.123527
0.126203
0.125219
0.128540
0.120499
0.126822
0.125319
0.126686
0.127012
0.123226
0.121740
0.121082
0.120743
0.123213
0.125925
0.122123
0.126882
0.125110
0.123744
0.125128
0.126776
0.128012
0.122805
0.122378
0.126108
0.124924
0.122870
0.124356
0.124379
0.122585
0.125986
0.120540
0.122518
0.122536
0.127990
0.119226
0.126053
0.127376
0.124322
0.126266
0.120342
0.123234
0.121294
0.125035
0.125779
0.126228
0.125041
0.119362
0.121923
0.125276
0.122237
0.120068
0.124925
0.125122
0.125105
0.122446
0.124027
0.128211
0.123152
0.120951
0.126794
0.122677
0.120210
0.125425
0.120723
0.124824
0.124135
0.123526
0.119814
0.122146
0.127857
0.123597
0.127177
0.123788
0.123539
0.128089
0.123520
0.123674
0.121290
0.120679
0.122381
0.119420
0.128130
0.124696
0.125414
0.123806
0.124609
0.125047
0.125769
0.122097
0.119147
0.128158
0.127037
0.123935
0.120574
0.123901
0.123336
0.125473
0.122828
0.123840
0.124422
0.123155
0.124527
0.126583
0.125936
0.125715
0.120892
0.123693
0.126240
0.127316
0.121010
0.123189
0.120332
0.123381
0.124800
0.124084
0.124201
0.126911
0.126718
0.129070
0.121079
0.120742
0.120675
0.121929
0.123797
0.124403
0.126011
0.129130
0.127657
0.126864
0.122097
0.127215
0.123689
0.123785
0.123356
0.122737
0.126983
0.121001
0.121000
0.122232
0.128193
0.121920
0.127151
0.122153
0.123207
0.123700
0.122505
0.125374
0.123692
0.123648
0.122204
0.120216
0.123290
0.123428
0.124865
0.127149
0.120463
0.126664
0.119564
0.126825
0.127567
0.120551
0.123293
0.127541
0.127299
0.124753
0.121748
0.123920
0.126288
0.124003
0.123717
0.120685
0.124777
0.122998
0.123144
0.124433
0.126686
0.118814
0.126594
0.129415
0.126937
0.124942
0.131571
0.127728
0.126591
0.125433
0.120853
0.125081
0.124353
0.126634
0.125884
0.122660
0.125772
0.120250
0.124679
0.125949
0.123747
0.123096
0.121889
0.123337
0.124133
0.126303
0.123052
0.122457
0.125701
0.125418
0.126123
0.125353
0.125483
0.125592
0.119580
0.120999
0.121714
0.123203
0.122706
0.124378
0.125058
0.124306
0.125937
0.122487
0.123402
0.121467
0.124217
0.121809
0.125951
0.124689
0.124959
0.122166
0.122173
0.127376
0.129733
0.124364
0.125817
0.127409
0.122033
0.123644
0.125979
0.126787
0.123768
0.124929
0.124983
0.128322
0.126494
0.124089
0.124495
0.125350
0.121006
0.123664
0.128316
0.122326
0.122053
0.122650
0.122931
0.127267
0.121785
0.124517
0.123670
0.122981
0.120378
0.123050
0.123952
0.122781
0.121498
0.119372
0.123460
0.126207
0.122674
0.125229
0.128037
0.124811
0.125961
0.125011
0.124680
0.122845
0.125331
0.125047
0.119542
0.125449
0.126556
0.124988
0.122405
0.118977
0.124272
0.125872
0.124849
0.122150
0.123681
0.123073
0.123695
0.121436
0.125468
0.124536
0.122926
0.124807
0.122317
0.122998
0.118374
0.124020
0.121144
0.129704
0.126016
0.127544
0.123432
0.125973
0.124107
0.123992
0.121946
0.120239
0.126603
0.125924
0.121884
0.123285
0.126330
0.126506
0.122893
0.121876
0.125505
0.122643
0.121008
0.128331
0.127377
0.124515
0.121476
0.124078
0.128367
0.126317
0.121491
0.124205
0.128684
0.119266
0.123016
0.122342
0.123159
0.126320
0.124415
0.124930
0.124062
0.124902
0.125244
0.124429
0.122793
0.125221
0.125835
0.125092
0.121753
0.127102
0.122689
0.126543
0.125221
0.126425
0.126915
0.121418
0.127019
0.123643
0.125997
0.120070
0.121205
0.122430
0.126303
0.124597
0.123196
0.125444
0.123525
0.128588
0.124418
0.120354
0.121556
0.123014
0.123394
0.124751
0.126210
0.120396
0.126252
0.124251
0.123240
0.118939
0.125163
0.120907
