0.425066
0.429450
0.427385
0.431484
0.422603
0.423306
0.430314
0.425053
0.428685
0.431023
0.421944
0.427852
0.429711
0.425713
0.429270
0.424755
0.423785
0.428884
0.425252
0.424512
0.429867
0.429624
0.426764
0.424699
0.426875
0.427609
0.429058
0.423648
0.428996
0.428530
0.430234
0.423505
0.422889
0.425663
0.425545
0.423399
0.428865
0.430967
0.427230
0.429512
0.425339
0.428026
0.427684
0.429164
0.431434
0.425520
0.429550
0.423642
0.424276
0.426795
0.425402
0.425470
0.430246
0.427385
0.425731
0.430458
0.434574
0.427454
0.428716
0.433710
0.430420
0.427833
0.430625
0.428268
0.429307
0.431540
0.428934
0.423169
0.428486
0.425943
0.428834
0.429052
0.424854
0.424898
0.428368
0.426975
0.430681
0.426882
0.425638
0.429593
0.428934
0.433212
0.425103
0.430190
0.427715
0.428287
0.428455
0.422112
0.424282
0.426726
0.430153
0.427112
0.429257
0.429382
0.428741
0.426111
0.424966
0.425265
0.430489
0.424587
0.428262
0.427870
0.428785
0.428293
0.423026
0.425408
0.429574
0.430812
0.426117
0.428629
0.428020
0.426546
0.428405
0.430800
0.427081
0.425968
0.427068
0.429357
0.430072
0.423424
0.429898
0.425576
0.431235
0.428430
0.428573
0.428834
0.424718
0.428287
0.423244
0.429985
0.431042
0.431067
0.427267
0.427130
0.426465
0.428822
0.427808
0.429898
0.429643
0.422951
0.428380
0.426353
0.425321
0.428654
0.425943
0.426683
0.425514
0.427765
0.422833
0.430538
0.429730
0.429518
0.428940
0.428312
0.428443
0.428262
0.427703
0.424264
0.429400
0.426185
0.427939
0.426745
0.428101
0.425097
0.424792
0.426826
0.430296
0.426086
0.426297
0.428928
0.432099
0.428063
0.433778
0.429344
0.424295
0.427970
0.422379
0.424917
0.430756
0.426440
0.426185
0.426596
0.426577
0.431950
0.425638
0.428766
0.429562
0.425992
0.429027
0.426969
0.431055
0.428536
0.429257
0.428679
0.425706
0.431111
0.425097
0.427466
0.426969
0.429326
0.427056
0.432043
0.431073
0.424885
0.428834
0.427429
0.425968
0.428548
0.427392
0.428666
0.430171
0.428001
0.431751
0.429655
0.425377
0.426670
0.432062
0.423287
0.428449
0.428175
0.429201
0.425215
0.425252
0.428791
0.422672
0.430402
0.428772
0.423866
0.428561
0.426869
0.427056
0.429736
0.431198
0.430762
0.426571
0.428940
0.428237
0.425482
0.427647
0.428542
0.430389
0.426285
0.427765
0.430016
0.428890
0.425576
0.428405
0.428890
0.428337
0.420109
0.426645
0.429263
0.430607
0.424027
0.430489
0.430402
0.425980
0.429705
0.428063
0.429543
0.423125
0.426577
0.421135
0.427945
0.425203
0.423642
0.428741
0.431857
0.428144
0.428225
0.427665
0.424699
0.429612
0.419923
0.427696
0.426179
0.427584
0.426111
0.425806
0.426266
0.432709
0.426658
0.428959
0.425171
0.422858
0.428281
0.425588
0.430961
0.425060
0.428698
0.428654
0.426459
0.428430
0.428499
0.427298
0.425706
0.423710
0.426869
0.428094
0.432267
0.426167
0.426291
0.429898
0.425489
0.432099
0.429773
0.428020
0.426465
0.430551
0.427193
0.422068
0.426011
0.422796
0.426652
0.426689
0.425669
0.429145
0.430638
0.427062
0.428057
0.428424
0.426913
0.430557
0.426322
0.425389
0.430408
0.428119
0.426950
0.428816
0.427149
0.429444
0.427292
0.430159
0.426496
0.429531
0.426863
0.425265
0.428480
0.433368
0.426583
0.427466
0.425719
0.428890
0.425389
0.423754
0.427180
0.423890
0.423387
0.429674
0.428654
0.423318
0.428971
0.429606
0.431832
0.428119
0.422684
0.426142
0.431204
0.429948
0.426614
0.424145
0.423760
0.429232
0.425893
0.433101
0.423698
0.429550
0.427199
0.426919
0.427553
0.429643
0.424767
0.425992
0.429773
0.427591
0.427124
0.428828
0.428007
0.424736
0.420576
0.428144
0.427684
0.433157
0.429966
0.426596
0.431042
0.426191
0.430999
0.425526
0.426484
0.424494
0.422715
0.427516
0.427839
0.425426
0.427970
0.430035
0.426042
0.426782
0.426334
0.427684
0.427802
0.427615
0.422871
0.425252
0.428268
0.429867
0.427528
0.426341
0.429525
0.431863
0.429923
0.428312
0.427410
0.429742
0.426863
0.426950
0.424587
0.427466
0.430632
0.425619
0.426092
0.426788
0.422640
0.427329
0.426565
0.430644
0.429624
0.423076
0.427329
0.428946
0.428474
0.427634
0.428561
0.430495
0.424040
0.423890
0.431558
0.431142
0.427603
0.428107
0.427746
0.425793
0.425134
0.423654
0.425035
0.427012
0.429158
0.425358
0.426353
0.432006
0.428113
0.431092
0.425768
0.423890
0.427945
0.427267
0.429954
0.423959
0.423928
0.427472
0.428312
0.426546
0.428312
0.424904
0.425806
0.429531
0.424718
0.426527
0.429612
0.427348
0.429232
0.426770
0.427224
0.425184
0.427827
0.427510
0.429649
0.428424
0.428368
0.428897
0.426160
0.427516
0.428449
0.426900
0.432958
0.425800
0.430240
0.428467
0.424730
0.426266
0.431204
0.427920
0.427566
0.428001
0.432976
0.430675
0.429021
0.427168
0.435097
