0.430956
0.425525
0.425183
0.430536
0.430558
0.426772
0.432379
0.428792
0.422953
0.423307
0.422313
0.430172
0.423671
0.429145
0.424488
0.426088
0.418583
0.420801
0.426618
0.423296
0.431739
0.423130
0.430271
0.430216
0.430956
0.428042
0.429002
0.425658
0.427832
0.425812
0.428152
0.429830
0.428450
0.424797
0.426342
0.425503
0.422611
0.423869
0.430933
0.431982
0.423075
0.428097
0.429918
0.424322
0.429366
0.425249
0.423847
0.434046
0.426496
0.429797
0.429101
0.424995
0.421221
0.425304
0.428781
0.427567
0.425680
0.424399
0.426772
0.432556
0.428340
0.424863
0.433969
0.428781
0.422390
0.426640
0.425658
0.426320
0.426441
0.428538
0.423682
0.431011
0.426187
0.427103
0.427357
0.430514
0.422335
0.426055
0.421905
0.428792
0.424499
0.421750
0.427953
0.433351
0.428560
0.422523
0.427446
0.425669
0.428406
0.428207
0.429995
0.425624
0.434598
0.430282
0.425658
0.422578
0.423869
0.426220
0.419653
0.424697
0.427876
0.424454
0.429929
0.423881
0.420371
0.427413
0.426364
0.430382
0.425945
0.425481
0.431916
0.422876
0.430084
0.424057
0.427534
0.428450
0.433108
0.418340
0.426121
0.430227
0.420900
0.427324
0.423042
0.421033
0.430448
0.428185
0.424995
0.426265
0.428097
0.424830
0.428605
0.432214
0.427766
0.431132
0.431154
0.426121
0.427832
0.429752
0.427413
0.434366
0.420150
0.429984
0.428152
0.425867
0.424432
0.424168
0.429995
0.433914
0.426739
0.427534
0.425492
0.422004
0.427920
0.428682
0.428858
0.424708
0.423439
0.425558
0.427070
0.425315
0.425702
0.426353
0.424156
0.426574
0.427368
0.432512
0.427688
0.430061
0.423329
0.428384
0.431165
0.431099
0.428373
0.426375
0.425194
0.421850
0.428605
0.425845
0.426033
0.427379
0.420216
0.434653
0.427501
0.427435
0.429201
0.426629
0.423351
0.425536
0.428649
0.420923
0.425205
0.426684
0.433329
0.431154
0.430139
0.430702
0.424653
0.428384
0.430393
0.429212
0.424168
0.431673
0.425095
0.428770
0.427302
0.430017
0.424554
0.423516
0.431574
0.433008
0.427975
0.428141
0.430624
0.427192
0.424852
0.426816
0.427181
0.429002
0.423858
0.427733
0.420216
0.420349
0.424454
0.437468
0.420326
0.425426
0.424421
0.426011
0.426011
0.434432
0.431585
0.424764
0.425945
0.426254
0.426176
0.423042
0.426717
0.430006
0.424079
0.429521
0.431154
0.429002
0.425326
0.424355
0.423649
0.428196
0.423329
0.422170
0.424024
0.425139
0.428373
0.426154
0.430635
0.430293
0.430978
0.430348
0.426982
0.424311
0.423638
0.429223
0.430337
0.427953
0.426706
0.430205
0.425503
0.422203
0.427346
0.426187
0.428980
0.424929
0.429245
0.420669
0.429134
0.427788
0.433218
0.427203
0.427368
0.422556
0.437125
0.431673
0.429013
0.418682
0.429664
0.428152
0.424477
0.426794
0.426772
0.429763
0.426066
0.422225
0.427181
0.428594
0.423682
0.427677
0.419973
0.432192
0.426375
0.429057
0.430492
0.425128
0.425481
0.425790
0.431640
0.420315
0.426839
0.428792
0.428428
0.435227
0.425238
0.426728
0.432037
0.426916
0.423373
0.427589
0.424112
0.431618
0.422203
0.427280
0.426342
0.423472
0.433417
0.436132
0.427953
0.416419
0.422865
0.431894
0.428616
0.430856
0.429399
0.428516
0.428174
0.437004
0.423020
0.423516
0.430006
0.425922
0.421165
0.423715
0.417589
0.425525
0.429024
0.425768
0.430348
0.426541
0.427203
0.430448
0.421099
0.428958
0.426309
0.426651
0.433218
0.427092
0.429057
0.426033
0.424719
0.431231
0.419477
0.428163
0.426883
0.425183
0.429267
0.431044
0.426662
0.428969
0.429079
0.429598
0.432777
0.426066
0.421805
0.432357
0.429951
0.422644
0.425989
0.432379
0.423980
0.423925
0.421640
0.429256
0.426839
0.416485
0.425426
0.422192
0.424730
0.423285
0.420834
0.431761
0.435249
0.425801
0.429808
0.426916
0.426386
0.427799
0.423892
0.427015
0.425702
0.430073
0.425922
0.427799
0.427048
0.422865
0.422015
0.421375
0.427931
0.428207
0.426938
0.426706
0.425216
0.428262
0.425889
0.424245
0.427401
0.428329
0.429223
0.428307
0.431883
0.425161
0.421772
0.422170
0.419587
0.421971
0.427733
0.426552
0.430337
0.418859
0.432644
0.426298
0.428141
0.436309
0.428329
0.426154
0.427137
0.428031
0.426011
0.423737
0.426706
0.426474
0.428064
0.420448
0.429454
0.423042
0.423660
0.425084
0.424002
0.433218
0.429289
0.430039
0.425635
0.434421
0.426408
0.430911
0.428130
0.430470
0.426772
0.424764
0.421695
0.427942
0.433560
0.431982
0.426022
0.429752
0.428307
0.426209
0.431563
0.423042
0.427777
0.425106
0.425547
0.425382
0.426640
0.428373
0.424896
0.427854
0.423097
0.427711
0.421342
0.418991
0.429256
0.426254
0.431673
0.427722
0.428936
0.431099
0.428759
0.426552
0.430150
0.424830
0.434267
0.419112
0.432236
0.424951
0.424377
0.434234
0.427567
0.433902
0.426011
0.429631
0.427501
0.427733
0.428527
0.428836
