0.425841
0.416332
0.424272
0.419371
0.418096
0.409372
0.424370
0.426527
0.409764
0.426037
0.437800
0.414077
0.430252
0.415547
0.415057
0.420547
0.414567
0.427409
0.414077
0.434369
0.409372
0.429664
0.418979
0.412999
0.407215
0.406431
0.428978
0.421919
0.426527
0.410744
0.413979
0.421233
0.424958
0.436134
0.409176
0.411430
0.427997
0.415057
0.417312
0.437212
0.420645
0.409862
0.413391
0.428487
0.425252
0.411920
0.432507
0.433977
0.414959
0.420743
0.427605
0.426625
0.423586
0.404862
0.434761
0.423194
0.404666
0.415253
0.406627
0.412018
0.410842
0.425350
0.421331
0.416234
0.423880
0.430840
0.434075
0.427703
0.426821
0.418684
0.410254
0.408587
0.413685
0.429566
0.412999
0.428683
0.421527
0.421723
0.419469
0.432114
0.411038
0.429762
0.425350
0.401823
0.416626
0.412901
0.436918
0.441329
0.421723
0.422017
0.419567
0.416136
0.423684
0.417410
0.423782
0.419273
0.414175
0.415842
0.432409
0.430644
0.426233
0.407215
0.422214
0.415940
0.406627
0.437506
0.426527
0.427507
0.414959
0.412999
0.413881
0.398784
0.422606
0.418586
0.413685
0.431624
0.419273
0.413783
0.432899
0.409568
0.405548
0.417116
0.415744
0.426527
0.422017
0.405745
0.427507
0.416626
0.434271
0.432311
0.411136
0.440839
0.432213
0.422900
0.413881
0.432801
0.427899
0.416822
0.428880
0.417606
0.420743
0.434957
0.413097
0.413783
0.423782
0.420351
0.422802
0.424958
0.408881
0.429860
0.431722
0.420743
0.424076
0.412313
0.412313
0.428487
0.429174
0.411920
0.407117
0.411626
0.423880
0.407705
0.425939
0.408391
0.405450
0.421919
0.411528
0.417900
0.416920
0.417802
0.421919
0.423096
0.407901
0.433683
0.427801
0.412509
0.414861
0.437800
0.427801
0.413195
0.410744
0.414469
0.410940
0.419861
0.423782
0.443388
0.410254
0.412018
0.429860
0.426233
0.421331
0.436036
0.408097
0.434467
0.424272
0.428291
0.404470
0.434957
0.409372
0.405941
0.414175
0.426233
0.399079
0.411822
0.422998
0.417214
0.399961
0.412313
0.418194
0.425448
0.422115
0.427311
0.429566
0.413391
0.416528
0.430154
0.416920
0.411528
0.449760
0.406627
0.425939
0.426331
0.416332
0.413489
0.407901
0.418390
0.425645
0.401725
0.426233
0.412116
0.411038
0.433389
0.417116
0.419763
0.432801
0.417410
0.424566
0.414959
0.419077
0.412705
0.406333
0.424174
0.436232
0.427017
0.420155
0.427899
0.411626
0.431526
0.411626
0.417606
0.406823
0.415646
0.428978
0.411528
0.430644
0.435742
0.427311
0.421723
0.417704
0.420743
0.410352
0.428193
0.409470
0.430840
0.415744
0.407901
0.408685
0.431330
0.414469
0.414175
0.424468
0.437506
0.412999
0.417018
0.415449
0.434761
0.422998
0.408980
0.425154
0.411626
0.432997
0.433977
0.423782
0.405450
0.413293
0.449760
0.426429
0.435546
0.423390
0.427801
0.417704
0.412901
0.422704
0.419861
0.416332
0.424566
0.421429
0.414469
0.421723
0.418194
0.401039
0.406823
0.417998
0.421135
0.434075
0.423292
0.424958
0.423782
0.417410
0.434369
0.416528
0.418684
0.419469
0.426037
0.426429
0.422900
0.416626
0.416332
0.427605
0.409078
0.417508
0.425252
0.424076
0.411822
0.416724
0.422508
0.425841
0.427213
0.421331
0.414763
0.413195
0.425154
0.427507
0.414077
0.429370
0.404764
0.424566
0.428781
0.411038
0.433095
0.412214
0.424468
0.399177
0.419763
0.428781
0.422312
0.429272
0.423488
0.436624
0.406235
0.422802
0.429958
0.423096
0.415547
0.425056
0.401627
0.443780
0.414469
0.415744
0.427801
0.422312
0.438781
0.416038
0.421233
0.419077
0.434271
0.411626
0.416822
0.427213
0.440447
0.432016
0.423880
0.428880
0.408293
0.424174
0.433585
0.413881
0.434859
0.417900
0.411332
0.423586
0.426135
0.416528
0.425154
0.420449
0.418979
0.406725
0.416430
0.411038
0.410842
0.428683
0.406235
0.414469
0.408980
0.419567
0.417508
0.415744
0.416528
0.424566
0.425448
0.425252
0.437310
0.431330
0.414861
0.425252
0.434075
0.421527
0.405156
0.435938
0.413097
0.408293
0.429272
0.424370
0.427311
0.413391
0.402510
0.412116
0.417116
0.415940
0.420449
0.428291
0.417116
0.422115
0.415547
0.422410
0.438290
0.421037
0.426625
0.409078
0.429762
0.419273
0.433193
0.422900
0.413979
0.418782
0.434663
0.420939
0.420351
0.427409
0.427605
0.412705
0.426919
0.418096
0.428095
0.417214
0.426135
0.419077
0.432213
0.429566
0.407803
0.402608
0.409274
0.425547
0.418194
0.424566
0.423488
0.421821
0.422017
0.414665
0.418586
0.419273
0.423586
0.423978
0.423782
0.434369
0.416724
0.430448
0.422900
0.402510
0.422410
0.431918
0.416528
0.418096
0.419567
0.417508
0.423488
0.403392
0.414175
0.418096
0.413783
0.415057
0.410156
0.416430
0.421527
0.399177
0.419077
0.403784
0.432213
0.400059
0.429272
0.433389
0.405941
0.433585
0.417116
0.416136
0.424664
0.424860
0.415842
0.416724
0.404078
0.412999
0.425448
0.418096
0.398588
0.424860
0.428880
0.425645
0.425448
0.415351
0.417606
0.413293
0.433781
0.416528
0.428193
0.418586
0.423782
0.425841
0.409078
0.427997
0.422115
