0.427110
0.423245
0.428747
0.427205
0.427815
0.424823
0.426958
0.427592
0.427209
0.428707
0.428867
0.429887
0.428433
0.428237
0.430030
0.426915
0.428915
0.428269
0.429990
0.428588
0.430002
0.429042
0.428962
0.429763
0.427409
0.429596
0.427723
0.429401
0.428233
0.424867
0.427118
0.428393
0.428783
0.428823
0.428688
0.426393
0.426970
0.424413
0.427106
0.429668
0.430915
0.428548
0.428592
0.429413
0.428074
0.429174
0.429875
0.426401
0.427668
0.426042
0.428066
0.427170
0.425715
0.425229
0.434106
0.427923
0.423612
0.427002
0.427608
0.430799
0.427544
0.429799
0.430241
0.426221
0.428373
0.428875
0.427261
0.426735
0.427831
0.424939
0.426771
0.428381
0.429357
0.429739
0.430321
0.426684
0.427186
0.425664
0.431341
0.428775
0.427608
0.427496
0.430739
0.428927
0.427540
0.427580
0.426014
0.429779
0.431381
0.431731
0.430779
0.426560
0.428345
0.429735
0.430464
0.428468
0.430644
0.425954
0.428656
0.428719
0.427759
0.426225
0.430484
0.428783
0.426867
0.427138
0.426859
0.428962
0.431074
0.429803
0.423915
0.427787
0.427174
0.428823
0.428066
0.425158
0.422990
0.426413
0.428492
0.432006
0.428186
0.428644
0.423700
0.427620
0.429042
0.428568
0.427014
0.427233
0.428301
0.430357
0.428556
0.424492
0.430735
0.431871
0.433357
0.429209
0.428437
0.429174
0.428357
0.428966
0.427947
0.430560
0.427656
0.428134
0.429249
0.427484
0.428536
0.428827
0.427269
0.430524
0.424771
0.424201
0.426002
0.428166
0.426313
0.431377
0.419365
0.427779
0.428711
0.428819
0.427190
0.425576
0.426600
0.425500
0.430042
0.426775
0.431337
0.431349
0.428385
0.428241
0.425966
0.425831
0.427696
0.428524
0.429197
0.428978
0.424871
0.426835
0.429711
0.429142
0.429460
0.427345
0.428544
0.431026
0.426417
0.429058
0.424648
0.424488
0.428775
0.426162
0.429688
0.427146
0.429289
0.428827
0.426456
0.425819
0.428138
0.428002
0.427524
0.425349
0.427739
0.428385
0.426341
0.429110
0.431823
0.426500
0.429289
0.429707
0.428488
0.428707
0.431333
0.431484
0.426233
0.428520
0.426106
0.426899
0.429875
0.431138
0.431186
0.427110
0.426767
0.428309
0.426002
0.429209
0.427982
0.424437
0.428389
0.426783
0.426947
0.424751
0.428608
0.429070
0.424325
0.428696
0.427257
0.426891
0.430385
0.431058
0.428480
0.429580
0.431484
0.429516
0.422895
0.428309
0.423281
0.428899
0.427727
0.424739
0.424931
0.426010
0.427429
0.427703
0.428508
0.430106
0.429524
0.424429
0.430042
0.426939
0.428954
0.425062
0.432269
0.428305
0.428791
0.428620
0.426445
0.426221
0.426385
0.429090
0.432369
0.428978
0.422819
0.425421
0.428783
0.425620
0.429735
0.427735
0.428353
0.427038
0.430174
0.427628
0.427680
0.428333
0.426520
0.429672
0.426014
0.428114
0.426560
0.426600
0.427257
0.426899
0.430150
0.427504
0.429126
0.424038
0.428954
0.427771
0.428954
0.425500
0.426568
0.425656
0.428484
0.424907
0.430572
0.427572
0.433118
0.429468
0.427652
0.425604
0.423022
0.430536
0.432245
0.428759
0.429692
0.428943
0.428711
0.428767
0.428552
0.425225
0.427118
0.427317
0.429305
0.428652
0.428253
0.427110
0.427448
0.428978
0.423281
0.426903
0.427747
0.428696
0.428437
0.427576
0.425887
0.426393
0.429030
0.425668
0.429261
0.425672
0.428743
0.425676
0.428317
0.430707
0.427923
0.425540
0.428759
0.429437
0.430118
0.430524
0.429731
0.425261
0.426205
0.424536
0.429046
0.430186
0.428588
0.426452
0.428484
0.428676
0.428504
0.429640
0.427321
0.424297
0.429783
0.426217
0.431361
0.427154
0.429819
0.428014
0.428887
0.427783
0.429377
0.424767
0.430899
0.428508
0.426182
0.429604
0.430269
0.428261
0.431038
0.432134
0.428050
0.429054
0.425425
0.426608
0.427911
0.430891
0.428313
0.431038
0.430512
0.428174
0.424361
0.428349
0.429616
0.432588
0.427532
0.426309
0.432166
0.425544
0.427763
0.430787
0.430711
0.428130
0.428915
0.430564
0.428448
0.429711
0.428353
0.427843
0.425046
0.427126
0.428162
0.427835
0.422994
0.429496
0.430317
0.428532
0.428660
0.428731
0.428919
0.428879
0.425707
0.426727
0.428102
0.425703
0.426297
0.429225
0.430839
0.429022
0.426719
0.425950
0.429046
0.428385
0.426899
0.430484
0.426648
0.426871
0.428500
0.426134
0.426345
0.425831
0.427939
0.427078
0.426313
0.427333
0.428066
0.427723
0.429277
0.429532
0.433556
0.429935
0.426923
0.431237
0.429134
0.424349
0.428835
0.428652
0.429668
0.425341
0.426066
0.429548
0.432006
0.426572
0.428660
0.424353
0.425943
0.426974
0.428010
0.424863
0.426759
0.422305
0.427357
0.429074
0.427030
0.423190
0.425863
0.428229
0.428572
0.426867
0.429070
0.427970
0.428273
0.429664
0.425425
0.428054
0.426389
0.427915
0.427823
0.425170
0.430046
0.425779
0.427353
0.428763
0.427492
0.427640
0.425540
0.428377
0.428281
0.428703
0.427799
0.428911
