0.124653
0.122694
0.125495
0.123271
0.122447
0.124542
0.123693
0.127067
0.123811
0.123468
0.132577
0.124610
0.123059
0.122952
0.123888
0.122730
0.123614
0.122497
0.123935
0.121964
0.127120
0.119008
0.125170
0.130134
0.126152
0.129626
0.120647
0.121601
0.124807
0.122846
0.128288
0.122470
0.123453
0.121244
0.122014
0.126594
0.116604
0.125300
0.125170
0.126292
0.128614
0.122975
0.124546
0.124483
0.132415
0.125631
0.123309
0.125676
0.120592
0.122777
0.128850
0.127115
0.124856
0.124514
0.127912
0.120969
0.126436
0.126484
0.130385
0.123621
0.132713
0.127422
0.124470
0.121895
0.121110
0.127151
0.122351
0.121897
0.120109
0.124807
0.122780
0.126713
0.122769
0.129252
0.124515
0.120711
0.125436
0.126532
0.122137
0.128880
0.119182
0.123045
0.126914
0.120135
0.120307
0.123189
0.129345
0.130215
0.123571
0.128680
0.124499
0.116597
0.129042
0.120312
0.120442
0.119936
0.123909
0.118814
0.125425
0.122869
0.123693
0.117966
0.123693
0.124332
0.124870
0.129880
0.129861
0.122935
0.127186
0.126870
0.122319
0.119563
0.119975
0.126586
0.123526
0.127908
0.119943
0.123271
0.129154
0.132416
0.126634
0.122354
0.124295
0.128526
0.127354
0.122916
0.119237
0.122618
0.116943
0.117012
0.129190
0.124987
0.121143
0.113687
0.117137
0.121999
0.122772
0.121540
0.127037
0.126569
0.123257
0.125206
0.120381
0.118501
0.125945
0.122455
0.121909
0.120400
0.120057
0.124099
0.119895
0.123265
0.121030
0.125748
0.129022
0.121678
0.129653
0.123539
0.125568
0.132066
0.125242
0.121243
0.120550
0.130346
0.123868
0.126622
0.121693
0.120054
0.127990
0.125518
0.122480
0.127377
0.118103
0.126264
0.123551
0.116487
0.119656
0.125444
0.125819
0.122894
0.124871
0.127955
0.121991
0.124590
0.122698
0.120522
0.126645
0.124268
0.128590
0.120180
0.130349
0.125091
0.124136
0.122531
0.126602
0.125676
0.122800
0.123636
0.121876
0.119439
0.127865
0.121868
0.122754
0.125455
0.125599
0.121922
0.121035
0.121128
0.122152
0.129846
0.123547
0.118469
0.131756
0.126364
0.125130
0.126374
0.128806
0.123888
0.123557
0.120322
0.127727
0.128850
0.126333
0.117399
0.126006
0.120196
0.128565
0.121509
0.127210
0.127103
0.117759
0.119856
0.128208
0.119166
0.127624
0.121852
0.118958
0.121281
0.125238
0.122756
0.120959
0.122807
0.129293
0.123374
0.118880
0.124987
0.131170
0.121517
0.125748
0.122769
0.126923
0.125813
0.119244
0.126320
0.128441
0.120494
0.123864
0.123194
0.119118
0.123737
0.123805
0.117495
0.121173
0.124604
0.121042
0.127863
0.121441
0.122968
0.132301
0.122396
0.124805
0.126265
0.127757
0.125904
0.130293
0.118396
0.124044
0.126317
0.127640
0.124987
0.125647
0.127029
0.123746
0.120530
0.122288
0.121609
0.130074
0.128491
0.123102
0.124790
0.122764
0.121128
0.120730
0.122746
0.126863
0.123267
0.122011
0.122218
0.122695
0.125237
0.122476
0.125222
0.131579
0.121489
0.126353
0.121994
0.125444
0.129026
0.124767
0.124831
0.130851
0.129036
0.120579
0.120718
0.117431
0.122066
0.125702
0.130014
0.130227
0.126006
0.125118
0.123558
0.125026
0.125773
0.123821
0.122134
0.125966
0.128511
0.125127
0.124423
0.130298
0.119869
0.124857
0.123225
0.124006
0.124512
0.130453
0.118658
0.127014
0.125824
0.121780
0.125681
0.123576
0.124594
0.121084
0.131808
0.122899
0.119659
0.124220
0.123060
0.124880
0.123719
0.126248
0.122426
0.123654
0.122974
0.123022
0.118828
0.126624
0.124564
0.125079
0.129093
0.128376
0.125026
0.126264
0.125103
0.119097
0.121323
0.125510
0.122523
0.125855
0.128704
0.121345
0.128123
0.125895
0.123627
0.118035
0.122946
0.123540
0.124441
0.126086
0.124807
0.122839
0.125091
0.127260
0.125220
0.118169
0.119412
0.118458
0.124831
0.122864
0.121338
0.124373
0.127037
0.122273
0.123266
0.120644
0.123787
0.128441
0.120982
0.124437
0.131711
0.121181
0.124035
0.128694
0.121399
0.119290
0.119303
0.125630
0.123961
0.128603
0.126266
0.120977
0.120800
0.119094
0.120905
0.118169
0.125643
0.124180
0.123988
0.124637
0.119360
0.131084
0.121215
0.116623
0.128863
0.124598
0.126558
0.122773
0.126782
0.129212
0.125935
0.129328
0.121018
0.123632
0.122760
0.126250
0.123878
0.120483
0.127131
0.128567
0.119368
0.123723
0.124199
0.130100
0.125249
0.119237
0.121934
0.128101
0.130209
0.120290
0.131534
0.120423
0.118248
0.121772
0.121705
0.129900
0.124517
0.127456
0.121151
0.124272
0.125232
0.129164
0.117953
0.130407
0.122796
0.120124
0.121961
0.117588
0.124910
0.125780
0.127804
0.122178
0.118768
0.124201
0.124107
0.121187
0.126345
0.129622
0.126890
0.128498
0.120290
0.118775
0.124336
0.126889
0.126165
0.129858
0.123227
0.125889
0.125377
0.123407
0.127754
0.119837
0.125553
0.126684
0.122287
0.127336
0.126523
0.124419
0.120911
