0.430909
0.429127
0.424094
0.423878
0.428047
0.423264
0.429409
0.428019
0.429785
0.428678
0.431668
0.425738
0.427006
0.428241
0.428905
0.426048
0.427798
0.430931
0.429199
0.429243
0.426048
0.429337
0.424792
0.428900
0.429038
0.424775
0.425606
0.429697
0.425949
0.428811
0.428617
0.426430
0.429603
0.428606
0.424050
0.432100
0.432293
0.428108
0.426735
0.425445
0.425201
0.426984
0.428518
0.428983
0.427372
0.425367
0.428246
0.425395
0.429021
0.428368
0.427748
0.427936
0.431297
0.429940
0.430649
0.425268
0.426574
0.429675
0.428850
0.424465
0.427471
0.425744
0.426724
0.429752
0.429675
0.432742
0.426331
0.431640
0.427211
0.425982
0.430151
0.426907
0.428484
0.431629
0.430970
0.428656
0.425318
0.429907
0.424908
0.424803
0.422538
0.429603
0.427316
0.430998
0.429747
0.427643
0.427859
0.428828
0.427516
0.430311
0.427394
0.428900
0.426630
0.430350
0.426873
0.426530
0.424620
0.423291
0.425678
0.427958
0.430882
0.426082
0.424282
0.426347
0.425146
0.427128
0.430749
0.427743
0.423087
0.428540
0.430278
0.429653
0.421702
0.427748
0.430145
0.420695
0.427981
0.428435
0.427172
0.430826
0.428540
0.430339
0.428977
0.427172
0.427300
0.429636
0.431546
0.429415
0.426187
0.426513
0.427410
0.425794
0.429143
0.430815
0.430970
0.429420
0.428551
0.426154
0.429575
0.429597
0.428324
0.432183
0.430511
0.423956
0.426220
0.424997
0.425766
0.431596
0.428025
0.424653
0.425882
0.429929
0.426862
0.424078
0.431635
0.422992
0.424382
0.425689
0.428900
0.427383
0.425794
0.424703
0.427272
0.427516
0.429315
0.430096
0.422350
0.420938
0.423524
0.427322
0.434397
0.424764
0.427095
0.430810
0.429713
0.430549
0.429459
0.426818
0.427117
0.429243
0.423967
0.427665
0.426990
0.421924
0.429398
0.425666
0.430483
0.430920
0.429957
0.429226
0.427134
0.425257
0.426054
0.427676
0.423574
0.428468
0.429487
0.428025
0.430538
0.430090
0.428529
0.430245
0.428806
0.427842
0.426353
0.423197
0.429171
0.426275
0.428999
0.422334
0.431142
0.425257
0.423911
0.430378
0.431668
0.429531
0.424969
0.420667
0.427981
0.426037
0.427444
0.423452
0.429592
0.425262
0.425140
0.427322
0.427632
0.425174
0.421841
0.431491
0.427117
0.425788
0.425833
0.429071
0.427970
0.427981
0.426403
0.425716
0.425240
0.431889
0.426774
0.431596
0.423917
0.427189
0.428872
0.429852
0.427156
0.429985
0.427322
0.428080
0.429974
0.431579
0.425035
0.429658
0.428335
0.426381
0.428667
0.428335
0.426453
0.429282
0.425893
0.427787
0.429808
0.425821
0.431070
0.430428
0.430815
0.426154
0.429592
0.425993
0.425362
0.427366
0.427499
0.429132
0.429271
0.429082
0.430239
0.423552
0.430051
0.428025
0.433401
0.430062
0.421536
0.429448
0.429010
0.428601
0.427903
0.427383
0.430328
0.426248
0.425268
0.427870
0.432410
0.431640
0.427970
0.429907
0.429021
0.426613
0.423945
0.430411
0.431015
0.426015
0.430433
0.424288
0.425877
0.430444
0.429403
0.428379
0.429165
0.423579
0.427361
0.424432
0.427920
0.432570
0.427510
0.428911
0.430837
0.425124
0.426203
0.430322
0.423413
0.429747
0.423801
0.431037
0.428058
0.426093
0.424687
0.427139
0.427643
0.427438
0.422478
0.424277
0.424404
0.429426
0.426015
0.425257
0.429055
0.430012
0.427964
0.425152
0.426187
0.427643
0.423707
0.421558
0.424714
0.429725
0.426403
0.426242
0.429431
0.430898
0.427792
0.427189
0.427028
0.427349
0.428042
0.423341
0.427781
0.425788
0.432155
0.425772
0.428269
0.429741
0.428706
0.429785
0.429896
0.423269
0.431895
0.426597
0.427554
0.430350
0.428673
0.432221
0.425279
0.427538
0.425545
0.429248
0.428523
0.426890
0.425489
0.429331
0.427726
0.429188
0.427759
0.431153
0.430334
0.426846
0.424388
0.426087
0.426918
0.425965
0.429475
0.429331
0.433268
0.430522
0.428235
0.428036
0.425927
0.428379
0.424094
0.428274
0.427272
0.428999
0.423745
0.427543
0.430378
0.426585
0.429038
0.429409
0.430134
0.429016
0.426940
0.425833
0.429963
0.428905
0.428152
0.427278
0.429625
0.425351
0.424482
0.426763
0.424172
0.425816
0.424587
0.428911
0.426187
0.426558
0.432177
0.432642
0.422123
0.427964
0.425578
0.426137
0.427421
0.429320
0.428623
0.428119
0.422583
0.426901
0.425185
0.424825
0.429509
0.428999
0.425035
0.425766
0.426115
0.426120
0.428994
0.429979
0.424736
0.427504
0.428728
0.426591
0.430749
0.428446
0.427958
0.426076
0.429359
0.426835
0.422854
0.424897
0.428562
0.426436
0.426370
0.426336
0.429952
0.422616
0.431673
0.426774
0.431884
0.430450
0.425921
0.426010
0.424415
0.424006
0.424526
0.429143
0.425877
0.426170
0.426519
0.427853
0.431441
0.429415
0.432493
0.426868
0.427582
0.424991
0.427754
0.425993
0.427001
0.424747
0.428113
0.421708
0.432105
0.424725
0.428861
0.428639
0.430599
0.428606
0.427200
0.427660
0.427958
0.430826
0.428529
0.429813
0.427593
0.424410
0.428949
0.426979
0.427848
0.427194
0.430024
0.423690
0.425013
0.422904
0.430981
0.429791
0.425594
0.426469
0.426613
0.428656
0.426331
0.430173
0.422267
0.427311
0.431463
0.427643
0.425976
0.426264
0.428296
0.426386
0.429498
0.425866
0.427964
0.429121
0.429403
0.427803
0.423679
0.427920
0.434597
0.424172
0.426713
0.427660
0.426541
0.429359
0.427444
0.424631
0.426752
0.428529
0.425650
0.423762
0.430084
0.429863
0.427748
0.428667
0.427167
0.428473
0.425478
0.427931
0.428080
0.427632
0.427089
0.430273
0.427510
0.428756
0.428280
0.425666
0.430782
0.428878
0.426403
0.429907
0.427272
0.428136
0.428230
0.429415
0.426929
0.433727
0.428446
0.426907
0.424731
0.430882
0.430206
0.425594
0.428158
0.424930
0.429370
0.425345
0.429420
0.426143
0.426884
0.433578
0.427792
0.426934
0.425866
0.423889
0.428412
0.428551
0.427671
0.429221
0.427300
0.432227
0.426126
0.428329
0.427826
0.427826
0.428379
0.428927
0.428562
0.423452
0.428651
0.426015
0.426381
0.425473
0.430234
0.425539
0.428424
0.433296
0.423845
0.428639
0.427316
0.429165
0.429271
0.430300
0.429614
0.424913
0.424803
0.428080
0.429830
0.430217
0.430727
0.425434
0.425971
0.425019
0.425600
0.424687
0.426275
0.429686
0.427826
0.427997
0.430500
0.431529
0.427610
0.429232
0.428158
0.427936
0.425655
0.425572
0.424786
0.424908
0.426663
0.428490
0.425744
0.431308
0.425761
0.423302
0.427538
0.425816
0.429426
0.432460
0.427803
0.426923
0.428673
0.426430
0.426519
0.430848
0.429127
0.432559
0.424985
0.427410
0.428623
0.426735
0.429354
0.424742
0.429819
0.427554
0.426098
0.427543
0.423374
0.423552
0.425157
0.426148
0.426464
0.427372
0.423297
0.432487
0.427255
0.431917
0.428983
0.429010
0.426674
0.430151
0.429082
0.426956
0.426298
0.428656
0.431242
0.427715
0.423413
0.430987
0.425279
0.424991
0.430533
0.426929
0.430123
0.427643
0.429907
0.428069
0.427903
0.426242
0.429985
0.429664
0.425467
0.431701
0.429608
0.423253
0.429370
0.430494
0.424991
0.426868
0.426779
0.426840
0.428307
0.424648
0.430970
0.427366
0.432515
0.428889
0.424626
0.428534
0.425545
0.430201
0.423540
0.428977
0.427455
0.430727
0.423347
0.427693
0.427134
0.423779
0.429293
0.428152
0.429536
0.425711
0.427366
0.429774
0.424465
0.429176
0.426796
0.431291
0.423646
0.427106
0.427615
0.428645
0.427217
0.426746
0.425118
0.426851
0.425921
0.423203
0.426336
0.427560
0.429885
0.426896
0.431158
0.424293
0.427682
0.429304
0.433988
0.429913
0.427776
0.427842
0.429132
0.424714
0.436025
0.425633
0.431015
0.429055
0.428490
0.428905
0.422217
0.426447
0.428612
0.429885
0.429298
0.428379
0.425988
0.426037
0.429924
0.425689
0.433085
0.429636
0.428274
0.426757
0.431419
0.424869
0.431192
0.430206
0.433118
0.425877
0.430489
0.425683
0.426137
0.429221
0.434098
0.426353
0.426707
0.428828
0.427626
0.426569
0.427992
0.426043
0.428551
0.425367
0.424410
0.428916
0.429774
0.425140
0.427964
0.428097
0.425008
0.424764
0.426663
0.423402
0.425008
0.427726
0.425484
0.426824
0.426037
0.433716
0.428540
0.422760
0.427333
0.428479
0.429104
0.427826
0.429221
0.428855
0.423906
0.425401
0.423158
0.426486
0.429304
0.432288
0.430655
0.424985
0.431557
0.429381
0.428850
0.429210
0.426984
0.425561
0.429127
0.420374
0.424354
0.425069
0.428900
0.426829
0.424615
0.425384
0.422804
0.427399
0.428108
0.427383
0.425672
0.428008
0.431983
0.430837
0.424974
0.427903
0.426253
0.426453
0.424936
0.426143
0.428396
0.423640
0.424443
0.424233
0.424094
0.427150
0.431795
0.427206
0.427671
0.426846
0.423557
0.425351
0.426824
0.429990
0.428706
0.430073
0.427665
0.423640
0.429415
0.427554
0.430887
0.429487
0.431070
0.428534
0.429974
0.426192
0.432238
0.427942
0.426646
0.426480
0.430710
0.428113
0.426519
0.422931
0.429813
0.429797
0.421824
0.429459
0.425893
0.429708
0.429110
0.426381
0.433096
0.425201
0.426270
0.427798
0.422843
0.428479
0.431502
0.429769
0.425888
0.424233
0.423934
0.427150
0.430001
0.428257
0.428340
0.428551
0.424742
0.427947
0.431884
0.428806
0.427787
0.422660
0.426934
0.428108
0.426763
0.426325
0.424864
0.427361
0.424703
0.424376
0.425046
0.428651
0.425755
0.425943
0.430251
0.428241
0.421525
0.422228
0.429243
0.430179
0.426585
0.425838
0.428933
0.426010
0.421802
0.429392
0.430018
0.427023
0.430406
0.428108
0.427704
0.433168
0.426242
0.426569
0.429824
0.423103
0.429630
0.424061
0.429176
0.428197
0.429354
0.426375
0.432172
0.428639
0.428496
0.425157
0.425069
0.422173
0.427576
0.426126
0.432238
0.431125
0.424559
0.425013
0.427361
0.424543
0.427183
0.424233
0.429603
0.427604
0.425932
0.427842
0.428734
0.429398
0.424770
0.425655
0.430776
0.426292
0.427421
0.423596
0.424526
0.430245
0.426015
0.426087
0.424183
0.426901
0.426796
0.427914
0.422716
0.427449
0.430931
0.426774
0.431092
0.430992
0.432664
0.428695
0.424399
0.425700
0.423723
0.426397
0.428014
0.426862
0.424166
0.429470
0.428224
0.426801
0.426685
0.427787
0.420025
0.429287
0.430666
0.426973
0.423336
0.426386
0.427471
0.431164
0.429525
0.431026
0.425318
0.427122
0.426425
0.425938
0.431767
0.430317
0.429940
0.429902
0.425334
0.425185
0.427986
0.427820
0.427859
0.429127
0.429675
0.431696
0.429531
0.433428
0.428490
0.424792
0.427981
0.431192
0.425434
0.429282
0.428800
0.430898
0.428800
0.424875
0.427803
0.425539
0.427023
0.427316
0.431264
0.427200
0.425766
0.427981
0.427621
0.430638
0.425528
0.425124
0.428584
0.427610
0.426165
0.425367
0.430334
0.427045
0.426785
0.425589
0.426043
0.428905
0.427233
0.429431
0.430749
0.423203
0.428999
0.429725
0.433999
0.432304
0.428042
0.426569
0.430394
0.432199
0.426082
0.424947
0.431397
0.425268
0.429597
0.432592
0.427527
0.428379
0.429586
0.425976
0.424919
0.426242
0.428767
0.432675
0.425262
0.423491
0.427327
0.430107
0.429331
0.425367
0.425428
0.429597
0.429586
0.422422
0.428905
0.426680
0.427864
0.427300
0.426585
0.425960
0.429880
0.433451
0.426270
0.430267
0.426763
0.427925
0.427864
0.424271
0.430566
0.431142
0.425296
0.427178
0.433063
0.424509
0.427992
0.429431
0.427023
0.423059
0.427444
0.428047
0.429675
0.425877
0.422549
0.425107
0.430012
0.428064
0.427183
0.428091
0.430245
0.419693
0.427521
0.427023
0.429852
0.429575
0.427106
0.431707
0.429071
0.425412
0.431325
0.427604
0.426591
0.425882
0.432033
0.427255
0.426646
0.430267
0.427914
0.429298
0.427909
0.430472
0.424050
0.423679
0.424947
0.424388
0.427311
0.431535
0.427671
0.428944
0.424758
0.429597
0.425589
0.426264
0.434270
0.429686
0.427958
0.425833
0.425212
0.425545
0.428064
0.424764
0.430610
0.426325
0.429204
0.429874
0.429326
0.431197
0.426851
0.428634
0.427117
0.428385
0.425218
0.431147
0.426536
0.426331
0.429215
0.432111
0.422455
0.426347
0.426176
0.426934
0.426663
0.424930
0.427028
0.426131
0.428136
0.426159
0.427964
0.425893
0.425168
0.425273
0.431812
0.428656
0.427648
0.432410
0.428335
0.425456
0.429802
0.429985
0.425866
0.424399
0.427820
0.428224
0.431740
0.426220
0.423369
0.429420
0.428817
0.427970
0.425761
0.427936
0.426353
0.430627
0.425655
0.425196
0.426226
0.428008
0.431917
0.432338
0.430289
0.427931
0.430655
0.428219
0.426469
0.425168
0.423624
0.432260
0.429320
0.426065
0.425600
0.427073
0.426215
0.431701
0.426547
0.421907
0.424864
0.430466
0.429309
0.427471
0.424365
0.425196
0.428889
0.426065
0.426491
0.422926
0.426757
0.432615
0.433689
0.429116
0.426370
0.426967
0.425545
0.425445
0.427349
0.427565
0.427516
0.427222
0.425866
0.427217
0.431684
0.428257
0.428634
0.425500
0.427875
0.427925
0.426779
0.431015
0.427671
0.427704
0.423856
0.424952
0.422810
0.430732
0.427621
0.429774
0.422190
0.423900
0.430212
0.428191
0.429210
0.429304
0.424891
0.426298
0.427222
0.427438
0.424736
0.426934
0.426198
0.432913
0.421708
0.428861
0.425976
0.425766
0.431839
0.431059
0.426774
0.425672
0.425506
0.432238
0.429171
0.427283
0.427958
0.430638
0.431629
0.427366
0.429747
0.428628
0.427582
0.428761
0.426812
0.424310
0.427776
0.429016
0.425810
0.427560
0.424498
0.429708
0.429736
0.431158
0.430959
0.425827
0.426796
0.425096
0.429282
0.427815
0.428368
0.425019
0.425323
0.429210
0.425960
0.425727
0.428905
0.425351
0.425550
0.430583
0.425091
0.431186
0.425118
0.428922
0.426857
0.425927
0.426353
0.430068
0.426763
0.425384
0.426358
0.426956
0.426071
0.431646
0.429326
0.425129
0.428806
0.429691
0.425522
0.426220
0.424958
0.428850
0.425312
0.419349
0.433030
0.426868
0.428717
0.427006
0.429426
0.427870
0.428484
0.427781
0.427028
0.428617
0.429188
0.430361
0.424083
0.431358
0.430101
0.424399
0.426447
0.426962
0.428440
0.429082
0.429891
0.427853
0.431064
0.427067
0.428900
0.429835
0.428761
0.430466
0.425207
0.422765
0.425506
0.428097
0.429248
0.431186
0.427637
0.428889
0.428113
0.422450
0.427682
0.427604
0.424520
0.426702
0.426331
0.425893
0.426868
0.426907
0.427626
0.430516
0.427444
0.427383
0.425129
0.427909
0.427338
0.428340
0.426021
0.428252
0.426231
0.426702
0.431319
0.427482
0.428999
0.431651
0.429520
0.429968
0.427975
0.426275
0.426026
0.432454
0.430306
0.427117
0.425683
0.430239
0.429907
0.424886
0.430394
0.427704
0.428617
0.429448
0.425367
0.430195
0.427167
0.427372
0.424044
0.423496
0.427394
0.431707
0.425517
0.426569
0.429990
0.428999
0.424233
0.428296
0.425589
0.424997
0.432183
0.429354
0.428496
0.424415
0.430123
0.424354
0.426702
0.431413
0.429642
0.424581
0.428191
0.426054
0.430605
0.427726
0.423779
0.428484
0.422976
0.428440
0.426414
0.424858
0.427693
0.427947
0.430627
0.425201
0.428988
0.421448
0.432570
0.431618
0.429636
0.431552
0.424221
0.421857
0.422123
0.429957
0.427726
0.427438
0.428313
0.428147
0.426901
0.420019
0.427383
0.428750
0.428722
0.428922
0.426608
0.425395
0.429542
0.433993
0.429221
0.422079
0.430012
0.427936
0.427427
0.424670
0.428717
0.433495
0.431109
0.423491
0.425163
0.428617
0.431978
0.428379
0.433224
0.429464
0.424675
0.426408
0.424997
0.428318
0.428911
0.426818
0.428628
0.426386
0.424515
0.425190
0.430583
0.423491
0.429924
0.426884
0.425916
0.428794
0.429232
0.422644
0.429138
0.429664
0.430555
0.428728
0.429370
0.425755
0.426923
0.432205
0.429985
0.427765
0.427488
0.429619
0.426718
0.427327
0.430727
0.431341
0.424482
0.427023
0.427920
0.426979
0.427792
0.428401
0.427970
0.427073
0.423812
0.423236
0.427560
0.425716
0.428878
0.426447
0.426381
0.426386
0.427117
0.427527
0.429553
0.428064
0.426624
0.424803
0.427355
0.428169
0.425611
0.430129
0.425528
0.427549
0.423408
0.429940
0.430799
0.424963
0.427826
0.426115
0.430024
0.423147
0.426131
0.425949
0.429819
0.424692
0.425827
0.427405
0.429752
0.427172
0.428318
0.430123
0.427571
0.430040
0.431961
0.425046
0.427039
0.428988
0.428424
0.425201
0.428512
0.425567
0.427278
0.431325
0.428977
0.433091
0.430633
0.428905
0.427017
0.429880
0.427266
0.426796
0.428861
0.425938
0.425650
0.423242
0.430439
0.427582
0.430649
0.427294
0.429702
0.425080
0.429448
0.427748
0.431125
0.422920
0.423701
0.426824
0.427743
0.429929
0.423884
0.431059
0.427737
0.425783
0.424293
0.428861
0.425140
0.426192
0.426021
0.425821
0.425589
0.427200
0.427100
0.428075
0.426392
0.426602
0.429664
0.426718
0.426525
0.431031
0.427853
0.430765
0.425976
0.427017
0.429093
0.432432
0.432183
0.432183
0.427377
0.429713
0.428523
0.424925
0.426740
0.426619
0.427931
0.427693
0.425140
0.427377
0.429802
0.426104
0.427527
0.428484
0.425622
