0,46354		0,469526312
0,461292		
0,459048		
0,456589		
0,460162		
0,461833		
0,493279		
0,458576		
0,460868		
0,461219		
0,460155		
0,489051		
0,45611		
0,455816		
0,45734		
0,459218		
0,455497		
0,469913		
0,456403		
0,456791		
0,453954		
0,460607		
0,491479		
0,453315		
0,456229		
0,46055		
0,45963		
0,50022		
0,461611		
0,465569		
0,459303		
0,463257		
0,495186		
0,466378		
0,473984		
0,459		
0,465508		
0,494245		
0,461998		
0,460023		
0,464841		
0,45751		
0,492264		
0,459045		
0,462471		
0,462456		
0,465372		
0,455703		
0,462672		
0,462728		
0,463605		
0,463102		
0,464116		
0,494274		
0,463172		
0,463984		
0,460537		
0,459273		
0,495522		
0,459986		
0,463184		
0,460586		
0,463268		
0,493512		
0,461877		
0,461167		
0,459366		
0,462013		
0,493338		
0,46543		
0,459306		
0,459522		
0,458898		
0,490301		
0,458901		
0,466019		
0,463234		
0,461189		
0,461301		
0,464106		
0,459413		
0,466888		
0,458749		
0,462157		
0,489918		
0,463891		
0,468894		
0,459892		
0,461075		
0,492407		
0,462185		
0,463235		
0,463431		
0,46202		
0,492081		
0,464307		
0,462579		
0,460262		
0,464418		
0,490667		
0,46525		
0,459494		
0,46442		
0,463774		
0,492553		
0,469305		
0,46175		
0,472272		
0,457237		
0,458138		
0,457761		
0,462378		
0,463007		
0,465276		
0,464252		
0,495658		
0,461059		
0,46377		
0,468257		
0,461947		
0,502079		
0,463766		
0,462748		
0,460506		
0,462826		
0,49638		
0,46214		
0,459091		
0,465618		
0,465199		
0,499496		
0,464377		
0,463446		
0,467766		
0,466767		
0,498944		
0,463805		
0,465771		
0,462676		
0,461074		
0,471551		
0,465735		
0,464092		
0,462501		
0,461295		
0,459367		
0,495503		
0,467714		
0,460979		
0,46064		
0,470513		
0,496169		
0,463772		
0,46474		
0,476322		
0,460973		
0,496736		
0,462407		
0,469042		
0,466139		
0,460157		
0,491613		
0,462347		
0,463968		
0,469718		
0,461006		
0,496195		
0,461353		
0,465448		
0,463123		
0,462936		
0,490581		
0,463114		
0,458229		
0,467711		
0,463714		
0,459824		
0,463532		
0,459399		
0,462055		
0,463244		
0,459193		
0,494858		
0,463065		
0,462711		
0,463232		
0,460547		
0,495819		
0,468956		
0,467266		
0,462237		
0,459674		
0,492223		
0,463078		
0,460152		
0,459535		
0,462549		
0,495226		
0,463686		
0,459686		
0,461054		
0,467482		
0,49504		
0,463371		
0,460742		
0,47378		
0,459269		
0,46446		
0,461378		
0,462236		
0,4622		
0,461886		
0,467693		
0,497263		
0,468477		
0,462873		
0,466951		
0,460799		
0,500219		
0,461655		
0,463506		
0,467766		
0,46333		
0,500172		
0,464121		
0,469863		
0,461656		
0,471154		
0,49673		
0,460619		
0,462059		
0,46102		
0,460652		
0,492466		
0,467302		
0,464178		
0,466214		
0,461187		
0,462471		
0,459221		
0,469125		
0,464747		
0,462683		
0,461963		
0,496569		
0,465015		
0,461458		
0,461575		
0,469012		
0,499896		
0,45995		
0,459663		
0,461121		
0,461048		
0,494687		
0,47786		
0,462305		
0,464493		
0,467149		
0,497459		
0,465769		
0,464621		
0,461148		
0,462564		
0,494227		
0,465709		
0,470046		
0,465783		
0,463541		
0,651556		
0,49095		
0,463438		
0,466123		
0,461587		
0,462035		
0,49383		
0,465435		
0,468944		
0,464517		
0,460895		
0,494832		
0,463913		
0,462347		
0,459685		
0,464184		
0,491732		
0,460708		
0,46171		
0,4598		
0,464557		
0,493092		
0,460436		
0,465761		
0,468815		
0,461787		
0,494876		
0,462923		
0,46242		
0,464598		
0,46756		
0,457508		
0,468313		
0,460761		
0,462026		
0,464168		
0,469383		
0,497423		
0,46583		
0,466039		
0,463273		
0,462869		
0,495786		
0,464892		
0,46708		
0,459124		
0,466364		
0,49717		
0,459048		
0,46665		
0,46275		
0,462031		
0,49434		
0,461406		
0,462138		
0,461044		
0,463041		
0,499403		
0,46566		
0,466136		
0,462427		
0,460889		
0,46849		
0,470841		
0,462579		
0,466092		
0,465625		
0,463722		
0,495737		
0,472438		
0,46213		
0,458016		
0,468958		
0,500196		
0,464408		
0,467004		
0,469755		
0,464548		
0,499254		
0,464266		
0,460619		
0,465642		
0,463648		
0,503659		
0,472631		
0,469149		
0,469215		
0,475065		
0,497664		
0,465512		
0,462078		
0,463561		
0,465329		
0,463876		
0,465292		
0,465169		
0,46356		
0,462239		
0,462896		
0,494571		
0,468509		
0,461939		
0,466454		
0,465515		
0,497739		
0,46312		
0,463696		
0,461216		
0,465881		
0,496178		
0,465163		
0,461611		
0,463439		
0,462759		
0,498891		
0,465268		
0,464889		
0,464769		
0,468417		
0,493415		
0,465457		
0,467445		
0,463743		
0,463787		
0,464274		
0,466135		
0,470282		
0,466169		
0,45983		
0,463377		
0,498286		
0,469142		
0,472305		
0,473373		
0,468171		
0,49847		
0,460694		
0,464156		
0,468886		
0,462955		
0,50548		
0,475069		
0,463506		
0,465835		
0,468162		
0,496872		
0,499106		
0,468401		
0,466527		
0,462206		
0,494936		
0,466522		
0,467853		
0,46678		
0,464324		
0,465496		
0,463232		
0,461301		
0,464994		
0,463243		
0,459499		
0,499548		
0,469524		
0,464765		
0,46809		
0,462976		
0,501109		
0,462109		
0,471685		
0,462003		
0,46422		
0,501212		
0,462986		
0,464687		
0,469401		
0,466487		
0,495426		
0,461161		
0,466058		
0,461584		
0,468769		
0,500281		
0,474973		
0,464859		
0,466562		
0,460912		
0,465851		
0,464246		
0,464514		
0,463339		
0,462326		
0,466941		
0,493934		
0,462492		
0,465353		
0,464088		
0,464007		
0,497656		
0,468797		
0,471736		
0,469011		
0,465996		
0,494479		
0,468952		
0,469854		
0,472955		
0,473153		
0,498367		
0,465046		
0,464156		
0,467891		
0,463028		
0,496333		
0,46511		
0,464478		
0,467858		
0,460091		
0,463756		
0,463541		
0,468088		
0,463317		
0,46079		
0,462579		
0,496883		
0,468643		
0,468793		
0,470445		
0,46299		
0,500918		
0,465118		
0,464019		
