0.125370
0.121625
0.124674
0.123496
0.122809
0.124203
0.123440
0.127565
0.127141
0.125667
0.121724
0.126527
0.123273
0.125377
0.122209
0.125392
0.127435
0.116699
0.123669
0.125696
0.118829
0.124173
0.125737
0.126494
0.121623
0.125597
0.125605
0.126698
0.122730
0.119879
0.121971
0.122464
0.129336
0.125979
0.118478
0.120420
0.126802
0.123850
0.126518
0.118532
0.121930
0.121683
0.123694
0.125551
0.125534
0.127269
0.127931
0.125272
0.121465
0.125529
0.126625
0.122826
0.123856
0.124085
0.127806
0.126787
0.126109
0.120522
0.120419
0.125177
0.123758
0.125392
0.127830
0.124808
0.123135
0.130202
0.125563
0.122269
0.126004
0.125625
0.120104
0.123064
0.121481
0.123824
0.126943
0.128216
0.125436
0.123405
0.120481
0.127005
0.127881
0.121955
0.125168
0.122626
0.122789
0.120597
0.122096
0.118280
0.121310
0.124185
0.122358
0.124193
0.123714
0.125507
0.123122
0.123401
0.121686
0.131290
0.124200
0.128813
0.123728
0.119576
0.122611
0.121980
0.121604
0.123106
0.124473
0.121895
0.120899
0.127974
0.124566
0.122213
0.124993
0.126425
0.120853
0.127660
0.123329
0.123143
0.125787
0.119777
0.122935
0.123509
0.124805
0.120592
0.124468
0.119896
0.122882
0.120912
0.125666
0.123930
0.125665
0.129770
0.124270
0.123499
0.124727
0.124246
0.126172
0.121253
0.127214
0.117871
0.122435
0.123516
0.124172
0.121854
0.123191
0.120770
0.121632
0.119373
0.122513
0.125348
0.122887
0.121262
0.123906
0.124698
0.125309
0.126865
0.126180
0.125775
0.122812
0.121080
0.123364
0.125626
0.124883
0.122325
0.125707
0.120958
0.125864
0.124439
0.125255
0.124175
0.124978
0.121836
0.122130
0.126158
0.126529
0.123884
0.128995
0.131051
0.122522
0.121677
0.125567
0.121593
0.123224
0.125826
0.117623
0.122426
0.117061
0.119515
0.120547
0.123997
0.121905
0.124291
0.125465
0.123388
0.130430
0.125695
0.123922
0.125579
0.122743
0.124415
0.125619
0.126076
0.123758
0.121960
0.122421
0.123856
0.118974
0.125138
0.129923
0.124660
0.125263
0.127901
0.123197
0.123218
0.123689
0.119092
0.125693
0.123208
0.125070
0.118916
0.120118
0.120907
0.122133
0.123501
0.127340
0.123491
0.119048
0.129102
0.125036
0.128707
0.129230
0.120561
0.123702
0.125015
0.128258
0.126429
0.128211
0.123956
0.125050
0.125421
0.121180
0.126219
0.123428
0.124498
0.124978
0.123839
0.120954
0.127869
0.127639
0.123672
0.125547
0.121730
0.126924
0.126186
0.121033
0.123970
0.125577
0.125636
0.127508
0.123605
0.124824
0.124079
0.124124
0.122653
0.127752
0.125674
0.127908
0.123172
0.122153
0.124293
0.126886
0.124269
0.126997
0.118086
0.126513
0.124510
0.124765
0.116018
0.123213
0.122234
0.122928
0.122489
0.124698
0.122412
0.122884
0.125441
0.124520
0.122231
0.123091
0.127410
0.124076
0.119078
0.121396
0.122247
0.122633
0.125382
0.122633
0.125515
0.125897
0.129781
0.125298
0.124481
0.123382
0.124516
0.120748
0.124351
0.121871
0.122832
0.125914
0.123714
0.122885
0.122907
0.122765
0.126329
0.122328
0.125842
0.121696
0.124354
0.125307
0.125963
0.132364
0.123548
0.129211
0.122283
0.125109
0.123215
0.126241
0.123759
0.123759
0.122082
0.120396
0.121939
0.123541
0.122673
0.122688
0.127918
0.127530
0.120652
0.123417
0.123291
0.127214
0.120690
0.121329
0.125599
0.122670
0.125273
0.116321
0.122614
0.119268
0.124532
0.123627
0.128013
0.122716
0.128779
0.124445
0.122420
0.123411
0.126431
0.127863
0.119175
0.130659
0.122761
0.121038
0.126850
0.128034
0.121858
0.120609
0.121737
0.123895
0.116919
0.120298
0.120293
0.125180
0.125460
0.129247
0.124897
0.123629
0.124056
0.121361
0.123871
0.122300
0.122279
0.121123
0.124577
0.124357
0.127979
0.124675
0.124563
0.126316
0.125242
0.120943
0.125987
0.128372
0.127418
0.126272
0.125421
0.124737
0.124249
0.123050
0.125067
0.122164
0.127300
0.130032
0.122762
0.126376
0.122971
0.119476
0.123080
0.122519
0.126276
0.125718
0.121579
0.127123
0.123316
0.125815
0.122108
0.123977
0.125066
0.120083
0.124481
0.123058
0.122021
0.127467
0.123551
0.132509
0.121571
0.123484
0.124401
0.123267
0.124040
0.126366
0.129303
0.121647
0.125779
0.122051
0.127641
0.127971
0.121570
0.122268
0.124682
0.123045
0.123741
0.122397
0.125468
0.123853
0.125526
0.118467
0.120643
0.121644
0.120218
0.117952
0.123580
0.120614
0.120358
0.127420
0.122821
0.121242
0.119709
0.122012
0.122816
0.121699
0.122936
0.124277
0.125866
0.125274
0.124305
0.122377
0.123477
0.125058
0.125015
0.127159
0.123215
0.125498
0.123899
0.124453
0.124708
0.127013
0.123761
0.126818
0.122042
0.123156
0.123925
0.118509
0.128382
0.126264
0.120902
0.119524
0.123864
0.121102
0.125697
0.117925
0.124861
0.122923
0.123805
0.122910
0.120843
0.129695
0.122545
0.125491
0.127533
