0.122821
0.123273
0.125226
0.123621
0.125259
0.124453
0.125654
0.122294
0.123317
0.123337
0.124545
0.121957
0.125019
0.124522
0.126408
0.125293
0.123552
0.122232
0.124930
0.125497
0.123245
0.123413
0.123492
0.125317
0.123663
0.122963
0.125506
0.124370
0.127697
0.122249
0.125070
0.123966
0.125773
0.123943
0.123588
0.124859
0.123394
0.123435
0.124505
0.123137
0.124922
0.122157
0.126234
0.123377
0.122567
0.125744
0.125012
0.122535
0.123658
0.125009
0.124168
0.124130
0.121941
0.122612
0.124370
0.124188
0.122917
0.124770
0.123482
0.124455
0.123445
0.124291
0.124157
0.125541
0.122429
0.123561
0.124397
0.124222
0.124040
0.121995
0.123799
0.124893
0.121855
0.125322
0.124375
0.124509
0.123964
0.123615
0.123224
0.124119
0.123497
0.125698
0.123218
0.123000
0.123537
0.124520
0.123275
0.121973
0.122638
0.123652
0.122660
0.123721
0.124027
0.123749
0.124892
0.124385
0.124738
0.124264
0.124853
0.126360
0.122973
0.123748
0.124816
0.124745
0.124034
0.122767
0.123692
0.122542
0.124496
0.123900
0.123465
0.124317
0.124482
0.126330
0.121226
0.123432
0.123642
0.121892
0.123646
0.123662
0.125563
0.123762
0.123873
0.124381
0.124821
0.124326
0.125074
0.124545
0.124133
0.124264
0.124829
0.124126
0.124840
0.123817
0.124678
0.123552
0.123890
0.123908
0.124348
0.124766
0.123936
0.123189
0.123625
0.123450
0.126209
0.122506
0.125454
0.122198
0.122927
0.124276
0.122195
0.124292
0.124672
0.124179
0.125367
0.124263
0.123827
0.123692
0.124175
0.123000
0.124896
0.122639
0.125784
0.123720
0.124001
0.122304
0.124344
0.124150
0.124326
0.123646
0.124794
0.124032
0.123945
0.124310
0.126076
0.124254
0.124952
0.122507
0.122781
0.123341
0.124031
0.124859
0.123769
0.123462
0.124262
0.124195
0.126622
0.127150
0.125494
0.123239
0.123961
0.124898
0.124955
0.124017
0.125420
0.124453
0.125137
0.125193
0.124281
0.122876
0.124173
0.122359
0.124200
0.127035
0.125174
0.123785
0.125312
0.123605
0.124788
0.124113
0.122832
0.125154
0.126369
0.123628
0.124073
0.125524
0.124006
0.122255
0.126053
0.121274
0.123818
0.122899
0.124983
0.125018
0.125017
0.123627
0.124602
0.126071
0.123806
0.125644
0.125078
0.126385
0.122875
0.124124
0.124401
0.124150
0.123505
0.123645
0.123441
0.121861
0.125963
0.123901
0.124259
0.124934
0.123007
0.125765
0.124938
0.121170
0.123315
0.123878
0.123613
0.124457
0.123582
0.124489
0.122861
0.124301
0.123947
0.124868
0.123660
0.125640
0.124251
0.125019
0.123451
0.121903
0.123000
0.125868
0.124548
0.122744
0.123762
0.121976
0.124425
0.122873
0.123548
0.126703
0.123391
0.123265
0.124899
0.122556
0.123105
0.124821
0.121672
0.123813
0.123901
0.124359
0.125070
0.123941
0.123753
0.124559
0.123683
0.123471
0.123822
0.124115
0.123451
0.123819
0.124923
0.123713
0.124870
0.122731
0.125541
0.123769
0.125397
0.124963
0.123479
0.124074
0.124845
0.124949
0.122507
0.123724
0.125220
0.122506
0.124875
0.124872
0.124259
0.122187
0.124782
0.123417
0.123157
0.123181
0.123827
0.123680
0.123643
0.124114
0.124698
0.126417
0.124818
0.124157
0.122674
0.123740
0.124411
0.125810
0.125687
0.124634
0.124699
0.124731
0.125081
0.123076
0.124749
0.123507
0.127090
0.127031
0.124992
0.122534
0.124478
0.124901
0.122814
0.124361
0.124400
0.126594
0.124767
0.124388
0.125051
0.122274
0.124307
0.124397
0.124097
0.124175
0.124631
0.125247
0.125947
0.123505
0.125963
0.126857
0.123301
0.127216
0.125745
0.121739
0.123654
0.125490
0.124916
0.124704
0.124212
0.124176
0.123225
0.126101
0.121653
0.124381
0.124090
0.123588
0.124180
0.123882
0.123864
0.123469
0.124679
0.124841
0.124789
0.123976
0.122771
0.121601
0.123850
0.124648
0.123731
0.123798
0.125196
0.125439
0.123147
0.124349
0.125198
0.122719
0.124310
0.123721
0.124177
0.124809
0.125103
0.122588
0.124040
0.123952
0.125016
0.123026
0.125596
0.123518
0.126326
0.124937
0.124523
0.122302
0.123334
0.123453
0.123414
0.126467
0.124932
0.124267
0.125003
0.123784
0.123745
0.124623
0.124152
0.123151
0.126079
0.125179
0.123814
0.124826
0.126359
0.123459
0.123975
0.123192
0.126920
0.123347
0.122908
0.124325
0.126260
0.124426
0.125065
0.124539
0.124273
0.124675
0.122721
0.123870
0.124180
0.122810
0.124937
0.123505
0.124045
0.124638
0.124269
0.124071
0.122525
0.125392
0.125981
0.123906
0.123198
0.124057
0.123033
0.127601
0.122941
0.124164
0.123878
0.126366
0.123924
0.124584
0.123779
0.122530
0.124842
0.123593
0.123421
0.122899
0.125992
0.125489
0.122049
0.126020
0.125320
0.125622
0.123501
0.123769
0.124150
0.124382
0.124373
0.126461
0.124236
0.125009
0.124612
0.123580
0.124072
0.123333
0.125009
0.123500
0.124182
0.124250
0.122982
0.123886
0.125208
0.123649
0.124658
0.122121
0.122409
0.123615
0.124679
0.123818
0.125590
0.124222
0.123172
0.124383
0.124473
0.124018
0.125594
0.123347
0.124229
0.124166
0.124271
0.121405
0.122983
0.123842
0.124650
0.124385
0.124731
0.125039
0.125803
0.124130
0.125067
0.124850
0.124878
0.124238
0.123032
0.123325
0.125058
0.122804
0.124161
0.124423
0.122587
0.124266
0.123840
0.124124
0.123981
0.124163
0.125107
0.123636
0.123282
0.125435
0.124515
0.125249
0.126168
0.125155
0.122304
0.125103
0.124893
0.123703
0.124681
0.123532
0.124409
0.123467
0.123196
0.125975
0.123032
0.125744
0.124817
0.122525
0.123169
0.123941
0.123168
0.123550
0.124429
0.124393
0.123955
0.125889
0.125000
0.123142
0.123991
0.123936
0.126716
0.123350
0.125315
0.122961
0.124434
0.125949
0.125127
0.124454
0.123968
0.125462
0.124441
0.124216
0.125893
0.122501
0.123508
0.123883
0.125574
0.123938
0.122782
0.123910
0.124514
0.124015
0.122977
0.123554
0.124121
0.124706
0.123802
0.123229
0.124667
0.122025
0.122753
0.122720
0.124024
0.124893
0.123112
0.124529
0.125464
0.124980
0.125420
0.123684
0.124920
0.124914
0.125280
0.120175
0.124796
0.123214
0.125191
0.123401
0.123444
0.124026
0.123678
0.124275
0.122949
0.124181
0.122440
0.124617
0.123704
0.124300
0.124001
0.126708
0.124794
0.124831
0.125270
0.126493
0.124679
0.124717
0.121842
0.123561
0.124198
0.125512
0.123496
0.126273
0.125908
0.123963
0.124912
0.123406
0.126242
0.121470
0.122579
0.122709
0.123636
0.123537
0.123735
0.124730
0.122064
0.123976
0.125996
0.121796
0.123789
0.124218
0.123208
0.124361
0.123167
0.122846
0.123556
0.124059
0.123309
0.124896
0.125522
0.121707
0.124200
0.123637
0.124160
0.125614
0.125236
0.124330
0.124334
0.125324
0.124515
0.124675
0.124223
0.124836
0.123948
0.124592
0.123743
0.124198
0.125627
0.124571
0.123747
0.125525
0.124119
0.123820
0.124017
0.124849
0.126938
0.124294
0.124908
0.124897
0.124437
0.127423
0.125426
0.125212
0.124002
0.125657
0.125593
0.124019
0.123881
0.125079
0.123830
0.124559
0.122806
0.125444
0.124139
0.123445
0.124123
0.124754
0.122995
0.125350
0.122083
0.123757
0.123145
0.123406
0.124663
0.122538
0.125781
0.123494
0.125131
0.126557
0.124068
0.122655
0.124982
0.125603
0.124203
0.123512
0.123658
0.123281
0.123635
0.126540
0.125573
0.124191
0.123433
0.124334
0.124473
0.124831
0.125065
0.122416
0.124452
0.124338
0.125177
0.122709
0.125064
0.121507
0.122662
0.124069
0.123567
0.124065
0.122690
0.123693
0.122749
0.124811
0.124272
0.122685
0.125738
0.123490
0.125575
0.123767
0.126816
0.122943
0.125079
0.122572
0.123859
0.125895
0.125271
0.125495
0.126125
0.123763
0.125719
0.123343
0.124220
0.124936
0.123480
0.123117
0.123267
0.123851
0.123523
0.124262
0.123925
0.122990
0.123532
0.124200
0.124907
0.122829
0.125233
0.123637
0.124608
0.125064
0.123511
0.124399
0.126259
0.122910
0.125861
0.123761
0.126122
0.124739
0.123335
0.124723
0.122872
0.124200
0.124855
0.122269
0.124699
0.123659
0.126008
0.123192
0.124229
0.124757
0.123501
0.123509
0.124763
0.124556
0.124012
0.122362
0.124003
0.123713
0.124896
0.123030
0.124997
0.124864
0.123250
0.124822
0.124359
0.122641
0.123808
0.124003
0.124242
0.123694
0.125669
0.124686
0.125381
0.125603
0.124209
0.124709
0.123519
0.123546
0.122829
0.125042
0.124445
0.123553
0.123422
0.122610
0.123117
0.124781
0.124625
0.124632
0.123845
0.124023
0.123933
0.123793
0.124645
0.124715
0.124673
0.123925
0.123795
0.122744
0.124549
0.125074
0.126055
0.123107
0.124294
0.123578
0.121998
0.124235
0.124722
0.123981
0.121133
0.125843
0.121221
0.123272
0.125614
0.124055
0.124383
0.120198
0.124948
0.122449
0.125144
0.123497
0.123932
0.123806
0.121273
0.123277
0.122144
0.124696
0.125079
0.124690
0.121851
0.123375
0.124956
0.124910
0.124752
0.125377
0.123458
0.125313
0.124099
0.124485
0.123127
0.124537
0.122640
0.123886
0.121858
0.124193
0.126042
0.124892
0.125322
0.124257
0.124894
0.125541
0.124184
0.123132
0.124491
0.123385
0.123706
0.124873
0.124514
0.123540
0.122366
0.124275
0.123220
0.124606
0.124197
0.123523
0.122589
0.123279
0.124906
0.122850
0.123735
0.121895
0.122747
0.121905
0.123569
0.123788
0.123844
0.125434
0.124728
0.123254
0.122690
0.125767
0.124805
0.123468
0.126175
0.123941
0.124107
0.125054
0.124165
0.125748
0.124164
0.124979
0.125664
0.123080
0.123644
0.124198
0.124849
0.123685
0.124796
0.124737
0.124260
0.125338
0.123438
0.123799
0.124477
0.124128
0.122869
0.125016
0.123958
0.124773
0.125362
0.124405
0.123903
0.124823
0.122472
0.125646
0.124378
0.123686
0.125894
0.125125
0.122768
0.124718
0.122995
0.124188
0.123646
0.124266
0.125147
0.125845
0.122239
0.123529
