0,613425		0,581928472
0,618213		0,5741815
0,622552		
0,627207		
0,598172		
0,601316		
0,604163		
0,60079		
0,594873		
0,596187		
0,603466		
0,557712		
0,561497		
0,564889		
0,597913		
0,561711		
0,564687		
0,561183		
0,59881		
0,562667		
0,565201		
0,562174		
0,597084		
0,560167		
0,565797		
0,562497		
0,557467		
0,604921		
0,559044		
0,564855		
0,564342		
0,596837		
0,561562		
0,566264		
0,572176		
0,601383		
0,56795		
0,564882		
0,564344		
0,567487		
0,559189		
0,570719		
0,562311		
0,562658		
0,596427		
0,572704		
0,567344		
0,562061		
0,606782		
0,565482		
0,567959		
0,565429		
0,596471		
0,565715		
0,565435		
0,568168		
0,56009		
0,565497		
0,564799		
0,564715		
0,572335		
0,604943		
0,587703		
0,56158		
0,563379		
0,603636		
0,565028		
0,562692		
0,568621		
0,602693		
0,566257		
0,560423		
0,570222		
0,569221		
0,612723		
0,562976		
0,562269		
0,563882		
0,603173		
0,572677		
0,569268		
0,565071		
0,608924		
0,569332		
0,561872		
0,568855		
0,565064		
0,568769		
0,564218		
0,562569		
0,563066		
0,602966		
0,563677		
0,567447		
0,566764		
0,607662		
0,568545		
0,562485		
0,560054		
0,604112		
0,568033		
0,564032		
0,566252		
0,563023		
0,568814		
0,56729		
0,561987		
0,570513		
0,611521		
0,576199		
0,574402		
0,57285		
0,606649		
0,573132		
0,562248		
0,571455		
0,600893		
0,567269		
0,570786		
0,568243		
0,570454		
0,610813		
0,563964		
0,572062		
0,566497		
0,602482		
0,573183		
0,568577		
0,572165		
0,605343		
0,566158		
0,565852		
0,739431		
0,633732		
0,619012		
0,57631		
0,576791		
0,6212		
0,633521		
0,582226		
0,583754		
0,584144		
0,615352		
0,580525		
0,577302		
0,575052		
0,614233		
0,576537		
0,568615		
0,56672		
0,57648		
0,573981		
0,577057		
0,572914		
0,569084		
0,611265		
0,570315		
0,580381		
0,574864		
0,607267		
0,567473		
0,571816		
0,569365		
0,603104		
0,572742		
0,572241		
0,572176		
0,569191		
0,571729		
0,604685		
0,569036		
0,573728		
0,606401		
0,569051		
0,57708		
0,568524		
0,608979		
0,574707		
0,571204		
0,572554		
0,603634		
0,578884		
0,577054		
0,568736		
0,573182		
0,607908		
0,56694		
0,572689		
0,564805		
0,612927		
0,574315		
0,566037		
0,567188		
0,605774		
0,568348		
0,568346		
0,571413		
0,566746		
0,565139		
0,570759		
0,574001		
0,575732		
0,599687		
0,571367		
0,577749		
0,575598		
0,600251		
0,589905		
0,574997		
0,572218		
0,605993		
0,579144		
0,575972		
0,564698		
0,571238		
0,572258		
0,565648		
0,568841		
0,584819		
0,605724		
0,569837		
0,56887		
0,562308		
0,602544		
0,571535		
0,568813		
0,565809		
0,662195		
0,56946		
0,570976		
0,587418		
0,57335		
0,621393		
0,581412		
0,571985		
0,577357		
0,607403		
0,574127		
0,569427		
0,573341		
0,610149		
0,571838		
0,569787		
0,566		
0,565103		
0,577914		
0,575678		
0,566071		
0,566405		
0,600001		
0,573765		
0,567132		
0,57039		
0,619081		
0,569463		
0,564832		
0,573434		
0,613053		
0,573379		
0,567195		
0,567895		
0,573488		
0,576388		
0,568588		
0,572294		
0,566324		
0,609937		
0,581587		
0,578513		
0,714556		
0,625243		
0,598384		
0,589222		
0,6046		
0,61821		
0,572363		
0,59577		
0,574169		
0,577171		
0,621012		
0,606567		
0,568079		
0,572718		
0,615315		
0,591682		
0,568991		
0,580183		
0,612041		
0,569106		
0,564713		
0,580554		
0,569978		
0,572161		
0,568794		
0,565592		
0,573848		
0,61226		
0,570259		
0,590613		
0,584538		
0,655958		
0,601248		
0,576079		
0,574194		
0,616395		
0,571575		
0,573396		
0,577991		
0,570522		
0,572708		
0,567963		
0,574399		
0,57775		
0,618527		
0,582868		
0,574622		
0,572209		
0,618059		
0,575618		
0,575619		
0,575375		
0,612492		
0,584349		
0,578401		
0,574477		
0,57416		
0,620882		
0,580628		
0,5693		
0,574137		
0,635286		
0,57374		
0,572412		
0,576796		
0,642939		
0,573473		
0,576116		
0,567222		
0,571292		
0,573933		
0,569976		
0,573877		
0,572934		
0,612653		
0,573353		
0,574717		
0,578809		
0,612207		
0,580521		
0,571989		
0,573781		
0,616954		
0,577064		
0,583669		
0,590218		
0,575552		
0,578759		
0,57621		
0,569458		
0,587662		
0,617937		
0,578329		
0,577895		
0,56568		
0,607283		
0,576977		
0,580411		
0,569483		
0,61845		
0,576483		
0,57153		
0,572081		
0,576853		
0,614062		
0,578997		
0,579412		
0,578752		
0,607523		
0,572779		
0,573728		
0,58314		
0,604652		
0,579976		
0,573178		
0,586423		
0,577853		
0,576592		
0,569157		
0,57827		
0,575426		
0,608994		
0,578405		
0,575283		
0,618224		
0,640725		
0,57142		
0,575248		
0,571075		
0,610614		
0,57116		
0,57615		
0,571281		
0,592112		
0,576702		
0,571781		
0,574314		
0,568535		
0,610345		
0,570965		
0,578444		
0,582779		
0,613674		
0,571447		
0,572479		
0,572805		
0,612197		
0,583064		
0,579548		
0,576718		
0,572959		
0,614047		
0,57996		
0,57804		
0,577989		
0,611275		
0,575959		
0,577257		
0,578045		
0,607172		
0,575132		
0,577655		
0,574253		
0,575262		
0,573643		
0,583097		
0,568378		
0,572176		
0,615933		
0,575189		
0,575951		
0,570671		
0,613635		
0,57148		
0,577331		
0,572407		
0,612715		
0,570826		
0,584629		
0,572733		
0,573713		
0,573129		
0,581025		
0,579984		
0,575593		
0,620058		
0,572901		
0,58515		
0,570513		
0,612427		
0,578333		
0,583476		
0,571286		
0,613254		
0,573862		
0,572383		
0,576143		
0,574313		
0,608954		
0,572761		
0,587165		
0,577737		
0,608818		
0,584618		
0,568767		
0,572344		
0,60535		
0,582531		
0,578592		
0,573522		
0,569883		
0,573079		
0,572525		
0,575965		
0,568454		
0,609359		
0,570439		
0,573362		
0,581629		
0,608301		
0,57447		
0,571417		
0,582829		
0,604736		
0,582457		
0,571156		
0,579054		
0,57256		
0,631953		
0,572656		
0,589611		
