0.426724
0.424926
0.427623
0.424912
0.425362
0.426116
0.424079
0.428443
0.428985
0.425745
0.423749
0.429316
0.415683
0.428390
0.426790
0.425507
0.427200
0.429739
0.427848
0.416212
0.427835
0.424793
0.425759
0.429263
0.431762
0.427253
0.425626
0.424780
0.423220
0.425031
0.428364
0.428588
0.430916
0.425111
0.432740
0.432304
0.426962
0.417058
0.432926
0.427398
0.421236
0.422083
0.432066
0.428655
0.428483
0.425415
0.423193
0.429501
0.421276
0.425441
0.428139
0.422479
0.422678
0.427412
0.425759
0.424383
0.423841
0.430069
0.425428
0.427954
0.425957
0.427213
0.428840
0.428549
0.424397
0.419398
0.425428
0.424688
0.429197
0.427438
0.430876
0.428364
0.423960
0.422916
0.427279
0.424807
0.427716
0.425031
0.429197
0.423855
0.427623
0.423458
0.425838
0.426936
0.427861
0.424344
0.421316
0.429739
0.424502
0.420747
0.428112
0.428403
0.424740
0.423127
0.426579
0.422096
0.426975
0.427901
0.420774
0.434473
0.423669
0.427769
0.423352
0.431246
0.420866
0.421898
0.429316
0.423008
0.424926
0.425878
0.425587
0.418340
0.423260
0.431974
0.424463
0.425322
0.421950
0.429369
0.427240
0.424410
0.429699
0.429144
0.426407
0.424701
0.424040
0.427425
0.425772
0.433217
0.430017
0.432145
0.430109
0.424502
0.432185
0.417970
0.433243
0.425838
0.430334
0.428707
0.430003
0.428218
0.424846
0.434618
0.421964
0.424000
0.427240
0.429633
0.423511
0.431590
0.423934
0.422453
0.423074
0.432992
0.425071
0.432026
0.427636
0.428668
0.427755
0.422109
0.425640
0.428046
0.429223
0.424185
0.430360
0.427848
0.422268
0.429250
0.423907
0.432410
0.434155
0.428959
0.427478
0.422374
0.424926
0.425217
0.430612
0.429831
0.426420
0.426340
0.426129
0.426671
0.426288
0.423802
0.429739
0.420350
0.420853
0.423021
0.427068
0.431722
0.424661
0.430916
0.417428
0.426288
0.430453
0.428430
0.423669
0.423418
0.425441
0.431550
0.419874
0.426975
0.427451
0.431788
0.431960
0.425904
0.429342
0.428509
0.424886
0.425402
0.425203
0.431775
0.430347
0.433349
0.429607
0.422678
0.427068
0.427398
0.427927
0.420099
0.420179
0.424648
0.421884
0.431828
0.426896
0.424132
0.424053
0.433825
0.425600
0.423352
0.426724
0.425666
0.429898
0.428945
0.421488
0.430916
0.422109
0.430188
0.426486
0.423379
0.431074
0.425759
0.433177
0.423021
0.429078
0.421369
0.427319
0.428179
0.428258
0.433719
0.419385
0.422043
0.430017
0.428483
0.419068
0.429012
0.424185
0.423722
0.424542
0.420536
0.426460
0.431683
0.430612
0.424397
0.428483
0.433084
0.425309
0.424754
0.428575
0.425864
0.425441
0.433719
0.424767
0.425838
0.426274
0.429051
0.428919
0.429924
0.421673
0.418684
0.432079
0.424754
0.426684
0.431048
0.433944
0.424740
0.428364
0.424278
0.428813
0.417415
0.428099
0.432093
0.422876
0.427980
0.424727
0.422664
0.423709
0.423379
0.431855
0.423392
0.429660
0.422651
0.427623
0.430017
0.424450
0.427226
0.431405
0.428311
0.430929
0.431643
0.429990
0.422056
0.425666
0.423193
0.429051
0.423550
0.424331
0.420218
0.423788
0.429990
0.425336
0.426962
0.429355
0.424820
0.424767
0.430413
0.427174
0.424820
0.421514
0.429593
0.429990
0.433838
0.428060
0.429329
0.427478
0.426473
0.420707
0.423498
0.430215
0.424740
0.428112
0.429620
0.435121
0.418221
0.428509
0.425944
0.422889
0.423035
0.427438
0.426790
0.427240
0.420509
0.425441
0.422466
0.419716
0.423498
0.429911
0.429038
0.428853
0.424635
0.423974
0.422122
0.429144
0.426102
0.428800
0.427491
0.425243
0.424450
0.425375
0.429540
0.422770
0.430664
0.426803
0.426605
0.421025
0.433256
0.418460
0.424661
0.426552
0.424688
0.429474
0.431855
0.419874
0.432833
0.424463
0.424026
0.422268
0.431154
0.426631
0.426155
0.424833
0.433838
0.427993
0.429792
0.423048
0.424331
0.428324
0.425957
0.429448
0.429858
0.427279
0.418182
0.426631
0.426407
0.423260
0.417706
0.427623
0.419319
0.434169
0.429739
0.431828
0.427293
0.432079
0.432013
0.427927
0.424106
0.429144
0.425521
0.427028
0.431286
0.422307
0.430969
0.428483
0.430255
0.428337
0.431286
0.417415
0.421593
0.430823
0.426618
0.426288
0.426962
0.419676
0.424635
0.430017
0.431564
0.424145
0.429501
0.428588
0.429805
0.430162
0.423273
0.428615
0.431273
0.429818
0.426552
0.428337
0.429673
0.429276
0.430506
0.428972
0.434671
0.426975
0.426698
0.430678
0.427398
0.427279
0.430307
0.427491
0.420536
0.428813
0.431101
0.427729
0.424119
0.431736
0.426288
0.424238
0.429263
0.427610
0.428377
0.427888
0.426830
0.426565
0.431643
0.422995
0.430307
0.426116
0.421593
0.431061
0.420099
0.427795
0.424013
0.425534
0.428602
0.422969
0.428139
0.420959
0.420245
0.429911
0.428205
0.425243
0.422506
0.427226
0.419742
0.426896
0.427107
0.431246
0.433785
0.423431
0.426724
0.422559
0.423537
