0.123888
0.122320
0.124829
0.125383
0.123058
0.125524
0.124596
0.125471
0.123100
0.126484
0.124969
0.123011
0.124629
0.125697
0.126007
0.125015
0.122777
0.124899
0.122974
0.125328
0.124797
0.123882
0.123718
0.122810
0.123733
0.122574
0.125368
0.124014
0.124411
0.125071
0.123731
0.124451
0.124061
0.122939
0.124732
0.124004
0.122153
0.121341
0.122645
0.123683
0.124604
0.125254
0.122599
0.125197
0.125146
0.124254
0.123695
0.123810
0.122537
0.123845
0.124224
0.125145
0.124200
0.126460
0.124075
0.124474
0.123710
0.123496
0.125782
0.122166
0.125295
0.125203
0.122914
0.123092
0.126408
0.123565
0.121950
0.123210
0.122174
0.123692
0.122672
0.125868
0.123941
0.124170
0.123428
0.121960
0.125038
0.123992
0.127074
0.123829
0.124909
0.124177
0.122699
0.125206
0.123582
0.125832
0.123517
0.121427
0.123175
0.122465
0.122649
0.122971
0.122455
0.123910
0.123171
0.121823
0.125183
0.124534
0.124198
0.125662
0.125312
0.122672
0.124497
0.125569
0.123044
0.121940
0.122653
0.124703
0.125557
0.123896
0.124096
0.123299
0.123124
0.124927
0.124956
0.123029
0.126067
0.124389
0.124158
0.123972
0.125046
0.122407
0.123736
0.123240
0.124016
0.122882
0.125176
0.126209
0.126925
0.122760
0.126260
0.124841
0.124218
0.124879
0.124323
0.124068
0.121809
0.122523
0.124175
0.121909
0.124894
0.122428
0.123882
0.122564
0.123391
0.126324
0.122352
0.124675
0.123957
0.128710
0.127777
0.123768
0.124833
0.124453
0.123119
0.123436
0.125726
0.125188
0.124282
0.125442
0.125607
0.125805
0.123995
0.126145
0.124121
0.122150
0.124720
0.124330
0.124038
0.125156
0.124563
0.126419
0.125492
0.124545
0.119871
0.125815
0.123563
0.122641
0.124862
0.123594
0.124341
0.125794
0.124631
0.124933
0.125004
0.126657
0.123939
0.123696
0.125245
0.126362
0.124545
0.122980
0.122855
0.123070
0.125320
0.124891
0.125486
0.123637
0.124217
0.124451
0.126530
0.125814
0.123762
0.123545
0.126105
0.123719
0.123783
0.125096
0.124990
0.125138
0.121486
0.121523
0.123305
0.125554
0.122550
0.124254
0.126089
0.123933
0.124119
0.124289
0.125608
0.126230
0.122034
0.123244
0.125409
0.123128
0.123264
0.125348
0.126188
0.126304
0.125148
0.122209
0.126534
0.124369
0.124189
0.122526
0.123857
0.123216
0.122792
0.124494
0.124694
0.124250
0.125206
0.124709
0.125098
0.125315
0.123710
0.123230
0.123657
0.124865
0.123130
0.121060
0.123849
0.125126
0.123821
0.125733
0.122808
0.123138
0.121816
0.122665
0.123464
0.125521
0.125192
0.123342
0.122516
0.124216
0.126023
0.124631
0.121440
0.123991
0.124124
0.122238
0.125131
0.125952
0.122458
0.123192
0.120765
0.122930
0.124453
0.123909
0.124817
0.123769
0.123928
0.124578
0.124382
0.127156
0.125207
0.123413
0.123717
0.122012
0.123496
0.124748
0.126071
0.125603
0.123674
0.125467
0.124524
0.124530
0.122608
0.122701
0.122275
0.125434
0.126386
0.122086
0.125067
0.122899
0.124653
0.124209
0.124093
0.123161
0.124704
0.127393
0.123735
0.123145
0.126770
0.123046
0.123475
0.125266
0.123488
0.123251
0.122931
0.122945
0.125534
0.127644
0.124952
0.124398
0.126126
0.122290
0.122078
0.123167
0.121819
0.122211
0.123997
0.124773
0.123196
0.126700
0.121378
0.124462
0.121346
0.125159
0.124625
0.123092
0.124894
0.124741
0.123779
0.124707
0.124553
0.123532
0.123151
0.122546
0.125085
0.123912
0.124440
0.125281
0.122630
0.124710
0.122074
0.123082
0.124488
0.122927
0.125232
0.122060
0.124723
0.121717
0.123745
0.121976
0.125635
0.123924
0.121857
0.127090
0.125745
0.123409
0.123489
0.125728
0.123588
0.123674
0.123971
0.124053
0.124183
0.120922
0.124818
0.125100
0.123598
0.124168
0.123986
0.122231
0.125763
0.123452
0.125808
0.125371
0.124927
0.124612
0.124824
0.123353
0.125117
0.124646
0.124461
0.122685
0.124199
0.126777
0.123737
0.127324
0.121014
0.125050
0.124659
0.123677
0.123957
0.125312
0.124304
0.123819
0.123234
0.126237
0.124431
0.125710
0.123159
0.123292
0.126104
0.126157
0.123985
0.121849
0.122529
0.122872
0.125496
0.123071
0.123528
0.123973
0.125463
0.124764
0.121987
0.124637
0.123796
0.123797
0.124148
0.124784
0.121092
0.126114
0.123321
0.124948
0.125532
0.122574
0.123780
0.125372
0.123115
0.122198
0.123099
0.124258
0.124206
0.126482
0.125501
0.126773
0.126169
0.123784
0.126737
0.123708
0.121761
0.125922
0.125976
0.125143
0.124203
0.122931
0.124011
0.123912
0.123763
0.124969
0.123295
0.126201
0.126528
0.126368
0.125208
0.124065
0.124167
0.126686
0.125792
0.122791
0.124373
0.121343
0.123443
0.123024
0.123522
0.121531
0.122355
0.125322
0.126810
0.124563
0.123824
0.125601
0.122749
0.122378
0.123400
0.125410
0.125063
0.124088
0.123609
0.127445
0.123479
0.122286
0.125330
0.123691
0.123632
0.124804
