0.125031
0.124751
0.122372
0.126412
0.123550
0.123004
0.126711
0.123531
0.122188
0.126065
0.123541
0.127174
0.125057
0.124049
0.124148
0.122478
0.126113
0.124488
0.121926
0.124865
0.122666
0.124126
0.122559
0.124050
0.120555
0.123262
0.127832
0.123635
0.122544
0.121161
0.124374
0.124508
0.124905
0.122032
0.123970
0.121885
0.121673
0.124627
0.123018
0.124839
0.124080
0.125029
0.124230
0.126317
0.124006
0.123914
0.122094
0.123353
0.124261
0.124199
0.125499
0.124646
0.124835
0.122869
0.124016
0.122848
0.127281
0.124750
0.123335
0.121899
0.120176
0.124322
0.125168
0.124444
0.125933
0.122992
0.124962
0.122468
0.124753
0.126128
0.123431
0.121883
0.123041
0.126505
0.123307
0.122290
0.125405
0.127916
0.125007
0.123190
0.121039
0.125382
0.123048
0.126242
0.124805
0.124638
0.123038
0.126623
0.122170
0.123697
0.123771
0.123591
0.125007
0.120418
0.125430
0.122374
0.124443
0.123014
0.125976
0.125093
0.125877
0.124936
0.123610
0.121941
0.123076
0.123824
0.121038
0.125732
0.127315
0.122159
0.123342
0.123480
0.125712
0.127551
0.125422
0.127043
0.123772
0.123669
0.124847
0.124544
0.123489
0.124979
0.123109
0.121659
0.123793
0.124542
0.122055
0.124394
0.123663
0.127624
0.127289
0.124437
0.125112
0.124292
0.121107
0.123163
0.125960
0.125589
0.124655
0.124487
0.122647
0.123118
0.123677
0.122812
0.123249
0.122100
0.124682
0.123207
0.127261
0.123257
0.123422
0.121409
0.125175
0.125181
0.123159
0.125419
0.123907
0.121659
0.122719
0.124011
0.122695
0.123653
0.122582
0.124562
0.123979
0.122790
0.125401
0.124565
0.127030
0.125937
0.122119
0.123582
0.123326
0.123981
0.122666
0.126493
0.123129
0.125146
0.123507
0.124515
0.123543
0.120766
0.119956
0.123392
0.124365
0.124490
0.124405
0.125182
0.125367
0.122741
0.126324
0.124402
0.121292
0.124485
0.125487
0.123667
0.123645
0.123087
0.119902
0.123425
0.125705
0.124804
0.126118
0.122247
0.126889
0.125070
0.126096
0.124409
0.127264
0.120768
0.124251
0.122545
0.125958
0.125499
0.123686
0.126692
0.125124
0.123300
0.125703
0.125411
0.124195
0.121103
0.125400
0.123718
0.122989
0.124622
0.124139
0.125840
0.121826
0.123947
0.125143
0.123998
0.122615
0.122926
0.124210
0.123738
0.122720
0.124389
0.124919
0.123258
0.125031
0.125403
0.123289
0.128103
0.122280
0.121708
0.123324
0.125564
0.122067
0.125679
0.122863
0.122719
0.122918
0.124275
0.121900
0.123220
0.123537
0.122358
0.123233
0.122797
0.124405
0.125010
0.122847
0.126287
0.122254
0.125007
0.121847
0.123670
0.123244
0.121942
0.123321
0.122189
0.125768
0.124016
0.124741
0.125021
0.122307
0.123569
0.123070
0.126907
0.123184
0.126385
0.123600
0.125512
0.124429
0.124347
0.124752
0.124598
0.123546
0.122005
0.125428
0.122604
0.122163
0.121716
0.124191
0.123191
0.126431
0.122503
0.123926
0.123812
0.122882
0.120831
0.123633
0.122292
0.126310
0.126852
0.123007
0.126975
0.125786
0.124065
0.125891
0.122660
0.123049
0.123206
0.123603
0.121161
0.124182
0.123033
0.123794
0.123982
0.126550
0.125581
0.122937
0.127144
0.124400
0.124601
0.121618
0.122553
0.122435
0.123916
0.124077
0.123499
0.122444
0.125340
0.124322
0.123101
0.122100
0.123381
0.122326
0.123240
0.122908
0.125338
0.122850
0.121602
0.123594
0.127685
0.122389
0.123754
0.123776
0.121937
0.125392
0.125424
0.122785
0.124808
0.125355
0.123587
0.124986
0.123451
0.123309
0.123783
0.125250
0.123536
0.124058
0.123153
0.127816
0.125123
0.126451
0.123920
0.124892
0.124603
0.123842
0.124090
0.124862
0.125065
0.122218
0.123790
0.124148
0.122866
0.125607
0.122910
0.125301
0.124212
0.122717
0.123884
0.121763
0.125007
0.126406
0.125309
0.124899
0.124025
0.124933
0.123425
0.125906
0.123317
0.124465
0.124941
0.121192
0.127048
0.123311
0.126925
0.124348
0.123260
0.122559
0.122702
0.124329
0.121512
0.123803
0.125512
0.125207
0.124395
0.122035
0.125519
0.122220
0.122288
0.126569
0.126346
0.127181
0.124346
0.122219
0.125012
0.126595
0.122958
0.120839
0.123233
0.125137
0.123782
0.122332
0.124371
0.125808
0.122854
0.125862
0.123219
0.125446
0.124706
0.124618
0.121866
0.124143
0.124176
0.124829
0.125178
0.123040
0.122881
0.122840
0.126749
0.125312
0.124478
0.123163
0.123699
0.123189
0.121791
0.125592
0.128331
0.125417
0.124364
0.124154
0.124917
0.123779
0.123478
0.121710
0.124430
0.125449
0.125311
0.124926
0.123468
0.125309
0.123182
0.125763
0.123995
0.124848
0.123085
0.123239
0.125081
0.124720
0.123268
0.124408
0.121627
0.125154
0.121818
0.121347
0.123174
0.122339
0.124072
0.125379
0.125821
0.121962
0.123977
0.119905
0.122808
0.123022
0.125534
0.124001
0.121807
0.123755
0.123111
0.124391
0.124313
0.123805
0.125288
0.123409
0.125782
