0.429234
0.424562
0.426852
0.424740
0.430279
0.424320
0.431076
0.425010
0.429554
0.426382
0.424441
0.423566
0.426624
0.422208
0.422919
0.425252
0.428601
0.422628
0.428665
0.427591
0.424284
0.428508
0.425052
0.429063
0.425287
0.431168
0.427228
0.431836
0.427371
0.426823
0.425927
0.430948
0.421298
0.426588
0.427982
0.428544
0.428636
0.432910
0.429874
0.430578
0.424654
0.427392
0.431310
0.423097
0.425941
0.426425
0.428352
0.427840
0.429788
0.431161
0.427100
0.421568
0.425351
0.423147
0.425550
0.429326
0.426460
0.428004
0.425991
0.434119
0.430997
0.429497
0.429511
0.426347
0.423716
0.426674
0.431858
0.429170
0.428971
0.425948
0.426475
0.423893
0.426581
0.422820
0.429163
0.432697
0.426311
0.423253
0.422500
0.424960
0.421739
0.424284
0.431538
0.426816
0.422009
0.425259
0.427932
0.426219
0.429006
0.425337
0.430962
0.428558
0.433095
0.429675
0.429191
0.427812
0.427748
0.429006
0.428736
0.426795
0.427705
0.426475
0.429248
0.426432
0.429924
0.430727
0.426887
0.425685
0.426020
0.421227
0.425820
0.432149
0.427911
0.424299
0.424370
0.429397
0.423396
0.426076
0.430820
0.427968
0.428444
0.428501
0.428900
0.428836
0.427072
0.430663
0.429419
0.425116
0.422158
0.427385
0.422692
0.426183
0.430613
0.427193
0.429504
0.426375
0.428210
0.430300
0.422514
0.432292
0.426176
0.428544
0.426901
0.431026
0.427506
0.426361
0.429682
0.426468
0.427847
0.423097
0.423851
0.427122
0.430087
0.424028
0.430933
0.425216
0.426297
0.425913
0.428388
0.426297
0.424889
0.424164
0.426283
0.425330
0.427570
0.431616
0.425799
0.430108
0.428885
0.426304
0.428964
0.421035
0.424711
0.425657
0.434304
0.426560
0.426681
0.428494
0.425372
0.427954
0.426354
0.427591
0.426276
0.424277
0.426368
0.420580
0.425444
0.425934
0.423787
0.422293
0.426283
0.432114
0.425088
0.428217
0.424441
0.431367
0.427847
0.430564
0.423687
0.425579
0.425273
0.430236
0.429959
0.425707
0.424789
0.424647
0.430229
0.426283
0.426532
0.424946
0.434560
0.428693
0.430514
0.425237
0.428117
0.426425
0.421234
0.427413
0.424711
0.422300
0.426923
0.427186
0.429988
0.424612
0.423801
0.435349
0.428174
0.428942
0.422763
0.426880
0.425536
0.430592
0.425764
0.428032
0.426304
0.430059
0.429397
0.430421
0.431559
0.421660
0.427314
0.428039
0.426361
0.431026
0.424228
0.425479
0.426574
0.427947
0.424917
0.427641
0.425984
0.428395
0.425465
0.429931
0.427513
0.423332
0.426695
0.429191
0.427371
0.427079
0.429959
0.426539
0.426581
0.430556
0.432242
0.427641
0.423260
0.428274
0.429980
0.427271
0.427328
0.425429
0.427413
0.424796
0.428324
0.428658
0.430087
0.423438
0.428772
0.431972
0.423246
0.428096
0.429383
0.425828
0.424384
0.423737
0.425621
0.431751
0.428850
0.432277
0.427200
0.426162
0.424903
0.427335
0.428309
0.426780
0.423844
0.429419
0.426176
0.432284
0.428615
0.427797
0.422044
0.432249
0.427179
0.426901
0.427854
0.423716
0.426460
0.431708
0.426766
0.422059
0.428096
0.431765
0.425479
0.430379
0.425948
0.424740
0.430393
0.426432
0.427484
0.428594
0.420828
0.419612
0.427058
0.425188
0.431033
0.429724
0.429483
0.424761
0.434190
0.430002
0.425415
0.426418
0.428295
0.425209
0.431957
0.426112
0.434005
0.425273
0.426126
0.425422
0.427314
0.428807
0.428060
0.425444
0.427115
0.426325
0.432555
0.425173
0.426489
0.430528
0.428530
0.427584
0.429461
0.426404
0.432526
0.431467
0.430137
0.430969
0.424683
0.431993
0.426247
0.433209
0.427143
0.430599
0.424057
0.423943
0.431836
0.423509
0.427364
0.425252
0.428316
0.427307
0.427570
0.430898
0.424818
0.426254
0.431019
0.429824
0.423872
0.424732
0.426731
0.425173
0.429355
0.425280
0.427527
0.426197
0.425735
0.429319
0.423332
0.425828
0.429945
0.425792
0.425927
0.427420
0.427371
0.425500
0.427072
0.427079
0.429874
0.424910
0.429732
0.423083
0.427947
0.427264
0.429625
0.427762
0.427740
0.429589
0.423260
0.428174
0.434219
0.422108
0.432988
0.428885
0.425920
0.423147
0.430044
0.432683
0.427726
0.426012
0.426852
0.431737
0.425650
0.432612
0.424071
0.425536
0.429568
0.421746
0.429781
0.429895
0.428850
0.427520
0.433977
0.427691
0.426652
0.424512
0.422933
0.431922
0.424668
0.423019
0.427769
0.431097
0.427883
0.428814
0.427449
0.422229
0.422528
0.426197
0.424121
0.429020
0.424633
0.427157
0.425401
0.423090
0.421554
0.429191
0.428260
0.430955
0.422329
0.428231
0.424725
0.426091
0.428644
0.427620
0.426290
0.423566
0.427605
0.432747
0.425749
0.420089
0.430933
0.432256
0.429845
0.432668
0.431644
0.429703
0.428316
0.432583
0.431531
0.428523
0.422933
0.428964
0.430663
0.425756
0.427598
0.429589
0.426724
0.427371
0.422812
0.427854
0.429916
0.425678
0.429561
0.434041
0.428892
0.430436
0.427705
0.426482
