0.108014
0.102041
0.151020
0.088968
0.152542
0.142202
0.140000
0.075630
0.109005
0.136000
0.083969
0.092437
0.089655
0.090566
0.096234
0.139241
0.105469
0.138075
0.151515
0.137255
0.102362
0.103333
0.195980
0.141463
0.086093
0.094077
0.103448
0.082707
0.145299
0.096234
0.105485
0.123967
0.146919
0.109005
0.102941
0.122807
0.126984
0.094017
0.122363
0.102767
0.139013
0.116466
0.099567
0.141631
0.101449
0.105469
0.136150
0.142857
0.125541
0.115789
0.129771
0.078261
0.120833
0.117117
0.125000
0.135458
0.163636
0.129707
0.148148
0.144186
0.148594
0.139785
0.132530
0.107570
0.118367
0.093458
0.092437
0.166667
0.111111
0.125000
0.090909
0.088968
0.100000
0.143969
0.116105
0.112033
0.169492
0.128889
0.097744
0.101124
0.123506
0.109541
0.126050
0.121076
0.108597
0.127273
0.119816
0.145299
0.101754
0.135135
0.148148
0.107296
0.165049
0.141631
0.137778
0.109170
0.145038
0.076923
0.115942
0.124464
0.112360
0.108014
0.081481
0.094077
0.128514
0.116883
0.118644
0.098859
0.099631
0.136842
0.108014
0.091603
0.147059
0.109244
0.134615
0.089362
0.088435
0.098814
0.117871
0.178947
0.133005
0.137615
0.139785
0.123967
0.099567
0.106796
0.094891
0.104000
0.097166
0.105691
0.115044
0.103734
0.098182
0.130045
0.141463
0.100917
0.104693
0.111111
0.095652
0.125506
0.103734
0.092308
0.116883
0.084337
0.088968
0.088235
0.114286
0.104000
0.173077
0.163636
0.136564
0.129870
0.109489
0.097826
0.107692
0.111607
0.182320
0.100000
0.101124
0.097276
0.161905
0.115385
0.104247
0.164179
0.125581
0.106227
0.113043
0.154472
0.094203
0.164179
0.144033
0.096234
0.084337
0.107143
0.108374
0.128319
0.155779
0.126050
0.149606
0.140187
0.083636
0.145455
0.144928
0.137255
0.112403
0.133028
0.123853
0.144105
0.140187
0.127273
0.109705
0.134694
0.112903
0.109375
0.094595
0.085714
0.134884
0.138211
0.111111
0.150235
0.111111
0.147321
0.075630
0.144279
0.106529
0.119691
0.123506
0.114391
0.126638
0.155556
0.145455
0.142857
0.104762
0.090196
0.133641
0.108225
0.080808
0.094017
0.133333
0.084871
0.115789
0.092437
0.121076
0.139344
0.110132
0.109434
0.112971
0.116667
0.120000
0.122677
0.188119
0.119266
0.105691
0.181395
0.131148
0.127273
0.079245
0.105485
0.100346
0.121495
0.107914
0.072464
0.126638
0.097046
0.146119
0.121569
0.120332
0.122807
0.115044
0.146919
0.120332
0.171717
0.107914
0.118943
0.099237
0.120332
0.136691
0.123894
0.107570
0.126050
0.106977
0.133333
0.148148
0.111111
0.145299
0.129167
0.144033
0.140187
0.141700
0.103203
0.107570
0.137255
0.102459
0.127572
0.135135
0.093496
0.119266
0.102662
0.131313
0.115207
0.126050
0.132530
0.082437
0.120690
0.118644
0.096154
0.178571
0.144186
0.171717
0.107438
0.141700
0.106870
0.099631
0.104478
0.090566
0.150943
0.111111
0.103139
0.113793
0.095406
0.097872
0.128405
0.127273
0.138686
0.097744
0.107692
0.176471
0.127820
0.104247
0.130435
0.087452
0.165877
0.090909
0.161290
0.101449
0.116667
0.092050
0.131148
0.085271
0.093525
0.091525
0.123077
0.113208
0.092937
0.109312
0.122363
0.112971
0.139241
0.088968
0.111111
0.126087
0.133333
0.118644
0.097276
0.113043
0.101695
0.120275
0.106061
0.145455
0.100402
0.082192
0.125523
0.081967
0.094340
0.092784
0.096296
0.113725
0.194737
0.131915
0.150442
0.111111
0.136564
0.130435
0.084507
0.139623
0.122530
0.104089
0.102662
0.112727
0.102310
0.126638
0.150259
0.100746
0.106227
0.124324
0.109635
0.126050
0.094340
0.088803
0.120419
0.114625
0.151515
0.109489
0.090476
0.142857
0.123457
0.131313
0.172414
0.130435
0.122807
0.097276
0.083333
0.151515
0.151515
0.089552
0.112628
0.128889
0.100000
0.097473
0.141667
0.140625
0.112782
0.140351
0.090909
0.107692
0.117871
0.106227
0.087948
0.071429
0.120968
0.132075
0.107438
0.146667
0.108303
0.099631
0.101322
0.120000
0.141631
0.154185
0.100402
0.101449
0.068966
0.133891
0.132420
0.149533
0.089552
0.087302
0.112840
0.132743
0.155779
0.126531
0.102662
0.129771
0.131222
0.109541
0.103448
0.106195
0.103448
0.098361
0.132479
0.116466
0.093023
0.145038
0.132813
0.105691
0.118367
0.138340
0.150442
0.169399
0.105882
0.129707
0.126050
0.095238
0.123077
0.148936
0.114504
0.102041
0.114754
0.091525
0.121739
0.142857
0.139535
0.091803
0.125581
0.123967
0.081272
0.092937
0.102362
0.125506
0.150943
0.132743
0.094488
0.129151
0.153153
0.134021
0.112903
0.079245
0.126638
0.135802
0.107438
0.144509
0.102041
0.112727
0.118943
0.096429
0.108108
0.132231
0.081272
0.109170
0.160000
0.099265
0.147783
0.101754
0.154185
0.170124
0.092199
0.085271
0.137168
0.148936
0.137546
0.131148
0.123077
0.155251
0.125506
0.121569
0.115830
0.097276
0.072464
0.141553
0.112971
0.112108
