0.123007
0.122718
0.122895
0.123976
0.124994
0.124470
0.124185
0.123695
0.125209
0.123169
0.122586
0.124852
0.124935
0.123683
0.125273
0.124202
0.125053
0.120842
0.123523
0.124271
0.125515
0.123419
0.124557
0.123312
0.122795
0.122450
0.127324
0.124655
0.125050
0.124629
0.124711
0.121780
0.124335
0.123603
0.124161
0.121041
0.122062
0.122182
0.126312
0.124288
0.125257
0.124267
0.123823
0.122927
0.124310
0.123139
0.123694
0.124289
0.124671
0.123685
0.124421
0.124909
0.124026
0.123954
0.122953
0.124131
0.125101
0.123399
0.122849
0.125474
0.125512
0.123147
0.124226
0.122243
0.124018
0.120695
0.125873
0.122837
0.124577
0.125288
0.123777
0.124459
0.123613
0.123238
0.122874
0.124726
0.124494
0.122457
0.126464
0.124097
0.125902
0.124154
0.123147
0.124921
0.123907
0.123416
0.121658
0.125618
0.124657
0.124503
0.124718
0.124835
0.126174
0.123630
0.125337
0.123283
0.125976
0.126136
0.123855
0.124230
0.123914
0.126402
0.125359
0.123051
0.123724
0.124666
0.121716
0.124604
0.123175
0.125057
0.123831
0.124514
0.124288
0.123450
0.122852
0.125638
0.122866
0.123562
0.124835
0.122054
0.123054
0.122797
0.124490
0.124264
0.122323
0.123256
0.122492
0.123371
0.123435
0.126520
0.123664
0.123536
0.122107
0.121890
0.123773
0.123988
0.124924
0.124964
0.125232
0.123743
0.123051
0.122030
0.123751
0.125142
0.124282
0.124888
0.125325
0.122773
0.125686
0.124676
0.125720
0.123905
0.124705
0.124479
0.121300
0.126212
0.122551
0.122123
0.124487
0.123789
0.125408
0.123736
0.125622
0.124100
0.123477
0.122648
0.124844
0.127801
0.125283
0.125309
0.123039
0.123600
0.126167
0.123472
0.124006
0.123174
0.121347
0.123356
0.125253
0.124013
0.125961
0.125235
0.123916
0.126191
0.124252
0.124782
0.120750
0.122387
0.122507
0.123541
0.122474
0.124277
0.123382
0.124157
0.125660
0.125426
0.124123
0.125000
0.121827
0.121928
0.125189
0.126066
0.122720
0.123643
0.123581
0.125968
0.122099
0.123721
0.122471
0.125216
0.123557
0.124746
0.127780
0.125101
0.121470
0.124472
0.125287
0.126226
0.124392
0.125700
0.122709
0.126664
0.122315
0.124692
0.122801
0.125517
0.124157
0.126320
0.125966
0.123226
0.124099
0.125644
0.123251
0.125392
0.124201
0.124198
0.124722
0.124182
0.125129
0.122561
0.124329
0.122260
0.124435
0.125815
0.122494
0.122163
0.122999
0.120542
0.122874
0.124790
0.124009
0.122059
0.124499
0.125865
0.121122
0.123340
0.124089
0.122803
0.124279
0.123551
0.123767
0.124539
0.122949
0.124048
0.123000
0.125305
0.123484
0.125237
0.123178
0.123855
0.125041
0.125400
0.122732
0.123465
0.123451
0.124537
0.123314
0.124909
0.124269
0.123086
0.121993
0.124498
0.128434
0.122858
0.125190
0.125659
0.124880
0.123646
0.124022
0.123573
0.125667
0.123881
0.122875
0.123017
0.123373
0.122495
0.124619
0.123454
0.124231
0.122622
0.124274
0.124849
0.122976
0.125814
0.124981
0.124079
0.125050
0.125711
0.124603
0.124025
0.123795
0.125693
0.124190
0.123354
0.123635
0.123825
0.123593
0.126556
0.123833
0.122531
0.125041
0.123146
0.124221
0.123189
0.123749
0.124488
0.125709
0.126089
0.121085
0.124472
0.125567
0.124630
0.126640
0.124399
0.123874
0.125462
0.123887
0.121925
0.124733
0.124673
0.125045
0.125073
0.125699
0.126458
0.125297
0.123243
0.124229
0.125393
0.123869
0.122805
0.125379
0.124441
0.124423
0.125755
0.123883
0.126318
0.122923
0.125423
0.122678
0.123984
0.123597
0.123908
0.122322
0.123135
0.122486
0.125162
0.124239
0.124809
0.123286
0.123231
0.123106
0.121532
0.127057
0.124650
0.124350
0.125031
0.126909
0.126201
0.123156
0.124890
0.125074
0.123784
0.122360
0.124953
0.121692
0.123620
0.125850
0.125335
0.124805
0.122823
0.120607
0.121731
0.122644
0.122719
0.125921
0.124298
0.125772
0.126202
0.125767
0.125263
0.123743
0.123968
0.124159
0.124493
0.123030
0.124643
0.123234
0.123604
0.124889
0.124505
0.126653
0.128140
0.123999
0.125983
0.124006
0.125219
0.123684
0.124289
0.123252
0.123878
0.125418
0.124088
0.125921
0.123890
0.127436
0.125819
0.122685
0.122271
0.124977
0.123944
0.124652
0.125463
0.123195
0.122560
0.124658
0.125632
0.124854
0.123462
0.123700
0.124612
0.122648
0.122600
0.125163
0.124064
0.123871
0.125286
0.122033
0.123415
0.123035
0.125502
0.122238
0.125965
0.122924
0.122267
0.123519
0.125013
0.123877
0.125608
0.125075
0.126858
0.125567
0.124310
0.124031
0.124651
0.122805
0.125277
0.122943
0.123200
0.123319
0.122277
0.125760
0.125929
0.124093
0.124879
0.124830
0.122365
0.123785
0.125622
0.124663
0.124701
0.123125
0.122275
0.121020
0.124146
0.123213
0.124837
0.124833
0.123114
0.126557
0.126655
0.124625
0.125507
0.122513
0.125802
0.122717
0.123478
0.122324
0.124107
0.125812
0.124175
0.123325
0.122607
0.124401
0.124583
0.123844
0.126013
0.122330
0.125630
0.123525
0.123156
0.123891
0.126331
0.124310
0.125754
0.124708
0.124757
0.125662
0.127364
0.125206
0.125255
0.125484
0.123887
0.126521
0.125364
0.123478
0.123118
0.126420
0.125412
0.124029
0.124559
0.123566
0.124282
0.125729
0.123029
0.123490
0.126178
0.126021
0.126182
0.121912
0.124269
0.121505
0.123968
0.125175
0.124444
0.124328
0.123000
0.125555
0.122863
0.124046
0.125617
0.122651
0.122302
0.124110
0.124141
0.123074
0.122518
0.125397
0.124406
0.124104
0.125154
0.123187
0.124296
0.123648
0.123186
0.123853
0.124782
0.123763
0.124726
0.124242
0.123770
0.122927
0.124593
0.123272
0.122868
0.124452
0.121608
0.124748
0.124770
0.125174
0.121409
0.123530
0.123268
0.125233
0.125363
0.122958
0.126373
0.125548
0.125136
0.125528
0.122582
0.122946
0.124593
0.122579
0.125044
0.124305
0.122831
0.123149
0.124123
0.124240
0.122491
0.127090
0.124795
0.123195
0.122703
0.123901
0.122995
0.124430
0.125905
0.124508
0.124303
0.124573
0.124553
0.125902
0.125054
0.123062
0.122905
0.125893
0.122858
0.124028
0.122114
0.124508
0.123760
0.122089
0.126085
0.124580
0.125618
0.124475
0.124440
0.122622
0.124759
0.125863
0.125350
0.125322
0.125735
0.124409
0.122636
0.124217
0.124206
0.122378
0.124100
0.126183
0.123372
0.123629
0.123719
0.125527
0.124628
0.126944
0.126060
0.122531
0.125265
0.124408
0.122444
0.126003
0.125701
0.123420
0.126468
0.124528
0.120838
0.125802
0.125634
0.124630
0.124611
0.126778
0.124168
0.123828
0.122563
0.123536
0.123612
0.123921
0.123782
0.123723
0.124793
0.122147
0.123377
0.123499
0.122668
0.127681
0.125078
0.126117
0.123511
0.124744
0.125515
0.125559
0.122469
0.125251
0.123233
0.124992
0.122648
0.122295
0.122619
0.124705
0.124872
0.124987
0.121794
0.122142
0.124482
0.125655
0.121739
0.124453
0.125059
0.122459
0.124582
0.124068
0.123662
0.125393
0.124703
0.124078
0.123691
0.123825
0.122848
0.124997
0.122294
0.124075
0.125481
0.122468
0.121544
0.123300
0.123627
0.125780
0.124219
0.121880
0.124065
0.123670
0.123120
0.123267
0.123535
0.122950
0.123547
0.122892
0.125410
0.125500
0.124103
0.123716
0.124242
0.125793
0.124152
0.123511
0.124358
0.122077
0.125170
0.121570
0.123963
0.124312
0.123010
0.126531
0.125103
0.124426
0.123848
0.126161
0.122780
0.123307
0.123812
0.124731
0.124622
0.124839
0.123709
0.125708
0.127379
0.126300
0.123336
0.123017
0.124903
0.122230
0.125956
0.124816
0.122629
0.122249
0.122597
0.124206
0.122258
0.123994
0.124866
0.121361
0.123413
0.121808
0.122532
0.123857
0.124614
0.124162
0.124294
0.122504
0.126108
0.123572
0.123772
0.124324
0.126805
0.124808
0.125218
0.122939
0.123784
0.124501
0.124541
0.123208
0.125538
0.122220
0.123092
0.120846
0.124279
0.122471
0.125232
0.125034
0.124097
0.122971
0.123984
0.124504
0.124069
0.122812
0.123713
0.124117
0.124672
0.124007
0.125026
0.127108
0.124831
0.124208
0.122306
0.125690
0.121888
0.125275
0.125894
0.124711
0.124940
0.126422
0.121321
0.124185
0.122797
0.126246
0.120513
0.124372
0.126190
0.124075
0.126328
0.123266
0.122820
0.123104
0.125804
0.125718
0.124327
0.125247
0.124997
0.123132
0.122077
0.124687
0.125308
0.124157
0.121717
0.121571
0.124165
0.124099
0.125099
0.124021
0.128513
0.125546
0.123759
0.124087
0.124624
0.125509
0.127481
0.123767
0.123758
0.125739
0.124877
0.123675
0.124410
0.122099
0.124402
0.125037
0.121400
0.124922
0.126383
0.124684
0.124526
0.123729
0.125706
0.123603
0.125713
0.123809
0.126384
0.122139
0.125305
0.125414
0.124113
0.126149
0.124302
0.123601
0.122768
0.125680
0.124302
0.124769
0.125797
0.123164
0.121952
0.123758
0.124330
0.124348
0.125045
0.122579
0.125356
0.123423
0.123718
0.124729
0.125193
0.123539
0.123409
0.124364
0.125275
0.123733
0.123570
0.125525
0.124067
0.124300
0.123093
0.123897
0.125456
0.121849
0.124033
0.125086
0.125636
0.126218
0.125707
0.121824
0.120976
0.125536
0.125595
0.124927
0.124958
0.123074
0.124467
0.122659
0.123490
0.126031
0.123677
0.123575
0.123701
0.124293
0.126115
0.126655
0.123760
0.124475
0.125304
0.126021
0.124236
0.123266
0.124522
0.125225
0.122880
0.123937
0.124350
0.122951
0.124937
0.126310
0.125706
0.124181
0.122611
0.124734
0.125668
0.124116
0.126995
0.125899
0.122655
0.125785
0.123958
0.123099
0.123398
0.123308
0.120563
0.123198
0.125686
0.123408
0.125577
0.123785
0.125202
0.123504
0.123528
0.123272
0.123640
0.122212
0.123232
0.125263
0.126429
0.124424
0.127074
0.122736
0.124115
0.123500
0.122701
0.124964
0.124323
0.124883
0.126273
0.126996
0.124303
0.123768
0.126288
0.123495
0.124173
0.122417
0.124123
0.125789
0.123368
0.124202
0.124157
0.124231
0.124621
0.126578
0.123699
0.123484
0.124672
0.124749
0.124162
0.124270
0.126585
0.125954
0.124314
0.122281
0.124497
0.122916
0.123638
0.121907
0.122906
0.126981
0.124291
0.127589
0.122854
0.124563
0.125042
0.125328
0.123316
0.124554
0.124489
0.123200
0.122572
0.126274
0.123807
0.122447
0.124063
0.123494
0.124377
0.123478
0.124976
0.124215
0.122897
0.123869
0.122801
0.122574
0.124391
0.123404
0.121710
0.121984
0.123849
0.124971
0.123491
0.128245
0.125241
0.123793
0.121725
0.121672
0.123655
0.122615
0.123608
0.124141
0.123827
0.124082
0.123235
0.123718
0.123512
0.123405
0.123742
0.124232
0.125823
0.124198
0.125301
0.123763
0.123121
0.122277
0.123375
0.125572
0.123357
0.123383
0.125244
0.125838
0.124420
0.125560
0.123568
0.124104
0.123295
0.123699
0.124626
0.124883
0.121943
0.125789
0.124563
0.124519
0.123882
0.122603
0.125273
0.124910
0.123372
0.119185
0.123109
0.123391
0.124012
0.123656
0.122858
0.126882
0.124720
0.121687
0.124886
0.125316
0.122119
0.123359
0.122389
0.122961
0.123340
0.123647
0.124938
0.122821
0.122684
0.124836
0.124417
0.125606
0.123391
0.123046
0.126106
0.125490
0.123254
0.123025
0.126881
0.120974
0.125161
0.123986
0.122737
0.122748
0.125632
0.121924
0.122822
0.125151
0.121621
0.124825
0.124693
0.124452
0.125323
0.124108
0.121644
0.126557
0.124691
0.123699
0.124601
0.124285
0.122360
0.123984
0.124701
0.123499
0.123778
0.124533
0.123694
0.126672
0.123891
0.125929
0.122570
0.124352
0.122459
0.122849
0.125991
0.125652
0.125229
0.122820
0.123956
0.124323
0.123177
0.123624
0.123048
0.122773
0.124644
0.126238
0.124732
0.123212
0.124007
0.124716
0.123229
0.123622
0.122966
0.125280
0.125576
0.124527
0.124793
0.126101
0.125328
0.124250
0.124124
0.122566
0.123945
0.124097
0.124968
0.124870
0.125451
0.121290
0.122842
0.123105
0.124980
0.125514
0.125455
0.124885
0.125230
0.123581
0.124745
0.123663
0.122234
0.125214
0.124234
0.124280
0.125016
0.125538
0.125192
0.125734
0.123979
0.123840
0.124795
0.123002
0.122550
0.126347
0.126362
0.125633
0.123348
0.124127
0.126327
0.124553
0.124243
0.123364
0.123560
0.125199
0.124859
0.126621
0.125184
0.121993
0.124493
0.124955
0.122427
0.126305
0.125130
0.121430
0.123761
0.125166
0.126525
0.125215
0.124076
0.122578
0.124750
0.124845
0.123408
0.125131
0.124240
0.125990
0.124030
0.123529
0.122419
0.124733
0.124608
0.124047
0.124293
0.123617
0.121986
0.123377
0.124355
0.124404
0.124724
0.123080
0.125801
0.124090
0.124006
0.123166
0.123769
0.124502
0.123658
0.125661
0.123282
0.125290
0.124542
0.123702
0.122310
0.124084
0.123919
0.124878
0.123853
0.122025
0.123353
0.125411
0.127057
0.123581
0.121153
0.122589
0.124089
0.123745
0.126165
0.125078
0.125368
0.123811
0.123360
0.124009
0.126777
0.124867
0.123681
0.121286
0.124053
0.125210
0.124480
0.124216
0.122325
0.125689
0.122887
0.123990
0.123631
0.125890
0.125331
0.126503
0.123032
0.125558
0.122095
0.126728
0.125485
0.122113
0.120775
0.122810
0.122900
0.125088
0.124701
0.123835
0.123410
0.124221
0.123037
0.125172
0.121709
0.125061
0.122600
0.124717
0.126989
0.123319
0.123581
0.122149
0.124312
0.125623
0.122296
0.122073
0.125282
0.122600
0.121336
0.122725
0.125452
0.121936
0.124527
0.124094
0.124191
0.123565
0.126460
0.123364
0.125421
0.127457
0.121290
0.124434
0.122823
0.123897
0.122782
0.121952
0.125333
0.124205
0.124442
0.123628
0.123767
0.124460
0.125350
0.125091
0.123055
0.123656
0.126312
0.123608
0.123964
0.125792
0.123923
0.124053
0.123146
0.127053
0.124468
0.123643
0.123198
0.124750
0.124599
0.125305
0.124253
0.124177
0.125728
0.122975
0.123541
0.123164
0.125239
0.124437
0.124902
0.124928
0.124165
0.125837
0.123778
0.125980
0.125672
0.123491
0.124431
0.124140
0.125311
0.122774
0.124929
0.124401
0.126404
0.123204
0.124323
0.124971
0.124026
0.126084
0.122687
0.125903
0.124803
0.122386
0.124728
0.123419
0.124550
0.123105
0.122850
0.121781
0.124969
0.123699
0.124512
0.123042
0.122015
0.123485
0.125966
0.125128
0.125173
0.124502
0.124353
0.122291
0.124413
0.126138
0.125051
0.124583
0.124709
0.125849
0.123208
0.123731
0.124092
0.124522
0.124601
0.124599
0.123364
0.125973
0.124475
0.124406
0.124141
0.122985
0.122556
0.125887
0.122141
0.123656
0.123143
0.122441
0.123371
0.123077
0.123334
0.124178
0.124242
0.125700
0.125305
0.123806
0.122414
0.124119
0.124942
0.125219
0.123546
0.125663
0.124542
0.123077
0.122919
0.123484
0.123864
0.124076
0.124627
0.123488
0.123986
0.124502
0.125879
0.122957
0.125088
0.123629
0.125141
0.123965
0.122445
0.124121
0.124197
0.123036
0.126308
0.124963
0.124420
0.123118
0.124498
0.123502
0.125716
0.125141
0.122568
0.123602
0.123719
0.125482
0.125084
0.122850
0.123327
0.126174
0.125538
0.125353
0.123302
0.124096
0.124993
0.124515
0.124440
0.122856
0.124723
0.122745
0.125427
0.120487
0.122831
0.124493
0.123735
0.124372
0.124649
0.125489
0.121721
0.125100
0.122659
0.122486
0.124279
0.124266
0.127712
0.123594
0.123420
0.123841
0.125758
0.124844
0.126293
0.122999
0.121840
0.123491
0.126564
0.123624
0.125142
0.125641
0.124697
0.124992
0.121699
0.124003
0.127162
0.123966
0.124685
0.123920
0.124393
0.123820
0.122699
0.125790
0.122877
0.126464
0.124165
0.122535
0.124420
0.123209
0.126519
0.125668
0.123529
0.122316
0.126077
0.125221
0.123376
0.122226
0.124311
0.123230
0.123985
0.124121
0.123029
0.125346
0.123491
0.125949
0.124327
0.124532
0.122356
0.123143
0.123251
0.122347
0.123737
0.125006
0.123921
0.123342
0.122589
0.124517
0.122195
0.123530
0.123711
0.123942
0.122900
0.124395
0.124747
0.124597
0.123327
0.125537
0.124807
0.124687
0.124268
0.124768
0.122819
0.121753
0.125003
0.122996
0.123889
0.125501
0.124058
0.122929
0.122954
0.124837
0.123127
0.124680
0.123780
0.126337
0.121314
0.124581
0.123998
0.124308
0.124690
0.123106
0.125656
0.124971
0.125414
0.124285
0.127337
0.123591
0.123692
0.125090
0.123928
0.123066
0.123064
0.126324
0.123449
0.121733
0.125824
0.124290
0.122280
0.123889
0.124202
0.125736
0.126568
0.123884
0.123530
0.124180
0.122106
0.123150
0.121232
0.124789
0.123443
0.124095
0.123972
0.123117
0.126431
0.124839
0.126177
0.123785
0.123899
0.123724
0.124164
0.123752
0.125645
0.123658
0.122441
0.122894
0.126051
0.125060
0.125961
0.123762
0.123596
0.126156
0.122797
0.123285
0.125294
0.123946
0.125053
0.125223
0.124355
0.124665
0.126856
0.124714
0.123090
0.124908
0.123175
0.125479
0.124781
0.124369
0.121049
0.124375
0.122728
0.125192
0.124218
0.124834
0.122909
0.123140
0.121819
0.124054
0.122068
0.125293
0.125192
0.124906
0.127319
0.123742
0.122427
0.124950
0.124126
0.124897
0.124658
0.126055
0.124745
0.125068
0.123173
0.123182
