0.427130
0.420727
0.420771
0.424806
0.423008
0.419061
0.419455
0.421780
0.424367
0.425902
0.417482
0.421999
0.420903
0.428402
0.409236
0.420245
0.427174
0.427130
0.427130
0.422525
0.421604
0.426385
0.418008
0.424981
0.418929
0.414806
0.425683
0.427394
0.425902
0.419850
0.420157
0.426867
0.421692
0.420332
0.425946
0.423008
0.432920
0.420025
0.419411
0.432700
0.409543
0.422262
0.422920
0.424192
0.416999
0.425552
0.431078
0.421560
0.426604
0.411868
0.411517
0.425069
0.419411
0.417043
0.421736
0.421648
0.416254
0.417482
0.420464
0.417569
0.419368
0.423359
0.424236
0.434279
0.429850
0.420464
0.420113
0.431034
0.434893
0.425902
0.429718
0.428841
0.427613
0.419061
0.429718
0.429455
0.427964
0.411429
0.425157
0.426736
0.428709
0.426297
0.429543
0.430420
0.422876
0.426867
0.420113
0.416298
0.425902
0.417175
0.415684
0.427306
0.420420
0.426867
0.424587
0.438446
0.427218
0.433358
0.425552
0.424411
0.419455
0.420859
0.415201
0.418710
0.420420
0.412306
0.418447
0.427394
0.431385
0.422087
0.427394
0.433577
0.416736
0.428578
0.431385
0.412833
0.430376
0.428008
0.416999
0.417657
0.419411
0.422613
0.435419
0.416648
0.423929
0.423534
0.436604
0.423490
0.417789
0.430288
0.413491
0.426341
0.425025
0.437086
0.430200
0.422043
0.423315
0.429411
0.425332
0.429674
0.415245
0.424894
0.428446
0.431911
0.417526
0.424411
0.430990
0.438577
0.430332
0.425859
0.432744
0.423402
0.422525
0.425157
0.422525
0.419192
0.417087
0.420332
0.415289
0.419762
0.431078
0.434805
0.423841
0.409149
0.421341
0.422569
0.434279
0.423402
0.423534
0.423490
0.435069
0.422131
0.418885
0.425157
0.419938
0.426955
0.432876
0.419543
0.421780
0.426823
0.424981
0.417482
0.428183
0.414324
0.431078
0.423578
0.426648
0.427043
0.415420
0.428797
0.420245
0.420025
0.419017
0.426297
0.420903
0.421560
0.411078
0.422131
0.426429
0.431823
0.426692
0.425376
0.422306
0.421604
0.429850
0.434542
0.428665
0.424718
0.431209
0.424236
0.418885
0.429806
0.417087
0.422043
0.423052
0.426867
0.413359
0.424104
0.414236
0.430113
0.426122
0.425815
0.419368
0.436341
0.419762
0.430200
0.418227
0.416166
0.421648
0.417175
0.438358
0.425201
0.411868
0.431341
0.421999
0.431911
0.430990
0.445156
0.413929
0.422657
0.430025
0.427481
0.422657
0.418052
0.424630
0.421429
0.420289
0.435990
0.432481
0.427613
0.419148
0.424587
0.431428
0.419411
0.423753
0.429499
0.424543
0.419017
0.417526
0.429586
0.421911
0.439718
0.436867
0.415333
0.429367
0.413666
0.429762
0.429060
0.410728
0.418885
0.421692
0.424806
0.421560
0.418359
0.416385
0.437481
0.430288
0.416298
0.419543
0.433709
0.423402
0.418797
0.428490
0.436648
0.422481
0.425201
0.422481
0.420859
0.433227
0.418578
0.429060
0.426166
0.432656
0.425552
0.426604
0.430157
0.429192
0.417701
0.432876
0.416736
0.427920
0.419938
0.423315
0.432481
0.409236
0.426736
0.419543
0.423534
0.422876
0.420552
0.412263
0.422481
0.415377
0.422525
0.429499
0.427920
0.421824
0.412219
0.412219
0.414192
0.418534
0.425946
0.423402
0.432393
0.423271
0.426604
0.431385
0.434104
0.430771
0.418403
0.417043
0.427350
0.422218
0.413929
0.430069
0.426911
0.419236
0.433928
0.413666
0.418973
0.430727
0.418754
0.423402
0.418183
0.425595
0.417920
0.433227
0.426999
0.421911
0.432306
0.410903
0.419368
0.421736
0.419499
0.427744
0.438314
0.421385
0.423709
0.435376
0.427087
0.417262
0.417876
0.427043
0.419894
0.425157
0.426999
0.427174
0.420420
0.418973
0.420596
0.423052
0.417438
0.421429
0.410771
0.422569
0.427130
0.432130
0.421648
0.428139
0.421867
0.419148
0.426604
0.428797
0.420727
0.424587
0.423446
0.430157
0.423841
0.435770
0.420552
0.420859
0.423622
0.419982
0.425332
0.412131
0.423753
0.427876
0.424806
0.414192
0.427043
0.418359
0.410903
0.421999
0.420420
0.422920
0.433884
0.427218
0.430113
0.417526
0.422087
0.415377
0.428622
0.423797
0.425508
0.424236
0.424411
0.430157
0.417833
0.428051
0.422350
0.437393
0.421824
0.419894
0.433095
0.433227
0.417262
0.422745
0.429367
0.428315
0.430683
0.424280
0.416517
0.425595
0.424016
0.436691
0.423359
0.425552
0.420245
0.424806
0.432262
0.413447
0.427306
0.425025
0.417394
0.415991
0.419148
0.429981
0.432700
0.420771
0.413622
0.416736
0.414456
0.427569
0.420596
0.424630
0.425946
0.424060
0.431121
0.412920
0.432963
0.413973
0.424806
0.420025
0.438007
0.414675
0.425376
0.422788
0.416780
0.434893
0.426955
0.428534
0.420376
0.425376
0.430200
0.425508
0.423709
0.418359
0.428008
0.415157
0.420639
0.415377
0.423666
0.420946
0.429279
0.415113
0.414017
0.416429
0.423534
0.419104
0.421867
0.426823
0.426034
0.430025
0.426166
0.416824
0.424280
0.417789
0.428446
0.434279
0.423666
