0.126763
0.116541
0.125950
0.126033
0.122419
0.131204
0.117747
0.118702
0.121113
0.126273
0.123498
0.125776
0.126412
0.118890
0.121348
0.123241
0.119187
0.120333
0.122594
0.123300
0.119597
0.121858
0.118150
0.128052
0.120705
0.121810
0.125973
0.120143
0.123209
0.130263
0.123281
0.123401
0.127593
0.124295
0.122807
0.126632
0.121130
0.124535
0.121552
0.123810
0.123857
0.122135
0.128239
0.123716
0.124596
0.127126
0.123501
0.128409
0.121493
0.120634
0.126437
0.119590
0.125048
0.120297
0.128109
0.119507
0.127435
0.123642
0.130260
0.122741
0.123962
0.122091
0.124665
0.123063
0.127700
0.123385
0.122304
0.123730
0.124952
0.123289
0.124733
0.128286
0.125853
0.125620
0.128151
0.127293
0.120953
0.127842
0.126891
0.125810
0.119457
0.123785
0.127302
0.125114
0.127277
0.125039
0.126055
0.123669
0.118554
0.127047
0.127603
0.126410
0.125864
0.126815
0.123890
0.127223
0.124796
0.126215
0.127885
0.129658
0.119341
0.122411
0.121739
0.128279
0.125756
0.119717
0.123686
0.125770
0.123605
0.119148
0.127040
0.127132
0.118460
0.132584
0.119262
0.128155
0.124042
0.125444
0.122408
0.120953
0.129460
0.126268
0.122476
0.127820
0.126587
0.121226
0.120933
0.122054
0.126570
0.124569
0.127606
0.119872
0.123994
0.122685
0.124367
0.123287
0.127232
0.119819
0.122020
0.124493
0.121615
0.128625
0.120900
0.122871
0.126310
0.123587
0.124676
0.118687
0.121389
0.124805
0.117788
0.122404
0.129200
0.125630
0.125000
0.120876
0.122883
0.124248
0.124670
0.122863
0.123182
0.122110
0.127761
0.123364
0.123768
0.123750
0.126074
0.125874
0.129244
0.124107
0.126750
0.128086
0.121332
0.123324
0.129012
0.123698
0.121927
0.122930
0.123696
0.125455
0.125596
0.120205
0.127187
0.123255
0.122533
0.125241
0.127277
0.122683
0.127935
0.122781
0.121686
0.125802
0.122071
0.127600
0.122207
0.128466
0.125088
0.121041
0.126366
0.125593
0.121377
0.119816
0.119967
0.128189
0.122502
0.126982
0.120155
0.130486
0.126944
0.124245
0.127322
0.122826
0.122691
0.119314
0.125535
0.122662
0.123886
0.119877
0.120907
0.124648
0.123523
0.124443
0.129032
0.120298
0.121737
0.127551
0.123444
0.122745
0.126546
0.122641
0.121072
0.118882
0.124612
0.125223
0.119907
0.124718
0.124067
0.122196
0.130106
0.125586
0.124110
0.127315
0.121670
0.127564
0.121961
0.118519
0.123126
0.127848
0.122922
0.119110
0.130364
0.123853
0.121781
0.124170
0.126816
0.125869
0.124103
0.123399
0.124247
0.125908
0.127236
0.126058
0.120893
0.127087
0.121038
0.126087
0.122449
0.121389
0.127671
0.127188
0.117786
0.119896
0.127349
0.125492
0.123638
0.127748
0.126123
0.119671
0.116213
0.131409
0.126139
0.124911
0.129423
0.122485
0.125247
0.122295
0.117480
0.127186
0.125230
0.124416
0.120483
0.122898
0.123063
0.124553
0.122232
0.127497
0.128429
0.125616
0.125679
0.123604
0.122165
0.124731
0.123599
0.119010
0.120793
0.121978
0.127555
0.124517
0.126018
0.123247
0.125243
0.124065
0.121226
0.125698
0.123304
0.118764
0.122611
0.120071
0.117457
0.125344
0.125049
0.123638
0.127134
0.123820
0.128199
0.122990
0.120469
0.129073
0.124387
0.125126
0.124932
0.123609
0.131528
0.117584
0.117471
0.123245
0.123266
0.126689
0.121279
0.130479
0.126543
0.122333
0.127460
0.118306
0.120943
0.129269
0.128719
0.121892
0.127461
0.126437
0.125647
0.125312
0.118303
0.121873
0.123441
0.116781
0.129254
0.126092
0.122465
0.119295
0.119667
0.127195
0.125330
0.127243
0.124883
0.125261
0.121716
0.125646
0.126589
0.127417
0.126197
0.125486
0.122270
0.123809
0.121829
0.123389
0.127549
0.131471
0.125796
0.121603
0.129521
0.124761
0.123851
0.118786
0.124785
0.121766
0.124222
0.122555
0.115592
0.120894
0.126399
0.125961
0.123398
0.123786
0.126712
0.123060
0.126081
0.119818
0.120400
0.126389
0.119017
0.127897
0.124731
0.114332
0.128674
0.127507
0.125067
0.120276
0.126746
0.127168
0.123532
0.122487
0.125896
0.125039
0.125265
0.117682
0.124085
0.126902
0.123665
0.125939
0.122620
0.128897
0.122373
0.120688
0.129209
0.125247
0.130105
0.124388
0.119206
0.123198
0.120455
0.128972
0.121634
0.122394
0.120124
0.119135
0.122964
0.118418
0.118828
0.120614
0.124259
0.117683
0.126637
0.125613
0.123596
0.129093
0.124682
0.125399
0.122975
0.121894
0.131472
0.121951
0.131765
0.121888
0.117951
0.127640
0.126554
0.122615
0.125630
0.117996
0.123897
0.122902
0.121400
0.121552
0.123851
0.130281
0.122399
0.122416
0.128167
0.127184
0.123638
0.128813
0.124706
0.122752
0.124145
0.122698
0.120853
0.124303
0.122365
0.126017
0.123053
0.124424
0.122010
0.124397
0.129731
0.123551
0.126050
0.119241
0.124249
0.125471
0.119570
0.124316
0.120661
0.124259
0.127059
0.123185
0.124458
0.124490
0.123240
0.128059
0.125452
0.120259
0.124587
0.119359
0.117731
0.117683
0.119803
0.132245
0.133883
0.126924
0.125452
0.126757
0.123340
0.123454
0.122575
0.123519
0.129723
0.123723
0.126331
0.121059
0.122989
0.125123
0.120222
0.129359
0.125672
0.122383
0.119413
0.128261
0.122327
0.123724
0.118770
0.127822
0.125981
0.128937
0.123965
0.126619
0.124224
0.121482
0.122523
0.120390
0.123103
0.120769
0.119850
0.124213
0.122457
0.121951
0.120341
0.126964
0.128726
0.123770
0.119598
0.125465
0.125401
0.127590
0.125447
0.127070
0.121892
0.121605
0.124777
0.128099
0.124990
0.122985
0.120621
0.121417
0.122254
0.128203
0.124609
0.120129
0.125905
0.125780
0.122572
0.125744
0.127794
0.124302
0.125868
0.122127
0.124048
0.127983
0.131146
0.129098
0.124599
0.126289
0.122773
