0.126050
0.145490
0.134503
0.116906
0.130942
0.126223
0.124880
0.097973
0.140221
0.113174
0.119161
0.121756
0.119617
0.135135
0.130627
0.116407
0.116167
0.133462
0.133962
0.141221
0.124411
0.123513
0.100974
0.129771
0.141199
0.146667
0.125475
0.121409
0.125465
0.126197
0.139376
0.110357
0.135790
0.107639
0.124195
0.126374
0.117871
0.102493
0.127061
0.106643
0.135678
0.121076
0.127413
0.129785
0.127542
0.117384
0.119643
0.113494
0.133139
0.122412
0.115564
0.119705
0.118056
0.137688
0.148148
0.152318
0.124888
0.132270
0.132623
0.138100
0.111220
0.142587
0.124195
0.118343
0.122486
0.106195
0.111986
0.122974
0.127820
0.109677
0.109375
0.120037
0.132114
0.143947
0.133395
0.099181
0.147475
0.125828
0.117647
0.136581
0.122544
0.114311
0.113573
0.128000
0.128857
0.118289
0.124883
0.130518
0.118830
0.115488
0.135447
0.137760
0.135289
0.120272
0.121157
0.127072
0.113971
0.112224
0.121662
0.113636
0.111111
0.111111
0.128740
0.124654
0.115076
0.112875
0.113346
0.137730
0.137725
0.120858
0.126886
0.117476
0.121864
0.123009
0.119403
0.126214
0.124514
0.134766
0.129612
0.114286
0.130395
0.126083
0.117021
0.130964
0.109023
0.112701
0.133394
0.142029
0.130987
0.118987
0.122391
0.113843
0.125000
0.118962
0.130435
0.135545
0.120419
0.131100
0.133588
0.120769
0.118332
0.134831
0.130762
0.126058
0.126667
0.125220
0.146915
0.123262
0.114236
0.111702
0.127907
0.123776
0.106542
0.122263
0.119005
0.123563
0.118547
0.117424
0.116775
0.136959
0.131132
0.108593
0.125737
0.123585
0.138028
0.109756
0.127602
0.123050
0.119231
0.115348
0.120805
0.114537
0.127061
0.136061
0.145891
0.129785
0.119004
0.106481
0.118613
0.126306
0.107345
0.133399
0.122911
0.123810
0.134928
0.111418
0.144467
0.127306
0.120077
0.133133
0.098842
0.115665
0.121212
0.132216
0.121673
0.151925
0.127082
0.116835
0.122222
0.114953
0.137143
0.128913
0.120000
0.132270
0.123195
0.110177
0.116171
0.118908
0.134557
0.133080
0.121094
0.126347
0.113292
0.117983
0.131879
0.144498
0.119963
0.127413
0.124638
0.123616
0.115174
0.118868
0.146411
0.131975
0.110294
0.119161
0.133663
0.115799
0.127219
0.126204
0.129390
0.125000
0.107021
0.130601
0.118470
0.101527
0.142281
0.122222
0.139839
0.107965
0.136634
0.117174
0.122694
0.100173
0.107026
0.119157
0.141424
0.135436
0.146222
0.111321
0.106631
0.115982
0.124415
0.118445
0.108262
0.108676
0.126354
0.127762
0.129647
0.110747
0.110517
0.124094
0.123157
0.135387
0.110287
0.121435
0.116652
0.125121
0.131839
0.115350
0.125834
0.126160
0.130350
0.123730
0.121068
0.128940
0.111954
0.129724
0.121240
0.120438
0.143631
0.129371
0.113314
0.131295
0.138277
0.139344
0.123800
0.120643
0.105541
0.139383
0.104306
0.118774
0.105172
0.124023
0.128970
0.120608
0.111413
0.124762
0.125940
0.138462
0.127219
0.100671
0.108621
0.124894
0.110314
0.112299
0.120155
0.114146
0.124884
0.123919
0.111007
0.136905
0.104736
0.130125
0.111408
0.135531
0.123740
0.131498
0.126426
0.120721
0.116343
0.125343
0.126479
0.123327
0.111818
0.119593
0.129812
0.127680
0.120301
0.131951
0.112918
0.136538
0.111423
0.125333
0.123692
0.123702
0.118259
0.113051
0.128759
0.115640
0.125984
0.113074
0.124521
0.110339
0.106103
0.122449
0.121771
0.137419
0.109745
0.119194
0.122190
0.103291
0.122936
0.130435
0.126448
0.113891
0.127700
0.124887
0.147783
0.147739
0.111111
0.132444
0.123671
0.125114
0.127907
0.143376
0.121837
0.123138
0.117188
0.119811
0.139831
0.111514
0.121183
0.109974
0.117083
0.124643
0.122873
0.131256
0.132394
0.126468
0.138100
0.134021
0.129647
0.122911
0.125117
0.121030
0.114662
0.111408
0.114140
0.111492
0.109244
0.110708
0.119181
0.140059
0.135086
0.148847
0.114695
0.125227
0.140255
0.120849
0.114798
0.126108
0.104167
0.138144
0.116412
0.125483
0.131323
0.108401
0.116321
0.108213
0.136450
0.137730
0.110683
0.132025
0.114525
0.128181
0.116559
0.136116
0.132190
0.127907
0.124888
0.120362
0.111759
0.118280
0.138491
0.123175
0.121557
0.129401
0.114784
0.126448
0.124448
0.123288
0.117854
0.111111
0.123767
0.114964
0.121150
0.114260
0.125115
0.110813
0.118421
0.124304
0.116682
0.105561
0.105796
0.113658
0.130279
0.122302
0.118726
0.116608
0.114388
0.111314
0.120075
0.115276
0.136634
0.107895
0.126050
0.123364
0.115114
0.118820
0.127135
0.114286
0.110672
0.122190
0.115385
0.111007
0.120707
0.114923
0.137736
0.118321
0.135033
0.133023
0.129884
0.126570
0.142580
0.115466
0.129380
0.117647
0.112741
0.141518
0.110294
0.115276
0.122683
0.113718
0.122263
0.133159
0.113876
0.097378
0.119292
0.135447
0.124654
0.116883
0.120077
0.121127
0.111111
0.107895
0.128060
0.124649
0.108635
0.152439
