0.125839
0.123519
0.122434
0.124601
0.123430
0.122889
0.125082
0.122320
0.125928
0.122510
0.125017
0.124163
0.123951
0.124444
0.120782
0.125567
0.124185
0.126263
0.124238
0.124169
0.124305
0.125231
0.124247
0.125576
0.123705
0.124273
0.124245
0.122059
0.124658
0.122946
0.123640
0.123584
0.125263
0.124732
0.124840
0.122561
0.123634
0.124089
0.124182
0.123291
0.125258
0.125463
0.123171
0.123989
0.123000
0.124959
0.123822
0.125564
0.126483
0.125143
0.124508
0.122192
0.126719
0.124879
0.126143
0.123402
0.124873
0.123017
0.124686
0.125315
0.122905
0.122654
0.124401
0.121888
0.123355
0.122511
0.126310
0.122951
0.122906
0.124665
0.124423
0.125179
0.122920
0.125313
0.125460
0.124900
0.122995
0.123774
0.125055
0.123478
0.124991
0.125643
0.125167
0.125254
0.125818
0.121637
0.121791
0.126714
0.126092
0.124086
0.125734
0.126184
0.124075
0.124059
0.123570
0.125365
0.124778
0.123947
0.125275
0.123759
0.122324
0.125125
0.124001
0.125436
0.122606
0.123867
0.125033
0.124084
0.124176
0.125846
0.124126
0.123810
0.123425
0.125110
0.123903
0.124178
0.125519
0.122895
0.122964
0.122846
0.121510
0.126342
0.123225
0.125938
0.123861
0.122922
0.126204
0.124252
0.123320
0.123869
0.124632
0.124630
0.125328
0.124604
0.124517
0.124525
0.122276
0.125314
0.124666
0.122060
0.123189
0.123119
0.123796
0.124127
0.125268
0.123783
0.124824
0.124426
0.123568
0.123381
0.125597
0.123592
0.124791
0.124293
0.124799
0.123757
0.124928
0.122063
0.124143
0.124346
0.123008
0.123204
0.126396
0.124406
0.123950
0.124484
0.124809
0.125356
0.121746
0.123480
0.123553
0.124815
0.123663
0.125145
0.122756
0.123779
0.125299
0.125849
0.125636
0.123110
0.125136
0.124329
0.124823
0.125105
0.123812
0.124197
0.123894
0.123972
0.125148
0.123850
0.124001
0.122988
0.124454
0.126217
0.122754
0.125380
0.122347
0.123744
0.123942
0.121895
0.124083
0.124597
0.123005
0.124850
0.125587
0.123644
0.122926
0.123161
0.123392
0.124496
0.124371
0.122500
0.124491
0.122921
0.125926
0.124466
0.126569
0.124220
0.125084
0.125210
0.123462
0.124565
0.122442
0.123981
0.122251
0.125686
0.124083
0.124402
0.124559
0.122111
0.123846
0.122761
0.123687
0.124530
0.126051
0.122916
0.124653
0.123698
0.125732
0.125078
0.124110
0.125139
0.121530
0.124856
0.124436
0.124244
0.125169
0.124119
0.125248
0.122383
0.124268
0.125265
0.122187
0.125938
0.125953
0.123439
0.123388
0.124140
0.122955
0.122556
0.124368
0.123583
0.125200
0.124944
0.123788
0.122856
0.123308
0.123264
0.124526
0.125328
0.123722
0.125277
0.123373
0.125306
0.123650
0.124070
0.125127
0.124108
0.122895
0.125743
0.125834
0.124267
0.124325
0.126376
0.126048
0.126473
0.123532
0.122772
0.125976
0.124250
0.124903
0.121734
0.124951
0.124978
0.125933
0.123114
0.122698
0.123540
0.125137
0.124354
0.125604
0.123026
0.123459
0.124394
0.122613
0.123176
0.125202
0.121034
0.122047
0.124671
0.125164
0.126162
0.123892
0.123774
0.123901
0.122965
0.121970
0.124174
0.124912
0.123070
0.123832
0.124637
0.123193
0.125077
0.122887
0.123775
0.123222
0.124316
0.121866
0.123385
0.125036
0.124387
0.124105
0.123289
0.122031
0.124166
0.124132
0.122385
0.123316
0.123577
0.125848
0.123368
0.123305
0.126575
0.122412
0.123530
0.124173
0.126775
0.123826
0.123945
0.122725
0.123780
0.124255
0.123416
0.123382
0.126654
0.124521
0.123382
0.124135
0.123611
0.123100
0.123399
0.125934
0.121830
0.124997
0.124619
0.127773
0.123587
0.125289
0.124912
0.126086
0.125759
0.124054
0.121712
0.122936
0.124389
0.123878
0.124814
0.124972
0.123985
0.124579
0.125304
0.125233
0.124785
0.124988
0.123580
0.122740
0.122474
0.126103
0.123982
0.123357
0.126164
0.122321
0.125007
0.124530
0.123628
0.123584
0.124219
0.125457
0.122368
0.121713
0.125617
0.124746
0.124160
0.126097
0.123875
0.123690
0.125547
0.122960
0.126213
0.124237
0.123043
0.122401
0.122135
0.121969
0.122881
0.123756
0.123324
0.124644
0.124950
0.125319
0.124562
0.124500
0.123937
0.122688
0.123987
0.125115
0.122128
0.125209
0.124768
0.124195
0.125412
0.123839
0.123994
0.124497
0.123582
0.124069
0.123971
0.123887
0.122945
0.124125
0.123199
0.125823
0.123626
0.124573
0.125197
0.124591
0.124229
0.124366
0.124924
0.124319
0.123570
0.124023
0.124181
0.125647
0.123694
0.123353
0.123831
0.126628
0.123497
0.123089
0.124348
0.124745
0.123961
0.123802
0.124800
0.124655
0.124274
0.124363
0.125210
0.123605
0.123470
0.125595
0.124668
0.123258
0.123227
0.124184
0.125148
0.123987
0.122226
0.124508
0.122863
0.123339
0.124564
0.124167
0.124991
0.123533
0.124238
0.125073
0.121596
0.125680
0.122870
0.122018
0.124079
0.123359
0.123601
0.119892
0.124957
0.124488
0.124508
