0.116252
0.127619
0.122458
0.126461
0.125205
0.121169
0.118734
0.127557
0.129665
0.126093
0.113748
0.127131
0.129642
0.130219
0.123288
0.122145
0.128163
0.119266
0.120502
0.116904
0.121169
0.117956
0.126813
0.130074
0.126625
0.128799
0.122715
0.122444
0.135141
0.125537
0.121714
0.123109
0.126644
0.122050
0.126977
0.128425
0.123454
0.123524
0.128964
0.117937
0.124913
0.119589
0.128053
0.125601
0.123098
0.118515
0.117180
0.119268
0.128987
0.123952
0.114626
0.127987
0.118260
0.125666
0.122210
0.126013
0.126211
0.131492
0.124397
0.130859
0.127177
0.122378
0.124709
0.124352
0.120722
0.121047
0.116983
0.120559
0.125402
0.126902
0.125687
0.124520
0.128199
0.124144
0.118680
0.115939
0.124651
0.120874
0.133910
0.127042
0.132840
0.116332
0.126527
0.124421
0.118353
0.123932
0.117792
0.116171
0.122966
0.135889
0.136449
0.128857
0.121703
0.128699
0.114735
0.123451
0.128757
0.123527
0.121741
0.117460
0.116145
0.125181
0.126770
0.125383
0.127531
0.118082
0.122501
0.119697
0.129223
0.128649
0.118664
0.134710
0.126189
0.130445
0.128199
0.117874
0.121113
0.125089
0.127717
0.128770
0.128837
0.130670
0.121434
0.116065
0.115679
0.130950
0.119239
0.129882
0.115576
0.123810
0.117787
0.125862
0.121343
0.120538
0.126954
0.122537
0.119817
0.127469
0.116571
0.125352
0.122088
0.120577
0.123161
0.126273
0.127458
0.123134
0.121493
0.128258
0.132822
0.120182
0.120118
0.126514
0.112575
0.128626
0.125773
0.118737
0.120603
0.125892
0.135565
0.127888
0.123728
0.121664
0.121289
0.131301
0.131044
0.123606
0.131015
0.120807
0.128145
0.121774
0.129182
0.123726
0.126893
0.126356
0.120302
0.130703
0.124291
0.118674
0.131072
0.127402
0.131742
0.123699
0.129294
0.132150
0.128614
0.114747
0.121625
0.125149
0.121551
0.130175
0.126570
0.117356
0.130435
0.128610
0.118993
0.116503
0.127484
0.125085
0.123563
0.128230
0.124260
0.123735
0.134365
0.127589
0.129085
0.121006
0.118873
0.127913
0.121660
0.118203
0.117278
0.126405
0.116613
0.126393
0.122852
0.120784
0.123207
0.131968
0.119442
0.129219
0.118067
0.123937
0.122204
0.127074
0.127854
0.132381
0.117688
0.140800
0.126955
0.126308
0.130217
0.119430
0.134900
0.119804
0.118460
0.130578
0.121219
0.125679
0.123275
0.129691
0.132207
0.120638
0.114157
0.123049
0.119925
0.124399
0.128602
0.120627
0.128602
0.126291
0.127711
0.126415
0.122943
0.122439
0.121102
0.121935
0.119523
0.118550
0.121568
0.120923
0.120162
0.120192
0.129998
0.126735
0.126621
0.125931
0.132646
0.124773
0.129612
0.126864
0.127252
0.122563
0.130311
0.114245
0.120576
0.118828
0.123291
0.121764
0.118746
0.131698
0.119765
0.117913
0.139949
0.127660
0.124051
0.118352
0.121379
0.125591
0.126187
0.116865
0.121802
0.129630
0.121753
0.120009
0.127384
0.125837
0.131426
0.121807
0.129010
0.123066
0.133953
0.126506
0.124531
0.129655
0.115402
0.128532
0.125260
0.117280
0.130813
0.118935
0.120499
0.125029
0.123160
0.121951
0.120690
0.126333
0.123294
0.130445
0.128840
0.122214
0.119042
0.124481
0.128063
0.120924
0.131028
0.117633
0.115562
0.124140
0.121452
0.129284
0.127165
0.128891
0.118321
0.118845
0.125114
0.129329
0.127453
0.118427
0.128548
0.119058
0.139358
0.119400
0.124509
0.118403
0.118198
0.119081
0.120575
0.117361
0.123709
0.126448
0.122189
0.130415
0.124652
0.128096
0.116467
0.131560
0.119063
0.121807
0.124027
0.122136
0.118617
0.123101
0.122526
0.126833
0.124444
0.114673
0.123601
0.126294
0.121386
0.106610
0.124348
0.123034
0.124571
0.125090
0.126184
0.122089
0.122691
0.126691
0.123856
0.124404
0.124740
0.119393
0.121440
0.121282
0.122173
0.133365
0.126537
0.118409
0.119962
0.132188
0.112509
0.127654
0.132923
0.125599
0.130374
0.126556
0.125442
0.127795
0.126068
0.112903
0.126095
0.122394
0.117045
0.124764
0.118027
0.122403
0.119070
0.122913
0.122555
0.130992
0.121008
0.120804
0.123585
0.126864
0.126630
0.132002
0.126308
0.118214
0.130332
0.115645
0.127718
0.118919
0.128193
0.120075
0.122998
0.121226
0.127357
0.123392
0.125329
0.119982
0.128127
0.123557
0.119147
0.124082
0.129682
0.119982
0.119935
0.126399
0.124083
0.116690
0.132067
0.130884
0.120750
0.118388
0.128759
0.122153
0.126082
0.121796
0.120037
0.121154
0.129778
0.120719
0.127390
0.129161
0.124683
0.131481
0.127818
0.127526
0.122459
0.128806
0.126257
0.126591
0.125318
0.120056
0.126608
0.126558
0.113186
0.131664
0.132245
0.122302
0.116205
0.121205
0.120047
0.128271
0.127495
0.121759
0.126853
0.121893
0.129660
0.123904
0.129192
0.125239
0.129237
0.117907
0.127456
0.127018
0.128915
0.112951
0.123009
0.118520
0.113775
0.133301
0.120959
0.120564
0.120141
0.116113
0.117905
0.119991
0.116208
0.123484
0.122241
0.114286
0.123798
0.128874
0.126673
0.115657
0.121603
0.118433
0.127921
0.130282
0.124288
0.114576
0.129913
0.122711
0.120609
0.124913
0.121777
0.127486
0.130096
0.134231
