0.122525
0.127331
0.126266
0.121440
0.123228
0.123183
0.122862
0.122809
0.127505
0.128181
0.120982
0.121132
0.124215
0.122168
0.124860
0.125427
0.125831
0.123882
0.126281
0.124899
0.122737
0.126356
0.124054
0.124275
0.122448
0.122663
0.121977
0.123454
0.125819
0.123876
0.120595
0.123077
0.122314
0.126146
0.124110
0.121294
0.123560
0.125980
0.122788
0.119296
0.127208
0.126102
0.124207
0.123608
0.121436
0.125934
0.122992
0.122187
0.123392
0.121751
0.122154
0.127516
0.126327
0.124958
0.124485
0.121560
0.125911
0.124496
0.126002
0.122991
0.123944
0.123477
0.121115
0.124949
0.127362
0.125343
0.125891
0.122408
0.126152
0.122779
0.126791
0.122766
0.124362
0.122390
0.123324
0.121779
0.128110
0.125722
0.124997
0.124817
0.121815
0.123629
0.122147
0.122561
0.120480
0.125101
0.121388
0.122569
0.123177
0.125064
0.124185
0.125797
0.121651
0.122640
0.122702
0.128010
0.124964
0.124534
0.125194
0.125266
0.123794
0.125182
0.123870
0.126185
0.125610
0.125090
0.125786
0.123945
0.124666
0.124257
0.123250
0.124527
0.123287
0.126835
0.122447
0.124092
0.121865
0.126774
0.124071
0.123708
0.125715
0.123721
0.125391
0.127431
0.122388
0.123086
0.125179
0.122450
0.123447
0.125435
0.120184
0.123726
0.122820
0.123243
0.122776
0.124330
0.124529
0.123690
0.125607
0.121868
0.126307
0.123136
0.124462
0.127073
0.125423
0.123523
0.122850
0.125607
0.123736
0.123661
0.124721
0.125961
0.123601
0.120858
0.125029
0.122794
0.124387
0.124468
0.124777
0.124799
0.119733
0.121777
0.124177
0.125517
0.124019
0.121523
0.126016
0.125449
0.126427
0.124549
0.123182
0.122049
0.125403
0.125317
0.125302
0.123496
0.126030
0.124773
0.127464
0.123886
0.124947
0.120594
0.123877
0.122037
0.123926
0.126045
0.126525
0.126679
0.124601
0.126049
0.122988
0.125226
0.122618
0.123672
0.120115
0.122213
0.123720
0.122385
0.124224
0.124977
0.123133
0.123472
0.126837
0.122506
0.121946
0.122254
0.123905
0.127727
0.124575
0.122531
0.126834
0.123846
0.124439
0.120840
0.124415
0.122938
0.126166
0.123443
0.125306
0.126751
0.125105
0.125039
0.124766
0.122316
0.125335
0.124922
0.124334
0.125917
0.121952
0.121951
0.123830
0.125325
0.125159
0.124913
0.124236
0.123774
0.122346
0.122898
0.124512
0.123397
0.122981
0.121334
0.124173
0.123573
0.123648
0.123933
0.125150
0.124422
0.123825
0.124617
0.121409
0.121186
0.121463
0.123458
0.123953
0.124622
0.123717
0.126655
0.122584
0.123946
0.125830
0.126557
0.124858
0.123971
0.126326
0.127340
0.120435
0.124803
0.124299
0.124705
0.123296
0.125548
0.124177
0.121239
0.123389
0.124144
0.122546
0.123785
0.121048
0.122117
0.125884
0.126407
0.127800
0.123611
0.125488
0.125634
0.124347
0.123636
0.125719
0.127150
0.125701
0.122892
0.123795
0.123077
0.124336
0.122686
0.124851
0.122965
0.122580
0.123738
0.123791
0.126915
0.121155
0.127570
0.124069
0.125460
0.122321
0.123098
0.122434
0.122342
0.123138
0.122935
0.126310
0.125039
0.123175
0.120982
0.125588
0.122623
0.127243
0.123935
0.119308
0.120793
0.122095
0.125742
0.127036
0.124355
0.124095
0.123501
0.122327
0.122862
0.122599
0.120021
0.125033
0.126007
0.121461
0.125398
0.128256
0.124228
0.126711
0.124582
0.123617
0.124874
0.122980
0.126200
0.125669
0.122952
0.127621
0.124666
0.124689
0.122856
0.122166
0.125003
0.122013
0.127490
0.126040
0.124674
0.123957
0.123711
0.124056
0.123021
0.124267
0.120861
0.123189
0.121395
0.123987
0.122887
0.121933
0.124994
0.128219
0.122358
0.122529
0.126110
0.126597
0.119773
0.125088
0.123802
0.126070
0.124682
0.124043
0.127047
0.125545
0.122690
0.123879
0.122216
0.125892
0.122373
0.120581
0.122375
0.122930
0.126296
0.124796
0.125287
0.125400
0.126086
0.124349
0.125318
0.123636
0.121959
0.123336
0.123982
0.122767
0.124263
0.123855
0.123518
0.123782
0.122142
0.126178
0.123734
0.124942
0.123215
0.123622
0.126781
0.123020
0.123412
0.124869
0.126480
0.124382
0.125859
0.126056
0.126520
0.124636
0.123118
0.124061
0.127882
0.124011
0.123502
0.122892
0.123172
0.125828
0.124968
0.126463
0.124652
0.127212
0.123206
0.124108
0.120474
0.124900
0.126112
0.122568
0.125652
0.123854
0.125880
0.124691
0.123771
0.125778
0.124532
0.123979
0.124546
0.124867
0.125150
0.123746
0.124151
0.124088
0.123168
0.126001
0.123852
0.121127
0.122898
0.121146
0.123587
0.125757
0.123812
0.124297
0.125783
0.123797
0.124809
0.122241
0.124598
0.125990
0.122620
0.125649
0.125761
0.122349
0.126190
0.125399
0.129106
0.122805
0.125094
0.122347
0.122471
0.124595
0.121486
0.126654
0.121384
0.125013
0.124318
0.120727
0.126883
0.125916
0.127192
0.124347
0.120253
0.123935
0.120650
0.123792
0.122620
0.124135
0.123836
0.123606
0.124881
