0.425475
0.428186
0.427423
0.422367
0.423284
0.430110
0.423933
0.425321
0.429063
0.426750
0.432578
0.424623
0.423633
0.428909
0.429810
0.424802
0.424079
0.426092
0.426393
0.427148
0.431165
0.425833
0.429818
0.423803
0.431376
0.426839
0.422691
0.428901
0.426295
0.433706
0.431117
0.422570
0.429022
0.426953
0.426628
0.430532
0.429745
0.427115
0.426896
0.427691
0.425727
0.426263
0.425411
0.422237
0.427878
0.423219
0.429396
0.428105
0.425370
0.429307
0.422529
0.424120
0.423089
0.430451
0.427716
0.431320
0.424777
0.426628
0.427902
0.431880
0.430102
0.423398
0.429745
0.426766
0.426490
0.426920
0.428113
0.424372
0.427919
0.424607
0.431190
0.430005
0.426750
0.424623
0.432610
0.430897
0.420581
0.422350
0.426790
0.429266
0.435686
0.425191
0.425143
0.425638
0.426701
0.428576
0.426693
0.426474
0.428730
0.426847
0.429152
0.425443
0.421401
0.431393
0.420175
0.428941
0.429964
0.430143
0.421961
0.426693
0.425711
0.426060
0.427675
0.431863
0.431441
0.428641
0.432001
0.426717
0.424282
0.431027
0.426498
0.426482
0.427691
0.420443
0.425962
0.425126
0.431246
0.425370
0.424867
0.427659
0.429867
0.429420
0.427042
0.424591
0.426847
0.425061
0.425078
0.425500
0.428146
0.423000
0.425516
0.425159
0.424161
0.429834
0.436579
0.429225
0.427107
0.428885
0.428779
0.429420
0.426928
0.430833
0.426458
0.429331
0.428730
0.428511
0.424648
0.431182
0.423568
0.430743
0.428852
0.432553
0.428487
0.426458
0.431019
0.428300
0.425273
0.429396
0.427870
0.430808
0.429079
0.422602
0.431855
0.425906
0.425354
0.426100
0.425581
0.424396
0.423316
0.424412
0.431100
0.428495
0.427407
0.425086
0.433746
0.422740
0.428422
0.423787
0.427310
0.431019
0.428958
0.432975
0.436100
0.427837
0.428146
0.427975
0.428073
0.423211
0.428544
0.429315
0.418487
0.430695
0.428552
0.429234
0.422635
0.427870
0.429193
0.429688
0.431693
0.425816
0.422935
0.424493
0.421937
0.427464
0.426985
0.433779
0.424006
0.430605
0.422602
0.437740
0.424096
0.429802
0.421636
0.425183
0.421636
0.424574
0.424055
0.430264
0.428755
0.424704
0.427229
0.435321
0.426100
0.425792
0.428251
0.423552
0.428730
0.427578
0.425475
0.428868
0.427172
0.427188
0.424923
0.428073
0.423779
0.429988
0.428065
0.428389
0.426441
0.428170
0.430021
0.422724
0.428130
0.426109
0.429339
0.430622
0.426693
0.428324
0.433746
0.428706
0.432058
0.424428
0.425524
0.428324
0.432009
0.425273
0.427139
0.428268
0.428454
0.432553
0.428073
0.426328
0.425971
0.428698
0.428235
0.430881
0.434794
0.429501
0.430987
0.430662
0.431441
0.428462
0.426920
0.426734
0.430759
0.427261
0.426855
0.429063
0.431003
0.421807
0.429152
0.421945
0.426263
0.429988
0.430337
0.430427
0.426036
0.429039
0.427635
0.421125
0.430987
0.425094
0.429948
0.433462
0.429071
0.422805
0.424680
0.424583
0.427042
0.422781
0.427237
0.431936
0.424510
0.428633
0.426823
0.424550
0.425613
0.422286
0.424599
0.427610
0.428243
0.427943
0.427383
0.425784
0.430061
0.432164
0.424331
0.429217
0.428941
0.427635
0.425500
0.427943
0.425922
0.425492
0.427635
0.432156
0.426539
0.427058
0.427667
0.425898
0.425411
0.427139
0.428365
0.423974
0.428032
0.433333
0.426782
0.427480
0.429445
0.427773
0.427740
0.426636
0.426685
0.432399
0.429501
0.419745
0.426303
0.427375
0.425329
0.430881
0.424639
0.425760
0.425126
0.427212
0.425540
0.432221
0.428487
0.423820
0.427139
0.422813
0.430824
0.430297
0.433917
0.425768
0.427699
0.428146
0.421596
0.429355
0.422635
0.426287
0.428576
0.425695
0.426052
0.424453
0.425240
0.425873
0.426149
0.432180
0.426109
0.426742
0.424363
0.423706
0.432042
0.428300
0.435427
0.427570
0.424315
0.426539
0.423714
0.427878
0.422367
0.428316
0.427675
0.429152
0.426368
0.429420
0.428438
0.422042
0.428316
0.422643
0.421677
0.428690
0.425979
0.430110
0.428138
0.427643
0.425370
0.429664
0.427342
0.421125
0.432131
0.422139
0.431409
0.431303
0.424859
0.423617
0.423836
0.431474
0.429753
0.424501
0.425540
0.424859
0.430159
0.425557
0.421677
0.429769
0.427497
0.434063
0.423430
0.424031
0.426019
0.427188
0.427367
0.424307
0.425516
0.430865
0.424988
0.424615
0.426100
0.427764
0.431109
0.424794
0.430751
0.425727
0.422578
0.425670
0.426855
0.425857
0.431839
0.430662
0.423187
0.425159
0.425654
0.427367
0.426717
0.427229
0.428008
0.427277
0.435151
0.430727
0.427099
0.423552
0.427521
0.427967
0.427448
0.428105
0.422675
0.427001
0.426360
0.426466
0.429160
0.423747
0.431742
0.429915
0.425191
0.430110
0.422269
0.433698
0.428024
0.427342
0.432716
0.423268
0.423065
0.424867
0.429794
0.426279
0.434729
0.434631
0.430313
0.427586
0.429794
0.433471
0.428682
0.426571
0.428122
0.427018
0.425427
0.426157
0.426596
0.424355
