0.031371
0.031485
0.031166
0.032083
0.031464
0.031060
0.031976
0.031305
0.030994
0.030992
0.032535
0.032286
0.031918
0.031628
0.031188
0.031159
0.031768
0.029573
0.030304
0.029815
0.033202
0.032693
0.031842
0.031166
0.032862
0.032227
0.032235
0.031078
0.030280
0.032472
0.030969
0.032702
0.029947
0.030088
0.030330
0.029559
0.030184
0.030626
0.030412
0.030426
0.030280
0.031341
0.029689
0.030370
0.029887
0.032403
0.031970
0.031657
0.030199
0.030199
0.029107
0.029828
0.029288
0.028973
0.032480
0.030452
0.030158
0.030295
0.030664
0.029057
0.030211
0.029922
0.028884
0.030638
0.030065
0.030808
0.030430
0.030888
0.030954
0.030839
0.028643
0.030202
0.030713
0.031420
0.030164
0.028444
0.031363
0.029598
0.028942
0.028476
0.027279
0.027493
0.027972
0.027618
0.028622
0.028273
0.027177
0.025632
0.027153
0.028311
0.028675
0.026750
0.028252
0.026203
0.028921
0.030630
0.028156
0.028574
0.028362
0.029405
0.028892
0.027561
0.028063
0.028578
0.027147
0.027513
0.027544
0.027918
0.026599
0.028024
0.028044
0.028529
0.026636
0.027865
0.028247
0.028533
0.025877
0.028150
0.026762
0.028376
0.028064
0.028149
0.027789
0.027332
0.028582
0.027354
0.027702
0.028921
0.026969
0.027889
0.029636
0.026285
0.028713
0.028536
0.026592
0.027676
0.027795
0.028410
0.029029
0.028118
0.027691
0.026479
0.027370
0.027698
0.028220
0.028389
0.025985
0.027978
0.028880
0.027861
0.028052
0.027636
0.028974
0.027082
0.028247
0.025840
0.025957
0.028322
0.028741
0.026785
0.026695
0.028453
0.026538
0.028261
0.026587
0.027858
0.026841
0.027159
0.026503
0.027830
0.029408
0.028421
0.026313
0.029677
0.029132
0.028662
0.027976
0.026754
0.028881
0.026771
0.027791
0.027011
0.026912
0.026565
0.026632
0.028494
0.026112
0.027620
0.028716
0.029025
0.027702
0.028485
0.026912
0.028115
0.026559
0.027672
0.026962
0.028587
0.027742
0.028370
0.026959
0.027441
0.028169
0.027466
0.027490
0.027214
0.027497
0.026842
0.027920
0.026178
0.027296
0.026458
0.029292
0.028108
0.028232
0.026530
0.027890
0.026796
0.027339
0.027910
0.027295
0.028454
0.026571
0.026428
0.028661
0.028401
0.026873
0.027551
0.027376
0.027485
0.026439
0.028961
0.027719
0.026663
0.028957
0.028129
0.027863
0.026296
0.029287
0.028011
0.026478
0.028503
0.026258
0.026895
0.025977
0.025439
0.028946
0.028483
0.028472
0.027085
0.026594
0.028515
0.026630
0.026430
0.028351
0.025697
0.026801
0.026795
0.026224
0.026088
0.027318
0.028802
0.026325
0.028976
0.027644
0.026633
0.026753
0.027635
0.028357
0.027087
0.028271
0.027126
0.029733
0.026724
0.028834
0.026993
0.027951
0.028627
0.026838
0.026493
0.029576
0.027814
0.028301
0.027618
0.029798
0.028913
0.028354
0.029102
0.029255
0.028813
0.028472
0.026251
0.029017
0.028134
0.028814
0.029707
0.027666
0.029221
0.027824
0.026853
0.028539
0.028934
0.028593
0.027976
0.026960
0.026199
0.029295
0.028242
0.029886
0.029169
0.029892
0.029136
0.027907
0.029111
0.030105
0.029111
0.029240
0.029742
0.029146
0.029241
0.029071
0.029408
0.029104
0.028393
0.030021
0.029301
0.028932
0.029004
0.029843
0.028862
0.027508
0.027504
0.027741
0.027558
0.028463
0.028844
0.028211
0.029252
0.029393
0.028877
0.028643
0.028793
0.028124
0.027980
0.027772
0.027961
0.028456
0.029632
0.027877
0.027891
0.026632
0.028425
0.026063
0.029486
0.029346
0.028774
0.028518
0.028925
0.029602
0.028881
0.028390
0.028058
0.027451
0.027399
0.028039
0.028534
0.028202
0.026858
0.028757
0.028874
0.028369
0.026963
0.027308
0.027953
0.028219
0.026423
0.027854
0.027480
0.027533
0.027324
0.026232
0.029143
0.027060
0.027506
0.026163
0.028279
0.026401
0.026920
0.027938
0.029257
0.029273
0.029280
0.028840
0.028877
0.028825
0.028918
0.027576
0.027179
0.029156
0.027705
0.027831
0.028204
0.029068
0.029263
0.029217
0.029295
0.029231
0.029559
0.029617
0.029091
0.028434
0.026598
0.028771
0.026380
0.028986
0.029194
0.028868
0.029323
0.029326
0.028958
0.029196
0.029610
0.026103
0.026964
0.028353
0.029464
0.029247
0.029475
0.029000
0.028400
0.029078
0.028549
0.027826
0.025979
0.027901
0.027825
0.028950
0.026718
0.026260
0.026687
0.029225
0.027271
0.028064
0.026674
0.027710
0.028151
0.027137
0.025750
0.029684
0.028941
0.027083
0.026430
0.026517
0.029449
0.027527
0.028619
0.027846
0.027093
0.027583
0.028008
0.028616
0.026824
0.026960
0.028827
0.027200
0.029540
0.029047
0.026958
0.028318
0.026802
0.026296
0.027523
0.028088
0.029847
0.027252
0.027454
0.029253
0.027695
0.027906
0.028464
0.028094
0.027096
0.025635
0.027982
0.026394
0.027183
0.028348
0.028745
0.027263
0.026617
0.027753
0.028759
0.026941
0.027951
0.027463
0.028978
0.027193
0.028439
0.026276
0.029211
0.029131
0.028939
0.027928
0.028528
0.026931
0.027534
0.027362
0.027365
0.027699
0.028305
0.027314
0.027333
0.028045
0.027751
0.028766
0.028853
0.028313
0.028830
0.027689
0.029283
0.029383
0.029645
0.028751
0.028849
0.029328
0.029194
0.028918
0.027568
0.029165
0.028342
0.025252
0.027664
0.026698
0.028227
0.029211
0.027547
0.027802
0.026662
0.028735
0.028231
0.026811
0.026027
0.028541
0.026392
0.027397
0.028784
0.028997
0.028747
0.028961
0.029295
0.029143
0.029325
0.027553
0.027202
0.028333
0.028715
0.028057
0.028280
0.028021
0.029637
0.028186
0.027008
0.028080
0.028919
0.026155
0.026914
0.028304
0.026874
0.026646
0.028143
0.026617
0.028364
0.028977
0.028991
0.028282
0.028198
0.028611
0.025990
0.026602
0.027712
0.028353
0.028689
0.027867
0.027731
0.027239
0.028338
0.029049
0.027157
0.027098
0.027489
0.026954
0.027147
0.027929
0.028639
0.026801
0.033480
0.032194
0.034098
0.031644
0.031121
0.032393
0.031223
0.031578
0.031351
0.032085
