0.407289
0.424178
0.425778
0.397511
0.407644
0.418667
0.419556
0.407111
0.433422
0.413689
0.430044
0.443556
0.421867
0.422756
0.417244
0.440533
0.411022
0.433067
0.418133
0.419556
0.413156
0.422578
0.421156
0.403200
0.403378
0.400889
0.416356
0.413689
0.398222
0.408178
0.409422
0.432000
0.419556
0.414933
0.415644
0.416533
0.459022
0.414222
0.409600
0.434667
0.392178
0.432533
0.419200
0.413511
0.435200
0.392711
0.435733
0.432178
0.417422
0.422933
0.417778
0.417422
0.419022
0.415289
0.435733
0.408178
0.411911
0.408178
0.403200
0.419556
0.414400
0.414044
0.428800
0.421867
0.446933
0.409067
0.427022
0.402844
0.411200
0.422933
0.407111
0.441422
0.414044
0.384000
0.420267
0.411378
0.433956
0.425422
0.434667
0.404978
0.414044
0.425244
0.414756
0.394133
0.416356
0.414578
0.416711
0.432178
0.440889
0.396267
0.439111
0.438400
0.406044
0.399111
0.430400
0.418489
0.401067
0.408356
0.421689
0.417956
0.421867
0.419378
0.396089
0.412267
0.413333
0.399289
0.412089
0.423467
0.425244
0.407822
0.410133
0.413867
0.422578
0.422044
0.435200
0.442133
0.401956
0.409600
0.426311
0.418489
0.427378
0.427556
0.423644
0.428089
0.418311
0.406044
0.423289
0.434844
0.416356
0.416533
0.419200
0.434844
0.433778
0.409422
0.425600
0.444267
0.398756
0.414578
0.411200
0.406578
0.404800
0.398400
0.433778
0.407467
0.400533
0.413511
0.440356
0.432889
0.412444
0.436978
0.432889
0.412267
0.422578
0.416356
0.406044
0.438933
0.413511
0.406578
0.423111
0.393244
0.435200
0.400178
0.424356
0.404444
0.423644
0.411911
0.411911
0.427733
0.421867
0.405333
0.433244
0.406044
0.399289
0.419022
0.397333
0.402844
0.422400
0.424178
0.396444
0.432000
0.406933
0.415644
0.392178
0.428444
0.435911
0.413156
0.429867
0.427378
0.402489
0.429333
0.410844
0.420089
0.417067
0.412800
0.432356
0.428089
0.414400
0.431111
0.443378
0.414756
0.399111
0.428978
0.409956
0.412800
0.424711
0.434489
0.431289
0.420800
0.424533
0.403911
0.414933
0.410311
0.423822
0.412800
0.402311
0.420444
0.428089
0.431822
0.424889
0.404978
0.433067
0.425600
0.422756
0.439467
0.399822
0.410133
0.449956
0.403733
0.411378
0.392711
0.402489
0.407822
0.419733
0.418844
0.422222
0.400178
0.425067
0.413156
0.430222
0.432000
0.442311
0.437689
0.414933
0.412267
0.412267
0.429867
0.422400
0.403911
0.419556
0.411200
0.436622
0.404089
0.437511
0.416178
0.412622
0.429867
0.422400
0.414756
0.387022
0.433067
0.426133
0.418667
0.435378
0.408000
0.441778
0.428978
0.422222
0.436089
0.443911
0.420444
0.410844
0.434667
0.423289
0.415111
0.433956
0.441956
0.444978
0.439822
0.417956
0.430044
0.420800
0.397511
0.412978
0.427911
0.425778
0.420089
0.409600
0.427556
0.419378
0.390400
0.406578
0.403733
0.418667
0.421156
0.411911
0.427378
0.433956
0.411733
0.409422
0.436978
0.419022
0.420267
0.414933
0.431289
0.422933
0.444444
0.410667
0.428622
0.413333
0.449956
0.437511
0.406222
0.424000
0.419911
0.414222
0.407644
0.413867
0.430222
0.410667
0.415467
0.403911
0.390044
0.412267
0.398756
0.442311
0.429333
0.423111
0.417422
0.413689
0.434844
0.408889
0.433600
0.412978
0.428444
0.433067
0.433067
0.396267
0.422933
0.408533
0.397689
0.419556
0.422756
0.410489
0.436978
0.413333
0.433244
0.411022
0.417244
0.412089
0.423644
0.400533
0.446933
0.397333
0.429867
0.411022
0.400000
0.395378
0.441778
0.428978
0.438400
0.422756
0.434489
0.411200
0.419200
0.408000
0.417778
0.417422
0.403378
0.430933
0.409067
0.419911
0.420444
0.410489
0.410133
0.428444
0.397689
0.434311
0.419556
0.404622
0.441600
0.422044
0.437867
0.400533
0.403911
0.406933
0.404800
0.406933
0.433956
0.411022
0.398044
0.430933
0.404978
0.425778
0.397689
0.425067
0.406933
0.408178
0.418667
0.444089
0.405511
0.397867
0.426489
0.409067
0.424533
0.426844
0.430400
0.392533
0.429156
0.421511
0.403733
0.422400
0.410844
0.404267
0.408889
0.425778
0.410844
0.430756
0.417778
0.411733
0.407289
0.417956
0.403200
0.413867
0.432356
0.400178
0.427200
0.436800
0.421867
0.422933
0.414933
0.435022
0.419733
0.416178
0.376178
0.403378
0.419022
0.427022
0.406756
0.427200
0.410667
0.418311
0.428089
0.430400
0.432889
0.438400
0.418667
0.444267
0.426489
0.412267
0.422756
0.441422
0.432356
0.436267
0.407289
0.395378
0.427733
0.439467
0.411378
0.429511
0.424711
0.438933
0.404089
0.387022
0.391822
0.421333
0.435733
0.430933
0.406400
0.428622
0.408178
0.424178
0.424356
0.426489
0.434489
0.430756
0.431822
0.409600
0.395911
0.419378
0.393422
0.400711
0.405511
0.410667
0.428622
0.434311
0.410844
0.424533
0.417422
0.421156
0.408889
0.417956
0.427911
0.426311
0.429511
0.437689
0.432356
0.419556
0.392178
0.415111
0.387733
0.324800
0.270222
0.220978
0.249956
0.236444
0.305778
0.231111
0.200533
0.284800
0.292622
0.418133
0.443022
0.422222
0.430578
0.427200
0.422222
0.436089
0.426844
0.416000
0.408178
0.415111
0.402844
0.448711
0.422400
0.416000
0.414756
0.423467
0.437156
0.427911
0.419022
0.204267
0.220444
0.264178
0.241956
0.229333
0.284800
0.209956
0.301689
0.282844
0.268800
0.251200
0.260444
0.243022
0.264000
0.312356
0.299733
0.271467
0.333156
0.228978
0.303289
0.197333
0.242844
0.253867
0.263822
0.238222
0.206578
0.155378
0.301333
0.208000
0.328000
