0.459200
0.470400
0.392000
0.449600
0.377600
0.348800
0.320000
0.380800
0.337600
0.400000
0.419200
0.380800
0.464000
0.424000
0.382400
0.379200
0.409600
0.382400
0.369600
0.326400
0.406400
0.480000
0.318400
0.328000
0.483200
0.459200
0.464000
0.425600
0.374400
0.382400
0.379200
0.387200
0.337600
0.337600
0.435200
0.364800
0.403200
0.374400
0.379200
0.404800
0.356800
0.398400
0.369600
0.372800
0.441600
0.409600
0.340800
0.313600
0.369600
0.456000
0.419200
0.368000
0.384000
0.355200
0.409600
0.401600
0.352000
0.382400
0.345600
0.344000
0.398400
0.297600
0.398400
0.401600
0.392000
0.342400
0.380800
0.345600
0.388800
0.409600
0.422400
0.449600
0.352000
0.411200
0.427200
0.385600
0.377600
0.360000
0.425600
0.427200
0.401600
0.452800
0.380800
0.356800
0.353600
0.440000
0.347200
0.374400
0.456000
0.355200
0.345600
0.372800
0.329600
0.372800
0.360000
0.366400
0.419200
0.478400
0.441600
0.372800
0.427200
0.459200
0.432000
0.459200
0.398400
0.369600
0.377600
0.420800
0.433600
0.304000
0.459200
0.419200
0.380800
0.380800
0.332800
0.376000
0.470400
0.404800
0.420800
0.304000
0.324800
0.348800
0.297600
0.387200
0.369600
0.329600
0.438400
0.400000
0.395200
0.393600
0.361600
0.385600
0.440000
0.356800
0.328000
0.348800
0.443200
0.388800
0.368000
0.395200
0.385600
0.416000
0.492800
0.398400
0.449600
0.435200
0.448000
0.400000
0.332800
0.352000
0.363200
0.369600
0.438400
0.441600
0.416000
0.358400
0.289600
0.416000
0.427200
0.411200
0.336000
0.332800
0.414400
0.321600
0.344000
0.436800
0.368000
0.393600
0.441600
0.321600
0.388800
0.382400
0.398400
0.358400
0.324800
0.361600
0.318400
0.380800
0.406400
0.342400
0.440000
0.352000
0.441600
0.408000
0.412800
0.348800
0.348800
0.366400
0.342400
0.352000
0.379200
0.392000
0.396800
0.409600
0.473600
0.392000
0.344000
0.393600
0.360000
0.340800
0.475200
0.358400
0.380800
0.321600
0.465600
0.414400
0.401600
0.433600
0.366400
0.432000
0.352000
0.358400
0.336000
0.408000
0.347200
0.369600
0.475200
0.374400
0.384000
0.433600
0.304000
0.380800
0.356800
0.390400
0.363200
0.424000
0.382400
0.384000
0.400000
0.430400
0.323200
0.348800
0.393600
0.344000
0.390400
0.352000
0.424000
0.379200
0.462400
0.342400
0.444800
0.331200
0.366400
0.379200
0.350400
0.408000
0.385600
0.364800
0.361600
0.337600
0.385600
0.316800
0.444800
0.363200
0.419200
0.385600
0.444800
0.361600
0.401600
0.380800
0.344000
0.384000
0.345600
0.374400
0.374400
0.384000
0.388800
0.342400
0.395200
0.449600
0.401600
0.408000
0.390400
0.388800
0.355200
0.393600
0.348800
0.420800
0.316800
0.347200
0.380800
0.398400
0.446400
0.371200
0.377600
0.416000
0.313600
0.344000
0.316800
0.387200
0.395200
0.419200
0.433600
0.428800
0.424000
0.339200
0.460800
0.356800
0.464000
0.452800
0.376000
0.411200
0.352000
0.438400
0.425600
0.416000
0.326400
0.425600
0.414400
0.331200
0.420800
0.337600
0.422400
0.347200
0.441600
0.384000
0.382400
0.390400
0.412800
0.444800
0.472000
0.416000
0.339200
0.430400
0.395200
0.379200
0.382400
0.379200
0.449600
0.475200
0.368000
0.408000
0.377600
0.411200
0.368000
0.377600
0.465600
0.422400
0.352000
0.398400
0.467200
0.382400
0.488000
0.339200
0.465600
0.432000
0.408000
0.304000
0.376000
0.361600
0.417600
0.363200
0.331200
0.454400
0.424000
0.404800
0.430400
0.420800
0.440000
0.484800
0.366400
0.308800
0.428800
0.436800
0.296000
0.481600
0.380800
0.424000
0.414400
0.305600
0.404800
0.316800
0.438400
0.336000
0.380800
0.388800
0.316800
0.371200
0.368000
0.364800
0.411200
0.345600
0.369600
0.316800
0.428800
0.468800
0.360000
0.384000
0.443200
0.384000
0.409600
0.425600
0.364800
0.457600
0.416000
0.420800
0.436800
0.491200
0.448000
0.396800
0.339200
0.387200
0.360000
0.443200
0.433600
0.363200
0.400000
0.372800
0.363200
0.398400
0.441600
0.417600
0.382400
0.350400
0.342400
0.428800
0.403200
0.411200
0.361600
0.318400
0.392000
0.420800
0.419200
0.353600
0.452800
0.464000
0.361600
0.371200
0.390400
0.374400
0.398400
0.412800
0.419200
0.409600
0.393600
0.392000
0.404800
0.361600
0.292800
0.408000
0.382400
0.380800
0.403200
0.416000
0.376000
0.419200
0.392000
0.390400
0.472000
0.368000
0.380800
0.344000
0.488000
0.344000
0.387200
0.452800
0.430400
0.406400
0.395200
0.339200
0.361600
0.406400
0.433600
0.355200
0.310400
0.396800
0.424000
0.366400
0.388800
0.387200
0.276800
0.392000
0.440000
0.363200
0.448000
0.473600
0.387200
0.452800
0.366400
0.320000
0.435200
0.324800
0.456000
0.363200
0.385600
0.451200
0.412800
0.361600
0.376000
0.430400
0.390400
0.416000
0.350400
0.395200
0.408000
0.414400
0.411200
0.441600
0.350400
0.382400
0.356800
