0,199688		0,210403684
0,200438		
0,190543		
0,200411		
0,178378		
0,189557		
0,176876		
0,180165		
0,173045		
0,177039		
0,210953		
0,191403		
0,210623		
0,202929		
0,19439		
0,210831		
0,206057		
0,210368		
0,203766		
0,225442		
0,21174		
0,24541		
0,212758		
0,22754		
0,213486		
0,198355		
0,216128		
0,203604		
0,197462		
0,234256		
0,220325		
0,203202		
0,200279		
0,202391		
0,20288		
0,215351		
0,220464		
0,225708		
0,227945		
0,212949		
0,222007		
0,213965		
0,207967		
0,199497		
0,220195		
0,21406		
0,212188		
0,213906		
0,20002		
0,229851		
0,218538		
0,200624		
0,204135		
0,214092		
0,22243		
0,202295		
0,224016		
0,21259		
0,21015		
0,229323		
0,201843		
0,219828		
0,214368		
0,210766		
0,218022		
0,216927		
0,214068		
0,226148		
0,21906		
0,218688		
0,211801		
0,228261		
0,203666		
0,218648		
0,222631		
0,210315		
0,211403		
0,187976		
0,209703		
0,203507		
0,205589		
0,22732		
0,208629		
0,209944		
0,219051		
0,225638		
0,200444		
0,215787		
0,204416		
0,207547		
0,202509		
0,214166		
0,208606		
0,212405		
0,228155		
0,214243		
0,199044		
0,208718		
0,227329		
0,221916		
0,227273		
0,199863		
0,207866		
0,218453		
0,213691		
0,201822		
0,219508		
0,203306		
0,212803		
0,211409		
0,227487		
0,19421		
0,197394		
0,195508		
0,217022		
0,213014		
0,213315		
0,209117		
0,206324		
0,222689		
0,203817		
0,214739		
0,206365		
0,214904		
0,235196		
0,23214		
0,218907		
0,243349		
0,222998		
0,216326		
0,241951		
0,223998		
0,214307		
0,213436		
0,222452		
0,22718		
0,215362		
0,206953		
0,229014		
0,216509		
0,20721		
0,232862		
0,20778		
0,219869		
0,21651		
0,220994		
0,219893		
0,221143		
0,220386		
0,217356		
0,21684		
0,208942		
0,209296		
0,219067		
0,220595		
0,215636		
0,216598		
0,207526		
0,219582		
0,217872		
0,220299		
0,21472		
0,21369		
0,209874		
0,224694		
0,214266		
0,211203		
0,19865		
0,212898		
0,221306		
0,208809		
0,211275		
0,218509		
0,205756		
0,224965		
0,207054		
0,222541		
0,205272		
0,215793		
0,214681		
0,222313		
0,220493		
0,210546		
0,223354		
0,217179		
0,214457		
0,218681		
0,208324		
0,219286		
0,218006		
0,219135		
0,212072		
0,213089		
0,211123		
0,206667		
0,209142		
0,224686		
0,213675		
0,199132		
0,225894		
0,20889		
0,23553		
0,224584		
0,220239		
0,214774		
0,226344		
0,212952		
0,212201		
0,216169		
0,220816		
0,21069		
0,225505		
0,218928		
0,211333		
0,200179		
0,214885		
0,215838		
0,214062		
0,216344		
0,208792		
0,221798		
0,206785		
0,209651		
0,216809		
0,219762		
0,230416		
0,213216		
0,207754		
0,203001		
0,215367		
0,202566		
0,213379		
0,205495		
0,213927		
0,234614		
0,218943		
0,219112		
0,206919		
0,221982		
0,218198		
0,21251		
0,221272		
0,2071		
0,215679		
0,216742		
0,228704		
0,216712		
0,217685		
0,216742		
0,218484		
0,204003		
0,210668		
0,210624		
0,216736		
0,218537		
0,224192		
0,223484		
0,234967		
0,208869		
0,207528		
0,209057		
0,220651		
0,23033		
0,223108		
0,219821		
0,215101		
0,218158		
0,225992		
0,214645		
0,198877		
0,214314		
0,234681		
0,196945		
0,213964		
0,199294		
0,213953		
0,214183		
0,21097		
0,227775		
0,236329		
0,197135		
0,216645		
0,208063		
0,211967		
0,225195		
0,228798		
0,218117		
0,245229		
0,211646		
0,220422		
0,200327		
0,202211		
0,218279		
0,202744		
0,222952		
0,195043		
0,21176		
0,214077		
0,206916		
0,223743		
0,203627		
0,203552		
0,226187		
0,228766		
0,210078		
0,214102		
0,217788		
0,216214		
0,224413		
0,226821		
0,208377		
0,216563		
0,221577		
0,224544		
0,213075		
0,221076		
0,20553		
0,215367		
0,220166		
0,225883		
0,22739		
0,217592		
0,217948		
0,216684		
0,219392		
0,209547		
0,213496		
0,220357		
0,240854		
0,21822		
0,229364		
0,213457		
0,208741		
0,211101		
0,218929		
0,216673		
0,219708		
0,214806		
0,22053		
0,210599		
0,220957		
0,219501		
0,23781		
0,225387		
0,224143		
0,233044		
0,218208		
0,24872		
0,236408		
0,229773		
0,243123		
0,238034		
0,24202		
0,239801		
0,238908		
0,244789		
0,224369		
0,219612		
0,214519		
0,213453		
0,232842		
0,249907		
0,241753		
0,217451		
0,223401		
0,233028		
0,224887		
0,237725		
0,232526		
0,235402		
0,226826		
0,253445		
0,232144		
0,218886		
0,222728		
0,226763		
0,241315		
0,223156		
0,22658		
0,234313		
0,218659		
0,210039		
0,218848		
0,218556		
0,222828		
0,216895		
0,255408		
0,207259		
0,222141		
0,252869		
0,222861		
0,228787		
0,216815		
0,239079		
0,232744		
0,209399		
0,21647		
0,221217		
0,21719		
0,223541		
0,212846		
0,224373		
0,215477		
0,227766		
0,208699		
0,217959		
0,230812		
0,221087		
0,239027		
0,228882		
0,214025		
0,207671		
0,213329		
0,215658		
0,23012		
0,227063		
0,223882		
0,224357		
0,217824		
0,206094		
0,242864		
0,238661		
0,222721		
0,212799		
0,210113		
0,22215		
0,216338		
0,242217		
0,232479		
0,239939		
0,211521		
0,203992		
0,216278		
0,221459		
0,220256		
0,233494		
0,219988		
0,207504		
0,226317		
0,231108		
0,229517		
0,216249		
0,219201		
0,228674		
0,221862		
0,238493		
0,243942		
0,218107		
0,235976		
0,211847		
0,221258		
0,22225		
0,224104		
0,217988		
0,212001		
0,227797		
0,208321		
0,224259		
0,219306		
0,207028		
0,207586		
0,21689		
0,220666		
0,225785		
0,22675		
0,218427		
0,244778		
0,225727		
0,218041		
0,225376		
0,201828		
0,233301		
0,216776		
0,224714		
0,212907		
0,219965		
0,224583		
0,216001		
0,226636		
0,235784		
0,22596		
0,221592		
0,213711		
0,221262		
0,226461		
0,218029		
0,22046		
0,211732		
0,21079		
0,2146		
0,215195		
0,224393		
0,235353		
0,213173		
0,228527		
0,206087		
0,208155		
0,243575		
0,221683		
0,243515		
0,223633		
0,226061		
0,221314		
0,214648		
0,207706		
0,224033		
0,22611		
0,221454		
0,234468		
0,22574		
0,230649		
0,205776		
0,224057		
0,21461		
0,225816		
0,212804		
0,242236		
0,220078		
0,223735		
0,232376		
0,206684		
0,215901		
0,22887		
0,219458		
0,21074		
0,225572		
0,230561		
0,232558		
0,2228		
0,209095		
0,204349		
0,219786		
0,214721		
0,218387		
0,226957		
0,215236		
0,22786		
0,229176		
0,212574		
0,23361		
0,231907		
0,220603		
0,2237		
0,227582		
0,221023		
0,215816		
0,219449		
0,224485		
0,212796		
0,223652		
0,22117		
0,229847		
0,210416		
0,224572		
0,219042		
0,234377		
0,212924		
0,219924		
0,211609		
0,215639		
0,210146		
0,226014		
0,239719		
0,226587		
0,220569		
0,211269		
0,227264		
0,214074		
0,223169		
0,216524		
0,219676		
0,217155		
0,210257		
0,222302		
0,220059		
0,217059		
0,23184		
0,239706		
0,222889		
0,214661		
0,216238		
0,204949		
0,215602		
0,22146		
0,229085		
0,223308		
0,2202		
0,23038		
0,216339		
0,210974		
0,231316		
0,227648		
0,213201		
0,223462		
0,228026		
0,215231		
0,23277		
0,215639		
0,210206		
0,222282		
0,216859		
0,241842		
0,228234		
0,232439		
0,239345		
0,228755		
0,217299		
0,228491		
0,225033		
0,230289		
0,206123		
0,19819		
0,210644		
0,193856		
0,208024		
0,187938		
0,221388		
0,190663		
0,191013		
0,197034		
0,192509		
0,20025		
0,195582		
0,195999		
0,19293		
0,202308		
0,195794		
0,199485		
0,203952		
0,19688		
0,197293		
0,194982		
0,205793		
0,196813		
0,201495		
0,200083		
0,201711		
0,203317		
0,200336		
0,211878		
0,198193		
0,200195		
0,192235		
0,203772		
0,208456		
0,192446		
0,203022		
0,200762		
0,189171		
0,200855		
0,200745		
0,200048		
0,202202		
0,195673		
0,204225		
0,189626		
0,207055		
0,202438		
0,201687		
0,20996		
0,190325		
0,193559		
0,192382		
0,211185		
0,204016		
0,200433		
0,210679		
0,208462		
0,199262		
0,193283		
0,195948		
0,19974		
0,189744		
0,19758		
0,197639		
0,202842		
0,196132		
0,192474		
0,198606		
0,203067		
0,204101		
0,195536		
0,195797		
0,207902		
0,194955		
0,218639		
0,202861		
0,200535		
0,208017		
0,190447		
0,201274		
0,193191		
0,196967		
0,19641		
0,20848		
0,196844		
0,198026		
0,201845		
0,209794		
0,198053		
0,193215		
0,194307		
0,202444		
0,209958		
0,201023		
0,204363		
0,197773		
0,199139		
0,199292		
0,204047		
0,223106		
0,212322		
0,199716		
0,198692		
0,193346		
0,196691		
0,20045		
0,202655		
0,20591		
0,207269		
0,202715		
0,197569		
0,200233		
0,196574		
0,197039		
0,192306		
0,203318		
0,1991		
0,18895		
0,197975		
0,194592		
0,204761		
0,195981		
0,232556		
0,196457		
0,199636		
0,189934		
0,194022		
0,203443		
0,203488		
0,195469		
0,194642		
0,191318		
0,214714		
0,232188		
0,189477		
0,191637		
0,20413		
0,20071		
0,195238		
0,20388		
0,200053		
0,205424		
0,198937		
0,190545		
0,209603		
0,212175		
0,205806		
0,201494		
0,19525		
0,200801		
0,200016		
0,200323		
0,194242		
0,192032		
0,19255		
0,217716		
0,196173		
0,201649		
0,200715		
0,204533		
0,199694		
0,211555		
0,194204		
0,20659		
0,206493		
0,207242		
0,197262		
0,197971		
0,199454		
0,193174		
0,207082		
0,210443		
0,209266		
0,195641		
0,18848		
0,193272		
0,206599		
0,198034		
0,209566		
0,205144		
0,213131		
0,203603		
0,206418		
0,204133		
0,191551		
0,195807		
0,197177		
0,210481		
0,194771		
0,207416		
0,19645		
0,2006		
0,196564		
0,200707		
0,194912		
0,192792		
0,198752		
0,192886		
0,196724		
0,190299		
0,199153		
0,194117		
0,202158		
0,199728		
0,197699		
0,1959		
0,194803		
0,198167		
0,192964		
0,203592		
0,188807		
0,20123		
0,217104		
0,205172		
0,200183		
0,191397		
0,193203		
0,215541		
0,203757		
0,194549		
0,195168		
0,20457		
0,213378		
0,209927		
0,199203		
0,189918		
0,198342		
0,194523		
0,200438		
0,197819		
0,213258		
0,194803		
0,209259		
0,195109		
0,199749		
0,197682		
0,192646		
0,197359		
0,197061		
0,206001		
0,205539		
0,202983		
0,198755		
0,203676		
0,197432		
0,196662		
0,202726		
0,212152		
0,201621		
0,203014		
0,193005		
0,19296		
0,196987		
0,199306		
0,198591		
0,201519		
0,200655		
0,195042		
0,194039		
0,206996		
0,198126		
0,198959		
0,191078		
0,207467		
0,198744		
0,218466		
0,195297		
0,207548		
0,204304		
0,205163		
0,190699		
0,194336		
0,203527		
0,200944		
0,198323		
0,203884		
0,198755		
0,196931		
0,201951		
0,197697		
0,205859		
0,199999		
0,194555		
0,193805		
0,195076		
0,204152		
0,197576		
0,196911		
0,199615		
0,196024		
0,194193		
0,211877		
0,208936		
0,197922		
0,200086		
0,21303		
0,198264		
0,201377		
0,197293		
0,191191		
0,196584		
0,198257		
0,197341		
0,201868		
0,201382		
0,197524		
0,205422		
0,202955		
0,200224		
0,202036		
0,194317		
0,201958		
0,199068		
0,19762		
0,201791		
0,197405		
0,20426		
0,205111		
0,207582		
0,195883		
0,201579		
0,195417		
0,203978		
0,199861		
0,221056		
0,203675		
0,215453		
0,204414		
0,199621		
0,191792		
0,210324		
0,199174		
0,204493		
0,197424		
0,193128		
0,211024		
0,206141		
0,198027		
0,215046		
0,198096		
0,20423		
0,203301		
0,195538		
0,190259		
0,20372		
0,211553		
0,209191		
0,195606		
0,196439		
0,198341		
0,195209		
0,202863		
0,205386		
0,199844		
0,20772		
0,20834		
0,213826		
0,199967		
0,204337		
0,192622		
0,199941		
0,20394		
0,205977		
0,19604		
0,209964		
0,198378		
0,201119		
0,203555		
0,203842		
0,203951		
0,192673		
0,205215		
0,19069		
0,188871		
0,194857		
0,196027		
0,204976		
0,207925		
0,201048		
0,196516		
0,192678		
0,194853		
0,197001		
0,194317		
0,199065		
0,192035		
0,199504		
0,197302		
0,209667		
0,201797		
0,206617		
0,193875		
0,205962		
0,206381		
0,197162		
0,207168		
0,199659		
0,196823		
0,19309		
0,197903		
0,201049		
0,191854		
0,217992		
0,211693		
0,192552		
0,196489		
0,200771		
0,197609		
0,19496		
0,207075		
0,195465		
0,197487		
0,192211		
0,191206		
0,198609		
0,207227		
0,230832		
0,211747		
0,219596		
0,208097		
0,199739		
0,200377		
0,198347		
0,199496		
0,195644		
0,205636		
0,227362		
0,199824		
0,202425		
0,187858		
0,19658		
0,200802		
0,198558		
0,199199		
0,200248		
0,197571		
0,198181		
0,200805		
0,198757		
0,195481		
0,197404		
0,200578		
0,190866		
0,205531		
0,202061		
0,190535		
0,202487		
0,209782		
0,202136		
0,217262		
0,202834		
0,209002		
0,196511		
0,206791		
0,20484		
0,202402		
0,206755		
0,198692		
0,202702		
0,204239		
0,203384		
0,205757		
0,197841		
0,222345		
0,195235		
0,195976		
0,195578		
0,192459		
0,209547		
0,21028		
0,19561		
0,200838		
0,197703		
0,206217		
0,199186		
0,205446		
0,190158		
0,203315		
0,198634		
0,198057		
0,197246		
0,188107		
0,191734		
0,199537		
0,213032		
0,19073		
0,198073		
0,198749		
0,201233		
0,195835		
0,211245		
0,194609		
0,196915		
0,200422		
0,223054		
0,189378		
0,200744		
0,221819		
0,20108		
