0.293276
0.416873
0.355725
0.330833
0.359389
0.334058
0.327614
0.369874
0.303354
0.347790
0.358372
0.397377
0.335412
0.338087
0.383215
0.336582
0.375862
0.271008
0.317857
0.356923
0.392771
0.329146
0.353150
0.354167
0.345148
0.294253
0.344678
0.302158
0.374558
0.339226
0.376117
0.323725
0.323272
0.355869
0.353324
0.349242
0.296384
0.324095
0.305989
0.333333
0.323599
0.365961
0.366564
0.349127
0.384291
0.364975
0.325661
0.333333
0.316655
0.347945
0.341073
0.338723
0.286474
0.355852
0.448500
0.350988
0.371449
0.366540
0.369186
0.361890
0.359771
0.326513
0.363496
0.345534
0.314565
0.324089
0.306607
0.384735
0.379528
0.380699
0.385292
0.364697
0.372549
0.402006
0.373671
0.361685
0.333051
0.359262
0.328358
0.352057
0.358582
0.309524
0.407560
0.336894
0.367454
0.343331
0.337937
0.379283
0.361514
0.305909
0.337438
0.347585
0.369549
0.308063
0.374419
0.335726
0.333064
0.371838
0.338509
0.360734
0.329707
0.310127
0.408980
0.383389
0.343573
0.377655
0.310519
0.307559
0.265805
0.366792
0.391837
0.275087
0.360033
0.353082
0.324305
0.386477
0.431421
0.358737
0.329770
0.314470
0.366275
0.432269
0.381138
0.310623
0.324281
0.409949
0.361499
0.378280
0.391761
0.334156
0.328506
0.323764
0.332781
0.372227
0.329296
0.379758
0.281609
0.289727
0.299087
0.326122
0.388983
0.303236
0.406077
0.321094
0.375699
0.328201
0.412564
0.331219
0.305485
0.352524
0.356974
0.396313
0.377390
0.396624
0.336441
0.372614
0.327110
0.363997
0.357959
0.399848
0.311342
0.323134
0.396082
0.336627
0.320033
0.333831
0.390304
0.384927
0.293495
0.287879
0.268064
0.345588
0.369231
0.319433
0.382862
0.304281
0.385615
0.350085
0.320451
0.334542
0.357088
0.415247
0.379758
0.315675
0.349462
0.337815
0.352988
0.348837
0.318250
0.374780
0.375000
0.424668
0.309871
0.330709
0.355609
0.430293
0.339717
0.372828
0.312250
0.333035
0.389831
0.395349
0.328455
0.361769
0.351673
0.365325
0.357199
0.372488
0.383525
0.376565
0.347146
0.395072
0.346304
0.432109
0.358047
0.298061
0.342684
0.371248
0.318707
0.419105
0.322397
0.349194
0.327110
0.375946
0.322461
0.345780
0.378656
0.309051
0.362331
0.371705
0.365155
0.316151
0.300668
0.376083
0.379965
0.350365
0.366248
0.388073
0.429556
0.383061
0.307750
0.283179
0.334262
0.331487
0.314417
0.284056
0.339759
0.341445
0.395622
0.345728
0.338346
0.354441
0.299225
0.313324
0.378947
0.367009
0.353788
0.286029
0.296651
0.353834
0.342146
0.342342
0.365094
0.363124
0.364448
0.347403
0.420742
0.382540
0.284858
0.385434
0.353705
0.359164
0.327571
0.367201
0.339952
0.322119
0.320031
0.351090
0.300497
0.374899
0.308715
0.365233
0.340786
0.340696
0.356535
0.376091
0.352985
0.333850
0.341049
0.312772
0.322909
0.322179
0.284677
0.382445
0.366965
0.325775
0.456095
0.338722
0.324746
0.293244
0.331215
0.394366
0.270706
0.273247
0.290223
0.334559
0.340183
0.328881
0.361921
0.370903
0.283430
0.348532
0.330804
0.379254
0.350835
0.309225
0.331595
0.333829
0.326573
0.344000
0.319433
0.357200
0.346295
0.285366
0.408980
0.379283
0.370290
0.345267
0.378617
0.387006
0.381733
0.357303
0.347332
0.417427
0.333333
0.369029
0.304511
0.336046
0.348656
0.328689
0.352316
0.409165
0.313754
0.341333
0.383890
0.338270
0.299687
0.321045
0.342010
0.383863
0.342068
0.334598
0.362768
0.321875
0.303128
0.361472
0.325635
0.347861
0.372932
0.329525
0.366124
0.364751
0.391473
0.409548
0.345437
0.333021
0.389175
0.359569
0.345357
0.304385
0.327110
0.358390
0.375806
0.358521
0.332512
0.340197
0.359447
0.319005
0.282675
0.407917
0.337991
0.268349
0.355539
0.346830
0.385299
0.330023
0.350400
0.330154
0.283398
0.376729
0.364645
0.355061
0.264706
0.318996
0.279968
0.403008
0.332440
0.310800
0.314195
0.332250
0.345510
0.330787
0.405490
0.351275
0.434248
0.350278
0.380034
0.320914
0.370570
0.352478
0.367816
0.303585
0.316752
0.343868
0.316998
0.347758
0.368509
0.375000
0.368421
0.312250
0.376176
0.315932
0.375179
0.289622
0.411612
0.349158
0.332558
0.334107
0.341660
0.348332
0.342205
0.299851
0.396621
0.333333
0.432754
0.306380
0.243846
0.310201
0.396211
0.298771
0.318146
0.321332
0.293065
0.346907
0.404918
0.361633
0.318081
0.383376
0.431501
0.373927
0.291699
0.355642
0.339404
0.305945
0.340442
0.304210
0.341148
0.285127
0.321294
0.446367
0.418226
0.379623
0.323417
0.301287
0.329394
0.378254
0.339874
0.284343
0.334156
0.333333
0.360612
0.318245
0.344512
0.364516
0.311566
0.406897
0.300864
0.414571
0.363115
0.298193
0.298799
0.313742
0.342600
0.270923
0.310680
0.301613
0.334368
0.330789
0.352246
0.422341
0.392123
0.331150
0.332470
0.318321
0.339123
0.327192
0.305829
0.344828
0.397468
0.317241
0.352785
0.380776
0.341646
0.454810
0.388976
0.347368
0.346954
0.315789
0.320605
0.348855
0.380872
0.313874
0.347623
0.364238
0.364086
0.326071
0.393176
0.363347
0.339869
0.377660
0.298969
0.354735
0.365678
0.325429
0.336096
0.280998
0.331050
0.332476
0.357333
0.293422
0.422442
0.340677
0.331230
0.392515
0.353758
0.357616
0.297152
0.354257
0.399836
0.373447
0.343826
0.390543
0.365251
0.332400
0.418963
0.356983
0.319820
0.288520
0.363325
0.362069
0.386824
0.356230
0.295437
0.368014
0.303006
0.389449
0.403716
0.364641
0.337819
0.367421
0.313846
0.374797
0.408527
0.283961
0.327259
0.333853
0.373554
0.323155
0.305407
0.389326
0.371200
0.313695
0.304933
0.379339
0.310066
0.357318
0.316913
0.389985
0.354912
0.338757
0.348646
0.357453
0.365079
0.376471
0.300534
0.308998
0.343656
0.355777
0.310241
0.351960
0.316476
0.336147
0.267288
0.311864
0.293115
0.357868
0.463519
0.370484
0.374344
0.379875
0.282425
0.360272
0.328063
0.330357
0.385562
0.345788
0.355431
0.368687
0.339359
0.378145
0.305126
0.324282
0.310096
0.322751
0.326453
0.353868
0.346468
0.369102
0.360206
0.328571
0.335526
0.394737
0.342510
0.336455
0.361667
0.411260
0.369155
0.292343
0.337563
0.337914
0.352389
0.288515
0.315217
0.359138
0.347794
0.372445
0.313339
0.337490
0.391442
0.358626
0.371248
0.345376
0.349475
0.379800
0.312545
0.310009
0.395385
0.332828
0.384930
0.392204
0.407380
0.329897
0.319838
0.369151
0.343006
0.382329
0.315709
0.309249
0.321767
0.338735
0.322944
0.252016
0.371784
0.378872
0.294690
0.363067
0.387846
0.298986
0.378444
0.348050
0.465947
0.271739
0.344469
0.380389
0.394840
0.363570
0.355178
0.425955
0.314557
0.327778
0.357647
0.365487
0.319691
0.360305
0.355118
0.339049
0.347541
0.384676
0.382138
0.350707
0.363487
0.321270
0.360825
0.325581
0.332830
0.366757
0.374799
0.332602
0.335833
0.351266
0.366883
0.354167
0.333846
0.357642
0.309543
0.360749
0.336310
0.380383
0.361521
0.359494
0.398305
0.377971
0.388350
0.336567
0.329856
0.350515
0.317638
0.386276
0.317073
0.392617
0.288148
0.375562
0.331071
0.380553
0.380200
0.371158
0.304414
0.392586
0.336214
0.332542
0.341680
0.377104
0.361968
0.345640
0.396299
0.388693
0.301575
0.316476
0.373504
0.374893
0.319763
0.312262
0.379013
0.330400
0.401660
0.349091
0.359606
0.326177
0.323599
0.318308
0.311224
0.372331
0.406832
0.340081
0.320484
0.345154
0.385455
0.376471
0.410811
0.358656
0.419913
0.385847
0.327434
0.400188
0.405498
0.340141
0.328736
0.333333
0.385407
0.343808
0.394649
0.374611
0.295195
0.375000
0.337139
0.309505
0.342835
0.356144
0.379615
0.362931
0.288295
0.382927
0.322481
0.333860
0.348473
0.400691
0.325021
0.340659
0.348998
0.314035
0.331990
0.302202
0.339905
0.337238
0.358221
0.374692
0.371495
0.390302
0.367130
0.320848
0.325163
0.335766
0.335890
0.396812
0.358522
0.375494
0.348892
0.350905
0.331461
0.339574
0.367572
0.336765
0.339443
0.301370
0.323455
0.391502
0.298842
0.380062
0.337059
0.320951
0.382057
0.329588
0.355349
0.375994
0.341040
0.255134
0.307956
0.364551
0.320339
0.324168
0.383229
0.443950
0.338863
0.384373
0.308007
0.326373
0.313553
0.378089
0.370203
0.358333
0.373668
0.335309
0.277220
0.371542
0.423256
0.375397
0.291181
0.328346
0.333099
0.331081
0.363562
0.403061
0.332779
0.291109
0.328042
0.367593
0.294256
0.344068
0.340407
0.339511
0.387903
0.375105
0.376190
0.332342
0.347792
0.291852
0.389735
0.297521
0.330062
0.331376
0.316846
0.370624
0.336680
0.289913
0.341557
0.328711
0.355162
0.387725
0.325267
0.381064
0.334144
0.327769
0.358670
0.324846
0.241519
0.350752
0.310014
0.406794
0.321642
0.405303
0.378145
0.373853
0.421739
0.324898
0.308612
0.346119
0.340348
0.367609
0.369442
0.310450
0.351792
0.333333
0.389231
0.296808
0.307190
0.324836
0.337727
0.386497
0.375110
0.324754
0.323758
0.345643
0.336160
0.307074
0.384897
0.363708
0.332268
0.297474
0.391850
0.355034
0.353448
0.312177
0.366230
0.383453
0.348214
0.374904
0.368465
0.321073
0.373846
0.338879
0.391817
0.330502
0.376480
0.343803
0.306870
0.362002
0.372474
0.363868
0.346439
0.318482
0.415833
0.379026
0.322194
0.317337
0.314455
0.322196
0.357902
0.277236
0.315830
0.335658
0.295107
0.343306
0.342687
0.342242
0.312259
0.323855
0.294872
0.379747
0.323576
0.345248
0.323747
0.317881
0.397764
0.356621
0.334234
0.390625
0.361577
0.336857
0.273483
0.381654
0.369255
0.382429
0.331543
0.334390
0.350594
0.345495
0.311790
0.338358
0.345659
0.320472
0.361338
0.393914
0.345508
0.331505
0.318562
0.389397
0.352217
0.352748
0.352332
0.371894
0.373522
0.303519
0.388764
0.281561
0.385978
0.306063
0.362703
0.389675
0.329635
0.360755
0.337618
0.330377
0.313758
0.384615
0.398707
0.350715
0.366715
0.323846
0.405579
0.244351
0.337274
0.373977
0.352540
0.354891
0.372034
0.378964
0.395833
0.406764
0.375542
0.292703
0.342208
0.341941
0.415825
0.354866
0.321990
0.338321
0.443772
0.398723
0.334082
0.368585
0.364353
0.326394
0.335043
0.358933
0.409672
0.347073
0.346434
0.340221
0.312045
0.340017
0.313650
0.366805
0.330697
0.340872
0.404137
0.360604
0.363804
0.366980
0.412552
0.331179
0.281895
0.371508
0.337370
0.360849
0.354047
0.306300
0.335320
0.313343
0.365260
0.376130
0.401646
0.366038
0.377634
0.403796
0.302939
0.316640
0.342037
0.425397
0.275806
0.369840
0.388330
0.304541
0.317933
0.325633
0.395956
0.341772
0.316654
0.330591
0.403101
0.322213
0.363322
0.362957
0.373364
0.369291
0.332392
0.435456
0.336937
0.318591
0.377953
0.358005
0.340659
0.329163
0.316375
0.363493
0.377726
0.323605
0.376047
0.416175
0.417671
0.365265
0.335895
0.336299
0.358868
0.414032
0.352063
0.363795
0.297030
0.394928
0.344059
0.344491
0.278056
0.353937
0.302610
0.325282
0.370653
0.334996
0.321485
0.376900
0.320425
0.350734
0.416260
0.345098
0.355985
0.288797
0.283710
0.332106
0.341079
0.326967
0.367795
0.426929
0.283774
0.281772
0.383178
0.269792
0.415463
0.350448
0.422872
0.297147
0.333333
0.369122
0.304670
0.320784
0.349575
0.374264
0.284353
0.354005
0.357878
0.420052
0.250185
0.325543
0.369406
0.357698
0.368468
0.277174
0.304049
0.332148
0.365350
0.365997
0.382283
0.354502
0.342857
0.310877
0.274492
0.397772
0.385563
0.328756
0.357945
0.238695
0.362341
0.327532
0.270989
0.306006
0.327532
0.303055
0.337531
0.413822
0.271654
0.309199
0.299296
0.293532
0.379767
0.314490
0.340000
0.332816
0.306701
0.382403
0.369427
0.386817
0.353630
0.334410
0.340562
0.341629
0.321036
0.280755
0.295122
0.400951
0.337490
0.279385
0.334570
0.294811
0.323224
0.383154
0.298678
0.306529
0.301613
0.324455
0.321794
0.298405
0.310430
0.296068
