0.525851
0.530888
0.534192
0.534239
0.528701
0.531001
0.529704
0.533898
0.531181
0.531891
0.526788
0.531295
0.528265
0.544445
0.532251
0.532450
0.535262
0.536256
0.541605
0.525453
0.532630
0.533434
0.525037
0.530348
0.528776
0.530026
0.529903
0.526580
0.534930
0.532800
0.530178
0.532497
0.533387
0.530783
0.539172
0.518864
0.532421
0.534050
0.530651
0.528918
0.533236
0.531522
0.542523
0.529221
0.529666
0.539266
0.529912
0.524942
0.531778
0.528322
0.527962
0.530225
0.521638
0.526656
0.532630
0.535905
0.528587
0.531550
0.534750
0.527451
0.529846
0.542419
0.529619
0.524516
0.530746
0.528568
0.525245
0.533311
0.530471
0.529155
0.527451
0.534722
0.537439
0.537449
0.526163
0.529856
0.532317
0.527044
0.532658
0.534551
0.528237
0.534779
0.537032
0.529884
0.528672
0.530641
0.528578
0.533643
0.524402
0.522395
0.532109
0.524478
0.523181
0.532156
0.533434
0.531408
0.532062
0.529515
0.528559
0.530064
0.532649
0.535110
0.529685
0.525425
0.529770
0.528805
0.530992
0.528417
0.531001
0.524819
0.532563
0.529221
0.528559
0.524118
0.536161
0.533112
0.532147
0.531654
0.524904
0.530925
0.531626
0.521865
0.527394
0.530698
0.532080
0.529013
0.536199
0.526419
0.529543
0.534097
0.534561
0.537288
0.530783
0.532327
0.523266
0.530348
0.526305
0.522764
0.531039
0.526220
0.526163
0.532052
0.529903
0.536208
0.536511
0.526921
0.532393
0.533756
0.525463
0.531020
0.528161
0.534921
0.527271
0.532185
0.526741
0.527186
0.530869
0.535470
0.534693
0.522793
0.530462
0.525538
0.532857
0.525718
0.528095
0.527962
0.529638
0.529884
0.528511
0.525349
0.531295
0.523929
0.532052
0.527707
0.527138
0.523806
0.533699
0.527574
0.525908
0.526485
0.528085
0.528473
0.528104
0.538414
0.536379
0.529591
0.528350
0.537562
0.524393
0.529515
0.535735
0.533008
0.527688
0.528208
0.530007
0.530698
0.531285
0.525898
0.536606
0.529401
0.536066
0.531749
0.534135
0.530376
0.532364
0.528492
0.523702
0.526788
0.535385
0.527375
0.529079
0.526050
0.530594
0.529136
0.526002
0.527820
0.531891
0.531645
0.529733
0.536369
0.529146
0.527186
0.522547
0.534854
0.536710
0.533974
0.525349
0.530187
0.533605
0.526769
0.534684
0.531399
0.529553
0.532080
0.531844
0.530140
0.527773
0.528502
0.523323
0.524620
0.526125
0.527044
0.525728
0.531749
0.531238
0.527991
0.537013
0.528009
0.530348
0.527924
0.525501
0.525264
0.527110
0.523276
0.525501
0.522840
0.526324
0.530291
0.532857
0.535422
0.530679
0.521325
0.531134
0.535801
0.528947
0.529780
0.539333
0.532876
0.529392
0.531938
0.535669
0.523370
0.533122
0.534902
0.533709
0.529269
0.526514
0.531664
0.537543
0.524961
0.532705
0.525586
0.528464
0.529439
0.531200
0.527044
0.535820
0.532885
0.530452
0.525870
0.532298
0.528615
0.530462
0.519763
0.526959
0.526277
0.528028
0.529193
0.534362
0.532828
0.529401
0.529704
0.530471
0.525993
0.526088
0.533264
0.531342
0.530518
0.528104
0.524497
0.534012
0.527044
0.529098
0.528237
0.527773
0.526665
0.533093
0.531370
0.532459
0.538017
0.527924
0.537108
0.528483
0.525482
0.532355
0.521695
0.531001
0.534372
0.531437
0.531825
0.529041
0.528445
0.525198
0.524544
0.531759
0.524544
0.526561
0.523096
0.538925
0.529146
0.531370
0.525510
0.533557
0.530916
0.528852
0.532838
0.534163
0.528975
0.530717
0.523001
0.530736
0.531465
0.528312
0.529221
0.527224
0.537960
0.537401
0.526258
0.532933
0.527138
0.529467
0.526457
0.527479
0.527962
0.526495
0.530272
0.527394
0.538036
0.524989
0.520483
0.531749
0.535953
0.527082
0.540611
0.533595
0.536076
0.529647
0.526902
0.530310
0.533946
0.529799
0.523020
0.526362
0.529373
0.528417
0.534381
0.533008
0.529666
0.527546
0.531115
0.526542
0.527792
0.528284
0.527441
0.537837
0.529799
0.534902
0.528483
0.530291
0.527915
0.525103
0.537221
0.527839
0.537089
0.535640
0.528966
0.526637
0.526817
0.529808
0.531361
0.526286
0.534192
0.528066
0.534476
0.533766
0.528398
0.525993
0.526144
0.540696
0.533396
0.533614
0.536047
0.529297
0.534570
0.534267
0.533273
0.529430
0.531011
0.527034
0.525425
0.535138
0.528398
0.524999
0.534211
0.532573
0.523503
0.528464
0.524204
0.525671
0.524412
0.530698
0.530907
0.521884
0.529505
0.528757
0.534921
0.531067
0.532270
0.532156
0.528985
0.523768
0.528852
0.528407
0.524989
0.536473
0.531181
0.532507
0.528748
0.537477
0.520445
0.524175
0.530774
0.531721
0.533283
0.529960
0.532298
0.529827
0.533396
0.530859
0.528388
0.529657
0.526400
0.524431
0.536057
0.533993
0.527744
0.529335
0.539134
0.534040
0.530433
0.522499
0.530774
0.521988
0.531825
0.537742
0.525917
0.533292
0.537022
0.525529
0.531266
0.535451
0.530405
0.532317
0.529022
0.530083
0.527157
0.521013
0.533841
0.526637
0.529979
