0.537486
0.464821
0.503652
0.512495
0.427912
0.530565
0.470588
0.459439
0.504421
0.460977
0.491349
0.498270
0.554787
0.458285
0.485582
0.512880
0.445982
0.549020
0.538255
0.499808
0.478662
0.459054
0.433295
0.498270
0.455594
0.501730
0.530950
0.480969
0.435217
0.456747
0.473280
0.520185
0.484045
0.517493
0.532103
0.507497
0.489043
0.499423
0.468666
0.517878
0.487120
0.526336
0.501346
0.462514
0.455210
0.469819
0.450980
0.463668
0.537870
0.420992
0.480200
0.451749
0.505959
0.489427
0.474048
0.486351
0.541330
0.505575
0.529027
0.480200
0.470204
0.450980
0.497116
0.525183
0.512111
0.485198
0.517878
0.493656
0.488274
0.505959
0.480969
0.494425
0.470588
0.498270
0.470204
0.483660
0.453672
0.479431
0.463668
0.485967
0.477124
0.516724
0.467897
0.467897
0.439446
0.487120
0.473280
0.482507
0.477509
0.514033
0.468281
0.485582
0.502499
0.557862
0.495963
0.482122
0.475586
0.455978
0.495194
0.481738
0.459439
0.546713
0.470973
0.458285
0.475586
0.416378
0.533641
0.442522
0.535179
0.409842
0.470973
0.444444
0.465590
0.480200
0.539408
0.460592
0.462514
0.499423
0.467512
0.475586
0.490196
0.445598
0.493272
0.524798
0.481353
0.448289
0.523260
0.527489
0.475971
0.467128
0.504421
0.482122
0.464437
0.467897
0.507882
0.444444
0.535179
0.520185
0.505190
0.479815
0.453672
0.510957
0.417532
0.492118
0.480969
0.474433
0.452903
0.545559
0.455594
0.487505
0.487889
0.417147
0.462514
0.455594
0.494810
0.463283
0.473664
0.484814
0.504806
0.506728
0.518647
0.515186
0.451365
0.544790
0.472126
0.514802
0.467897
0.474433
0.508266
0.456747
0.532103
0.470588
0.474817
0.460977
0.489043
0.502884
0.443676
0.451365
0.477509
0.424068
0.501730
0.474048
0.444444
0.529796
0.500577
0.457516
0.482507
0.495963
0.509804
0.435986
0.489043
0.492503
0.475202
0.439446
0.483276
0.446751
0.461745
0.486736
0.480200
0.429450
0.453672
0.396770
0.472895
0.486736
0.517109
0.496732
0.488658
0.497501
0.434064
0.429835
0.491734
0.452518
0.494041
0.450211
0.425221
0.475971
0.507113
0.486736
0.499423
0.446751
0.539023
0.500961
0.473664
0.457132
0.518647
0.514802
0.486351
0.522491
0.455210
0.437524
0.483276
0.447520
0.517878
0.443676
0.445213
0.474048
0.428297
0.444829
0.502115
0.494810
0.510957
0.498270
0.414072
0.485967
0.501346
0.496732
0.478662
0.505575
0.491734
0.485967
0.511342
0.467512
0.495963
0.525183
0.474817
0.487120
0.507497
0.522876
0.562476
0.481353
0.494425
0.469435
0.407536
0.477509
0.473664
0.473664
0.455978
0.484429
0.512880
0.469819
0.503268
0.570550
0.444829
0.431373
0.484045
0.537101
0.491349
0.476355
0.464437
0.477893
0.520569
0.437908
0.498654
0.574394
0.497116
0.440600
0.521722
0.496348
0.498270
0.529796
0.528643
0.494041
0.529412
0.490581
0.472511
0.508651
0.450980
0.499423
0.492503
0.517878
0.484045
0.464052
0.501346
0.537486
0.499423
0.418301
0.505190
0.460592
0.448289
0.480969
0.529027
0.497501
0.506728
0.474433
0.483276
0.520953
0.515955
0.517109
0.549789
0.480584
0.460977
0.477893
0.524029
0.472895
0.470973
0.493656
0.530565
0.483276
0.478278
0.408304
0.492503
0.513264
0.439446
0.463283
0.422145
0.499039
0.511342
0.472511
0.443291
0.469050
0.506344
0.469819
0.536717
0.432526
0.448674
0.493272
0.491349
0.500577
0.531719
0.471742
0.542868
0.506728
0.483276
0.492118
0.479431
0.532872
0.499423
0.476355
0.511342
0.437524
0.519800
0.501730
0.495963
0.459054
0.391772
0.409842
0.447520
0.464052
0.500961
0.447136
0.514802
0.506344
0.476740
0.478278
0.468281
0.429450
0.500577
0.509804
0.505959
0.446751
0.440215
0.502884
0.513649
0.503268
0.475971
0.503268
0.480584
0.524029
0.497885
0.472511
0.519800
0.501346
0.496732
0.536332
0.487505
0.511342
0.430219
0.494810
0.482122
0.473280
0.505190
0.503268
0.490196
0.542868
0.406382
0.484045
0.458285
0.454056
0.499039
0.488658
0.434833
0.504037
0.525567
0.510957
0.502115
0.488658
0.459054
0.482891
0.496732
0.480200
0.490581
0.427143
0.535948
0.477893
0.443676
0.502115
0.495963
0.497116
0.477124
0.495579
0.505575
0.516724
0.477893
0.544406
0.420223
0.518262
0.499808
0.459823
0.466744
0.500577
0.489427
0.427143
0.515571
0.490965
0.469050
0.470973
0.520953
0.453287
0.468666
0.492503
0.495579
0.494041
0.464437
0.575548
0.486736
0.484045
0.475586
0.467897
0.510957
0.444444
0.472511
0.509419
0.504037
0.507882
0.520569
0.502115
0.489812
0.520569
0.467128
0.475202
0.427528
0.552095
0.504421
0.476740
0.488658
0.501730
0.489427
0.443291
0.469050
0.510573
0.512111
0.464437
0.511726
0.445598
0.514802
0.476740
0.495579
0.453287
0.487889
0.502499
0.449058
0.528258
0.445213
0.503652
0.464821
0.521722
0.507882
0.512880
0.455594
0.501730
0.434833
0.415994
0.462514
0.395617
0.488274
0.474817
0.517493
0.533256
0.483276
0.503652
0.458285
0.507113
0.493272
0.522491
0.466744
0.529412
0.473280
0.482507
0.470588
0.433679
0.522107
0.479047
0.479431
0.470204
0.417532
0.524029
0.505190
0.448674
0.432526
0.520185
0.465975
0.488658
0.487505
0.441753
0.470588
0.464437
0.499423
0.532872
0.470204
0.495194
0.476355
0.439062
0.497885
0.411765
0.474433
0.514802
0.512111
0.509035
0.448674
0.512880
0.455210
0.481353
0.497116
0.447136
0.485967
0.495579
0.455210
0.487120
0.542868
0.424837
0.499808
0.472895
0.495963
0.469819
0.506344
0.492887
0.465206
0.453287
0.504806
0.439446
0.480584
0.502499
0.514418
0.465206
0.523260
0.470204
0.468281
0.506728
0.504806
0.519800
0.468666
0.531334
0.484429
0.457516
0.504037
0.452903
0.509035
0.462514
0.510573
0.460977
0.471357
0.500961
0.494810
0.453672
0.564014
0.454441
0.447905
0.500192
0.512495
0.492887
0.500961
0.509035
0.486351
0.473664
0.468666
0.524798
0.481353
0.456747
0.467897
0.489043
0.472511
0.495579
0.479815
0.435986
0.502884
0.536717
0.517109
0.505190
0.448289
0.538255
0.467512
0.511342
0.474817
0.533641
0.461361
0.402922
0.468666
0.497116
0.454441
0.475586
0.450596
0.549020
0.495194
0.481738
0.514033
0.507882
0.487120
0.462514
0.485198
0.481353
0.486736
0.532103
0.476355
0.460592
0.536332
0.434064
0.499808
0.507113
0.469435
0.483276
0.510573
0.484814
0.474817
0.443676
0.516724
0.465590
0.501730
0.532103
0.487505
0.498270
0.444060
0.572088
0.463283
0.484045
0.514033
0.491349
0.430219
0.455210
0.474433
0.522491
0.462899
0.495194
0.517878
0.454825
0.491734
0.525567
0.475202
0.482891
0.525567
0.484429
0.490196
0.434448
0.497885
0.503652
0.488274
0.493272
0.469050
0.491734
0.525183
0.516340
0.467512
0.520569
0.484814
0.495963
0.509419
0.425606
0.479047
0.525952
0.461361
0.485967
0.473664
0.442907
0.499808
0.495579
0.479431
0.472126
0.516724
0.482122
0.495579
0.455594
0.453672
0.485198
0.475202
0.515186
0.479047
0.522107
0.481738
0.498654
0.457132
0.458285
0.519031
0.512880
0.509804
0.458670
0.462130
0.487889
0.505190
0.456363
0.489427
0.485582
0.475971
0.456747
0.460977
0.489427
0.498654
0.435217
0.512495
0.471357
0.481738
0.450211
0.453287
0.504806
0.490965
0.480584
0.463283
0.528643
0.468281
0.465590
0.487120
0.554402
0.452134
0.414072
0.495194
0.474817
0.508651
0.487889
0.422914
0.490196
0.497885
0.526336
0.444060
0.456363
0.434448
0.408304
0.447520
0.489427
0.501730
0.509804
0.410996
0.415994
0.459823
0.493656
0.504037
0.461361
0.505190
0.489427
0.485582
0.522491
0.479047
0.445982
0.489427
0.472895
0.495963
0.487120
0.490965
0.445213
0.462514
0.489812
0.499039
0.438293
0.477124
0.506344
0.487505
0.459439
0.458285
0.467897
0.493656
0.483660
0.470204
0.544022
0.470588
0.474048
0.501346
0.458285
0.457901
0.486351
0.485967
0.488658
0.479047
0.451749
0.524029
0.522876
0.524414
0.561323
0.454056
0.506728
0.531334
0.493656
0.447136
0.517493
0.497116
0.513264
0.413303
0.483660
0.465590
0.486736
0.449443
0.496732
0.453672
0.531334
0.490581
0.432141
0.486736
0.487120
0.470588
0.497116
0.479431
0.466744
0.510957
0.507497
0.505190
0.454056
0.497885
0.486351
0.495963
0.484429
0.462130
0.488274
0.545944
0.455210
0.470588
0.452134
0.462130
0.488658
0.508651
0.415225
0.488658
0.453672
0.434833
0.456363
0.476740
0.457132
0.484429
0.517109
0.487505
0.519031
0.479431
0.511726
0.430988
0.458285
0.536332
0.505190
0.497885
0.484045
0.498654
0.471357
0.499039
0.513649
0.540177
0.491349
0.474048
0.506728
0.485582
0.498270
0.475971
0.485582
0.560554
0.441369
0.515186
0.507497
0.489043
0.502884
0.442138
0.470973
0.482122
0.420992
0.529796
0.448674
0.475586
0.504037
0.472126
0.520185
0.499808
0.445598
0.470588
0.467512
0.466744
0.392926
0.438677
0.507882
0.495194
0.520569
0.498654
0.478278
0.524414
0.485198
0.481353
0.471742
0.490581
0.507882
0.490581
0.520953
0.498654
0.483276
0.387543
0.499423
0.455978
0.501730
0.499808
0.439062
0.488658
0.543253
0.487120
0.452903
0.503652
0.491734
0.399462
0.453287
0.518262
0.465975
0.461361
0.465590
0.448674
0.496732
0.454825
0.483276
0.542484
0.472895
0.505190
0.440984
0.502884
0.514033
0.452134
0.517878
0.498654
0.486736
0.479815
0.485967
0.485967
0.440984
0.467897
0.522491
0.481353
0.473280
0.426759
0.467512
0.458285
0.545559
0.462514
0.469435
0.485198
0.446367
0.500961
0.485198
0.452903
0.516340
0.440215
0.459054
0.478278
0.488274
0.471357
0.454825
0.526336
0.490581
0.459823
0.420607
0.468281
0.468666
0.519416
0.495194
0.487889
0.524414
0.513264
0.502499
0.520953
0.526336
0.449443
0.461745
0.485198
0.509419
0.448674
0.520185
0.458285
0.479815
0.535179
0.457132
0.533641
0.499808
0.537486
0.459439
0.552864
0.469819
0.507113
0.475586
0.453672
0.497116
0.442907
0.420607
0.443291
0.463668
0.490965
0.491349
0.456747
0.446367
0.440600
0.462514
0.444444
0.421376
0.513264
0.494425
0.487505
0.517109
0.449827
0.475586
0.421376
0.466359
0.528258
0.520953
0.475586
0.440984
0.501346
0.463283
0.534794
0.475971
0.483276
0.484045
0.416378
0.449443
0.459439
0.475971
0.503268
0.412918
0.444444
0.489043
0.470204
0.530950
0.515955
0.512880
0.473664
0.425221
0.467128
0.509419
0.474433
0.445598
0.510188
0.475971
0.441753
0.484429
0.476740
0.456363
0.382161
0.431757
0.490965
0.515955
0.456363
0.516340
0.514802
0.514033
0.495963
0.472511
0.444444
0.514802
0.499423
0.488274
0.408304
0.446751
0.426759
0.469435
0.488274
0.477893
0.454825
0.491734
0.483660
0.488658
0.493656
0.447905
0.459054
0.456363
0.478662
0.493656
0.500192
0.432141
0.461745
0.389081
0.437908
0.441753
0.465975
0.424452
0.465975
0.551326
0.537870
0.454056
0.471357
0.477509
0.453287
0.462514
0.486736
0.505959
0.506344
0.471357
0.472895
0.490196
0.497885
0.463283
0.493272
0.522107
0.463283
0.503268
0.420223
0.468281
0.509419
0.529412
0.452518
0.500192
0.452518
0.471742
0.433679
0.485198
0.494810
0.490581
0.518647
0.490196
0.497116
0.457132
0.484045
0.446367
0.485582
0.444829
0.519416
0.460592
0.472511
0.494425
0.426759
0.495194
0.503268
0.540561
0.428297
0.459054
0.481738
0.478278
0.417147
0.473664
0.435602
0.483276
0.436755
0.475971
0.479047
0.518647
0.512495
0.485967
0.462514
0.403306
0.485967
0.465590
0.457901
0.461745
0.488274
0.451365
0.436755
0.463668
0.494041
0.482891
0.461361
0.495579
0.447520
0.454441
0.422530
0.443291
0.492503
0.475971
0.478662
0.509804
0.489812
0.509419
0.472895
0.485198
0.462514
0.425221
0.518262
0.489043
0.443676
0.465590
0.436371
0.482891
0.476740
0.476355
0.488658
0.506344
0.464437
0.498654
