0.533827
0.531074
0.527613
0.529560
0.534988
0.526177
0.529570
0.527013
0.529496
0.530715
0.525189
0.528695
0.529914
0.532465
0.527495
0.530405
0.534466
0.531354
0.532313
0.529147
0.530017
0.529348
0.531694
0.528311
0.531930
0.526526
0.530027
0.533237
0.529171
0.528636
0.529870
0.524776
0.530273
0.529201
0.531212
0.529909
0.526669
0.530809
0.531428
0.528803
0.533493
0.527923
0.530671
0.526812
0.533606
0.530489
0.528247
0.530912
0.530922
0.529181
0.533011
0.531433
0.532839
0.527770
0.527431
0.530150
0.533291
0.530002
0.532352
0.530307
0.535130
0.533665
0.522436
0.530091
0.530071
0.526866
0.531104
0.526143
0.528640
0.529388
0.532618
0.530946
0.528262
0.528778
0.527741
0.523336
0.527583
0.527638
0.529137
0.527942
0.532023
0.529260
0.524403
0.527436
0.525927
0.533547
0.529924
0.523365
0.534520
0.524378
0.529791
0.528341
0.530553
0.530086
0.536964
0.533631
0.529294
0.530110
0.532480
0.523872
0.526271
0.529879
0.528852
0.535120
0.528134
0.529196
0.532869
0.530868
0.532249
0.527593
0.524299
0.527642
0.528704
0.529289
0.529747
0.528114
0.526546
0.531408
0.529319
0.536546
0.530258
0.524639
0.531059
0.535450
0.528542
0.533513
0.530292
0.526920
0.530641
0.531354
0.532952
0.533370
0.532249
0.528508
0.527416
0.532180
0.529265
0.532741
0.535071
0.533031
0.527588
0.530868
0.533439
0.533552
0.531241
0.533788
0.530986
0.529786
0.530725
0.534299
0.527785
0.527996
0.529447
0.531256
0.527043
0.525538
0.526512
0.528931
0.531438
0.522613
0.530494
0.533095
0.527195
0.524688
0.529933
0.531664
0.531659
0.530233
0.529181
0.531497
0.524639
0.537623
0.525130
0.527937
0.533980
0.528611
0.531984
0.532347
0.530410
0.529053
0.529589
0.524422
0.539191
0.535051
0.534678
0.531546
0.527751
0.525991
0.529147
0.530150
0.526349
0.526517
0.524260
0.531595
0.534319
0.530720
0.528090
0.532849
0.533257
0.535774
0.530523
0.531512
0.534093
0.531231
0.528552
0.529599
0.532185
0.532800
0.529186
0.532338
0.528601
0.532175
0.526944
0.530189
0.533316
0.526856
0.527869
0.533223
0.528188
0.527180
0.533070
0.531772
0.528218
0.531418
0.529044
0.536369
0.531281
0.532072
0.538296
0.530563
0.531236
0.534506
0.526875
0.524791
0.532569
0.528478
0.527077
0.533095
0.527864
0.525671
0.523709
0.534240
0.526094
0.531831
0.530066
0.533336
0.530578
0.526054
0.531315
0.526074
0.523400
0.531050
0.533419
0.529496
0.530091
0.528321
0.527583
0.527706
0.528262
0.525814
0.528109
0.531782
0.529206
0.539196
0.530307
0.531708
0.532716
0.526040
0.531856
0.533173
0.532657
0.527824
0.529427
0.526281
0.530066
0.532244
0.527977
0.531939
0.527987
0.521748
0.530405
0.528552
0.532274
0.532028
0.534284
0.535258
0.528572
0.528931
0.528822
0.523164
0.527756
0.524589
0.527992
0.526059
0.525617
0.528424
0.531571
0.529884
0.529801
0.528754
0.520627
0.527431
0.532411
0.528380
0.535848
0.526423
0.532810
0.532406
0.525838
0.528291
0.534771
0.530804
0.532495
0.532372
0.536772
0.524137
0.527854
0.527490
0.533729
0.523429
0.531231
0.529688
0.530415
0.526836
0.528744
0.530936
0.528763
0.530165
0.529643
0.531954
0.532441
0.530268
0.527977
0.526821
0.526866
0.523758
0.526413
0.531202
0.529383
0.526723
0.527136
0.533301
0.529324
0.525450
0.524309
0.527657
0.529221
0.536015
0.529329
0.523591
0.526517
0.526939
0.528119
0.527495
0.529776
0.527111
0.530165
0.534112
0.530204
0.526531
0.528395
0.528872
0.527780
0.523203
0.530784
0.526345
0.528473
0.527220
0.529304
0.529604
0.528046
0.534820
0.534039
0.530376
0.533724
0.532166
0.530405
0.531802
0.534112
0.530656
0.532790
0.528798
0.530873
0.529638
0.524663
0.530681
0.529634
0.526880
0.528016
0.531408
0.532087
0.527898
0.531939
0.527928
0.528906
0.529427
0.529511
0.531413
0.529811
0.532008
0.527839
0.527480
0.523695
0.531089
0.532205
0.529053
0.530366
0.532475
0.524997
0.529471
0.522121
0.526595
0.529870
0.528537
0.534540
0.524584
0.531477
0.531812
0.531993
0.532200
0.530651
0.526885
0.531610
0.531104
0.525902
0.526059
0.529835
0.533513
0.533881
0.531344
0.526689
0.533213
0.531590
0.525887
0.528001
0.530622
0.530936
0.524850
0.522706
0.531738
0.534447
0.526610
0.529004
0.529707
0.527298
0.530184
0.525941
0.538911
0.528926
0.528557
0.529948
0.528404
0.530558
0.529732
0.530814
0.532618
0.526340
0.519899
0.535322
0.530735
0.526733
0.534811
0.529506
0.526635
0.530420
0.520755
0.525514
0.533414
0.525283
0.535769
0.525691
0.535307
0.527908
0.530317
0.531772
0.525514
0.529255
0.527431
0.527441
0.526497
0.525489
0.529545
0.529668
0.526099
0.529309
0.533473
0.530671
0.528341
0.529938
0.531979
0.530086
0.533513
0.527421
0.529029
0.528105
0.531816
0.531113
0.528975
0.528355
0.526295
0.529806
0.530027
0.528749
0.526423
0.528842
0.530361
0.530666
0.532780
0.532451
0.526251
