0.208333
0.215247
0.480349
0.360215
0.363636
0.540426
0.285047
0.424107
0.527778
0.533333
0.316770
0.320557
0.215152
0.274390
0.313380
0.263566
0.411017
0.283276
0.180758
0.305842
0.330935
0.298387
0.240602
0.386760
0.277592
0.185185
0.385496
0.282407
0.278970
0.238095
0.311475
0.247706
0.312268
0.289474
0.302491
0.366548
0.255591
0.252459
0.165803
0.250000
0.268852
0.323442
0.214953
0.204380
0.298246
0.209809
0.243161
0.344482
0.240418
0.198953
0.193277
0.354167
0.205882
0.273038
0.475096
0.011236
0.350365
0.211321
0.325000
0.295322
0.243151
0.158371
0.300000
0.246637
0.269710
0.184953
0.175342
0.232143
0.345763
0.185484
0.304985
0.402439
0.263158
0.307210
0.208609
0.230769
0.300380
0.343750
0.245955
0.186047
0.465686
0.015038
0.323333
0.264591
0.207885
0.319149
0.353896
0.131034
0.313846
0.396875
0.290030
0.210728
0.304511
0.311111
0.310044
0.346715
0.205128
0.241071
0.130802
0.242105
0.118721
0.008850
0.257143
0.257919
0.188172
0.278431
0.233813
0.348592
0.017544
0.346614
0.295880
0.322275
0.519417
0.373802
0.453674
0.312925
0.279720
0.259615
0.285714
0.264550
0.323741
0.337278
0.326220
0.396364
0.419913
0.346774
0.250720
0.279835
0.245791
0.238095
0.250000
0.405405
0.273616
0.254237
0.170330
0.194737
0.219355
0.364286
0.386207
0.346008
0.278846
0.540441
0.364341
0.234921
0.451613
0.328638
0.390947
0.248175
0.250000
0.308917
0.439689
0.318008
0.219917
0.275766
0.261538
0.342262
0.312903
0.377289
0.263158
0.168582
0.221574
0.186047
0.420495
0.375405
0.175532
0.201550
0.317406
0.358362
0.360000
0.317690
0.312139
0.293578
0.324324
0.306306
0.284615
0.260870
0.338290
0.270492
0.297398
0.134021
0.328302
0.429603
0.227586
0.231884
0.435484
0.192661
0.268657
0.252918
0.203704
0.307167
0.399142
0.241379
0.307292
0.422939
0.250000
0.360465
0.320388
0.230263
0.297659
0.258475
0.281081
0.257576
0.214765
0.271523
0.392283
0.325359
0.246964
0.362550
0.329787
0.275862
0.191667
0.375439
0.273006
0.193103
0.089888
0.328947
0.360000
0.240356
0.280130
0.260736
0.247863
0.273408
0.204082
0.417323
0.311111
0.200000
0.200913
0.336842
0.364312
0.236641
0.302491
0.254753
0.300000
0.230769
0.241026
0.309598
0.216418
0.386207
0.307393
0.298039
0.420712
0.245161
0.487179
0.312715
0.322388
0.337662
0.388060
0.198198
0.371795
0.183521
0.189091
0.316294
0.301115
0.282051
0.318182
0.262295
0.218750
0.252101
0.352313
0.287273
0.360714
0.242553
0.188940
0.234043
0.214286
0.301325
0.134503
0.253289
0.305699
0.151515
0.190083
0.130435
0.281046
0.316993
0.305369
0.253731
0.360595
0.246094
0.259053
0.366379
0.267974
0.282958
0.210728
0.307443
0.184282
0.186441
0.140127
0.359848
0.274074
0.322388
0.305825
0.378277
0.388060
0.288889
0.389671
0.419118
0.214035
0.238532
0.225641
0.169492
0.269784
0.300595
0.262997
0.313131
0.244068
0.328671
0.351351
0.316667
0.250000
0.300633
0.429630
0.256410
0.282230
0.404762
0.327684
0.243750
0.292096
0.327402
0.242647
0.309179
0.387234
0.343511
0.345679
0.338912
0.366255
0.262162
0.289100
0.252708
0.269481
0.351220
0.016216
0.322034
0.251592
0.168224
0.437500
0.252964
0.331878
0.209040
0.404762
0.118557
0.326165
0.278689
0.272727
0.481982
0.348276
0.262887
0.303867
0.313167
0.335714
0.284519
0.300000
0.011765
0.309091
0.253886
0.175115
0.418605
0.275362
0.311798
0.307692
0.178261
0.366255
0.385159
0.273438
0.229452
0.271903
0.439024
0.357616
0.251185
0.308475
0.211144
0.295918
0.230032
0.402010
0.250696
0.313889
0.090395
0.342282
0.238434
0.363636
0.316940
0.336134
0.308725
0.249275
0.369004
0.203252
0.258687
0.261017
0.272388
0.288525
0.307246
0.352459
0.325926
0.259786
0.236760
0.285714
0.334426
0.292683
0.282051
0.388393
0.328125
0.373786
0.018692
0.338403
0.238095
0.353414
0.304225
0.277108
0.431452
0.256173
0.338762
0.241692
0.239631
0.335366
0.259516
0.196653
0.305785
0.285714
0.302671
0.238095
0.307167
0.366667
0.305970
0.267717
0.323810
0.324895
0.217391
0.336735
0.421053
0.323333
0.316406
0.323671
0.322767
0.236422
0.284900
0.188889
0.342857
0.379433
0.270030
0.337621
0.311728
0.227273
0.339844
0.212389
0.338658
0.332386
0.299213
0.324415
0.208589
0.299094
0.395270
0.332155
0.280992
0.341880
0.347826
0.307692
0.292490
0.285714
0.362319
0.202970
0.349650
0.364312
0.365079
0.357798
0.268657
0.238494
0.300000
0.200000
0.224138
0.174387
0.396610
0.409449
0.323333
0.238267
0.302789
0.385965
0.421488
0.321888
0.272727
0.288321
0.288770
0.323770
0.226415
0.375385
0.341637
0.279817
0.257692
0.368852
0.311828
0.251572
0.303644
0.290323
0.330909
0.298113
0.214765
0.319149
0.368852
0.347973
0.347826
0.349593
0.203077
0.347418
0.196581
0.184669
0.411523
0.253731
0.306050
0.248322
0.237736
0.366038
0.066667
0.246622
0.222749
0.359477
0.401460
0.333333
0.311828
0.329154
0.167488
0.198556
0.408163
0.353896
0.290000
0.281250
0.132231
0.272222
0.317073
0.282468
0.260000
0.216301
0.337461
0.337838
0.427509
0.331818
0.277512
0.193396
0.323944
0.174194
0.272401
0.258065
0.282258
0.267062
0.381944
0.261682
0.201278
0.135659
0.212963
0.265385
0.270833
0.271318
0.380623
0.277620
0.268551
0.246964
0.337621
0.269360
0.323263
0.295533
0.171756
0.289809
0.356401
0.250696
0.430894
0.347368
0.336323
0.256522
0.450382
0.227758
0.328185
0.386986
0.209486
0.233083
0.356863
0.342723
0.237736
0.321429
0.352632
0.357488
0.388889
0.283636
0.294521
0.214660
0.293860
0.360324
0.310345
0.282051
0.293578
0.322581
0.489627
0.358423
0.416667
0.116788
0.296443
0.265734
0.264463
0.290043
0.249123
0.095057
0.361217
0.245333
0.264706
0.253444
0.255172
0.396947
0.456067
0.339161
0.303279
0.483333
0.201717
0.253333
0.322581
0.181818
0.000000
0.371859
0.000000
0.316092
0.289474
0.373786
0.314286
0.176471
0.187097
0.402655
0.178161
0.287611
0.296089
0.344828
0.000000
0.318408
0.433962
0.317460
0.333333
0.176471
0.343750
0.267442
0.342857
0.333333
0.212928
0.255208
0.317073
0.485597
0.322581
0.409836
0.066667
0.161905
0.414508
0.000000
0.127273
0.416667
0.410526
0.500000
0.543011
0.426230
0.354949
0.000000
0.414530
0.532020
0.280000
0.000000
0.183333
0.545455
0.347826
0.216000
0.437229
0.113208
0.345992
0.000000
0.307692
0.223602
0.313725
0.449438
0.184211
0.362903
0.300000
0.416216
0.000000
0.000000
0.351916
0.312500
0.266094
0.467593
0.407216
0.000000
0.383648
0.322581
0.218447
0.250000
0.346320
0.095960
0.364754
0.000000
0.458564
0.371257
0.454128
0.378378
0.542254
0.221477
0.558824
0.300000
0.298913
0.473684
0.371257
0.355263
0.296970
0.516484
0.197452
0.221239
0.428571
0.444934
0.307692
0.212329
0.000000
0.304147
0.350993
0.391089
0.084507
0.405405
0.337607
0.572193
0.267943
0.463087
0.105263
0.329193
0.565217
0.337500
0.278626
0.000000
0.400000
0.166667
0.173410
0.000000
0.318841
0.439216
0.093525
0.216667
0.166667
0.487179
0.222222
0.434146
0.474860
0.492754
0.185185
0.190840
0.000000
0.363636
0.428571
0.333333
0.255319
0.408163
0.383673
0.327731
0.000000
0.108434
0.214765
0.231293
0.457831
0.420290
0.453659
0.280255
0.310881
0.433180
0.276382
0.287823
0.219388
0.402098
0.000000
0.257143
0.000000
0.000000
0.648241
0.368421
0.124514
0.231788
0.150794
0.237288
0.205263
0.142857
0.248276
0.205556
0.295858
0.337121
0.416342
0.486607
0.375723
0.404167
0.125000
0.201117
0.386719
0.473684
0.440000
0.337449
0.000000
0.215686
0.345000
0.317073
0.151515
0.409938
0.380952
0.200000
0.000000
0.453441
0.234043
0.422460
0.000000
0.432292
0.205674
0.473684
0.364641
0.351351
0.468750
0.333333
0.125000
0.400000
0.338346
0.379747
0.512438
0.129032
0.190000
0.515152
0.242857
0.342857
0.284444
0.277419
0.262887
0.299107
0.325688
0.328638
0.000000
0.388646
0.378698
0.000000
0.515982
0.232877
0.451852
0.569892
0.445833
0.391534
0.477733
0.097701
0.542857
0.243243
0.000000
0.320611
0.096000
0.000000
0.261307
0.131687
0.365079
0.082840
0.242038
0.372781
0.285714
0.354839
0.335443
0.333333
0.383562
0.416244
0.502618
0.166667
0.433213
0.259036
0.232759
0.215768
0.386266
0.196721
0.614583
0.380531
0.666667
0.302326
0.367742
0.226667
0.321429
0.331683
0.502762
0.379147
0.246154
0.000000
0.430380
0.439462
0.000000
0.420765
0.066667
0.533333
0.241206
0.465347
0.115789
0.436681
0.484663
0.469697
0.263158
0.226244
0.421488
0.319527
0.275862
0.176471
0.367021
0.244131
0.059140
0.518828
0.000000
0.268966
0.184466
0.375887
0.480769
0.617225
0.000000
0.311005
0.322581
0.384236
0.297491
0.307692
0.196581
0.000000
0.441558
0.295964
0.340909
0.411215
0.217391
0.514451
0.328283
0.440000
0.489270
0.255924
0.513889
0.271698
0.381443
0.312102
0.214912
0.338843
0.343284
0.521739
0.351220
0.185185
0.364444
0.256158
0.559748
0.117978
0.407960
0.304569
0.117647
0.462406
0.416031
0.461538
0.526627
0.556962
0.514451
0.000000
0.393443
0.296443
0.367089
0.204947
0.142857
0.301587
0.133333
0.217687
0.216561
0.410256
0.292683
0.284360
0.423313
0.000000
0.278788
0.281250
0.109705
0.281081
0.338843
0.402516
0.000000
0.497992
0.375587
0.045045
0.349398
0.392473
0.196429
0.368421
0.267943
0.080292
0.518349
0.240964
0.427885
0.182609
0.554054
0.300000
0.407407
0.182609
0.000000
0.000000
0.190840
0.392157
0.343348
0.298165
0.421260
0.265306
0.481481
0.459016
0.203540
0.639175
0.329193
0.052632
0.000000
0.342541
0.438819
0.282443
0.460396
0.493671
0.362264
0.223301
0.311005
0.371795
0.436860
0.337719
0.488372
0.406250
0.240000
0.000000
0.228395
0.575758
0.553073
0.164502
0.299107
0.251969
0.307692
0.203390
0.000000
0.000000
0.398773
0.569892
0.429104
0.333333
0.294118
0.372093
0.205882
0.226244
0.125000
0.506667
0.235043
0.513514
0.203252
0.444444
0.134615
0.223350
0.567251
0.243243
0.292929
0.267045
0.239437
0.236686
0.325472
0.477612
0.513812
0.111111
0.283582
0.239130
0.388350
0.382857
0.136986
0.209945
0.196891
0.393548
0.505495
0.511111
0.210884
0.388664
0.380090
0.345455
0.177885
0.522523
0.447059
0.317829
0.404145
0.422680
0.000000
0.410891
0.327485
0.196970
0.425000
0.408451
0.000000
0.322981
0.184524
0.327869
0.297398
0.349693
0.285714
0.066667
0.621212
0.541818
0.250000
0.371795
0.524272
0.243243
0.464286
0.320388
0.325472
0.000000
0.194915
0.376812
0.203252
0.147826
0.274882
0.234043
0.476596
0.433962
0.432258
0.490909
0.382514
0.305389
0.376682
0.355263
0.304348
0.310345
0.275168
0.408088
0.161458
0.121212
0.226601
0.000000
0.000000
0.464286
0.162791
0.406061
0.000000
0.300000
0.000000
0.398773
0.181818
0.381579
0.338235
0.511111
0.429864
0.465409
0.107692
0.276730
0.369369
0.253807
0.213904
0.315985
0.207547
0.385366
0.387500
0.000000
0.239437
0.338624
0.291667
0.237864
0.188841
0.388889
0.440994
0.360000
0.108434
0.474886
0.260504
0.187097
0.467532
0.200000
0.149425
0.351351
0.285714
0.418699
0.498113
0.166667
0.377483
0.384615
0.278351
0.052632
0.343284
0.459770
0.276382
0.272152
0.192661
0.461538
0.236264
0.181818
0.329787
0.096154
0.225641
0.397906
0.183333
0.367021
0.207921
0.578947
0.285047
0.478723
0.171975
0.230366
0.342282
0.000000
0.209677
0.342857
0.371560
0.237762
0.325000
0.244318
0.059880
0.256198
0.245509
0.200000
0.290123
0.397321
0.302222
0.142857
0.426230
0.470199
0.320423
0.256983
0.406061
0.391304
0.393204
0.451220
0.295567
0.000000
0.353293
0.272277
0.000000
0.345455
0.151351
0.388060
0.413408
0.244755
0.411483
0.340807
0.409483
0.195804
0.300000
0.307692
0.335443
0.214912
0.207547
0.303226
0.303030
0.497436
0.177143
0.298246
0.324873
0.485714
0.548023
0.558011
0.383648
0.290837
0.000000
0.309859
0.309524
0.380090
0.494624
0.000000
0.291045
0.327869
0.319820
0.394444
0.451220
0.250000
0.354167
0.393939
0.000000
0.517241
0.284672
0.149606
0.430233
0.485294
0.000000
0.266160
0.281250
0.294118
0.000000
0.207547
0.231788
0.434978
0.161458
0.000000
0.370242
0.421260
0.250000
0.066667
0.595041
0.316940
0.319372
0.167286
0.372197
0.431579
0.000000
0.320755
0.450980
0.378788
0.194444
0.203046
0.307420
0.444444
0.052632
0.229358
0.360406
0.273224
0.295620
0.198980
0.377593
0.486911
0.380435
0.429348
0.236364
0.235294
0.321053
0.281407
0.562212
0.508380
0.373786
0.463087
0.375000
0.467593
0.404145
0.418605
0.494681
0.419890
0.444444
0.298893
0.330579
0.302632
0.356522
0.288344
0.186813
0.295833
0.273333
0.437500
0.437186
0.436620
0.452514
0.132743
0.491870
0.121622
0.121951
0.030769
0.342105
0.492754
0.288136
0.329341
0.000000
0.317073
0.230769
0.000000
0.485714
0.000000
0.285714
0.462963
0.326203
0.148438
0.325843
0.366667
0.380392
0.000000
0.376238
0.334746
0.416667
0.493827
0.242424
0.348684
0.375000
0.181818
0.323864
0.406926
0.535912
0.147826
0.360000
0.410811
0.235294
0.655172
0.404167
0.243386
0.467005
0.182857
0.564356
0.226415
0.345133
0.023256
0.320755
0.255319
0.385621
0.301370
0.431138
0.484305
0.407258
0.342246
0.479638
0.305556
0.000000
0.075472
0.111111
0.349398
0.151351
0.134228
0.393939
0.298246
0.441748
0.523404
0.033557
0.395683
0.392453
0.452055
0.450292
0.296089
0.535912
0.182857
0.490446
0.000000
0.130435
0.000000
0.361386
0.213018
0.165563
0.337963
0.000000
0.362869
0.244726
0.644670
0.280702
0.303249
0.635036
0.109091
0.201149
0.000000
0.247312
0.473430
0.319392
0.147929
0.538462
0.261468
0.608939
0.406780
0.447059
0.395062
0.272727
0.434389
0.117647
0.288136
0.285714
0.436441
0.000000
0.398773
0.326180
0.093750
0.366120
0.419355
0.280000
0.262295
0.507042
0.000000
0.000000
0.450413
0.410112
0.206667
0.297980
0.363636
0.140351
0.453125
0.416244
0.157895
0.447368
0.000000
0.404959
0.309013
0.000000
0.240964
0.449541
0.260274
0.000000
0.000000
0.258824
0.231156
0.615686
0.309859
0.327381
0.519824
0.318841
0.347328
0.111111
0.356322
0.389908
0.417323
0.000000
0.444444
0.428571
0.301887
0.342657
0.360324
0.352601
0.482759
0.344828
0.382979
0.449495
0.000000
0.252874
0.340314
0.166667
0.146739
0.473684
0.289474
0.326203
0.402439
0.000000
0.494845
0.396648
0.398773
0.464115
0.200772
0.560440
0.359551
0.354286
0.224138
0.106383
0.271186
0.280952
0.222892
0.308458
0.140351
0.203704
0.384236
0.360190
0.344633
0.370787
0.477124
0.439394
0.319444
0.400000
0.200913
0.000000
0.398936
0.431818
0.351695
0.000000
0.172414
0.231760
0.408088
0.337553
0.335196
0.212500
0.000000
0.203252
0.353846
0.274775
0.404145
0.000000
0.000000
0.443878
0.430435
0.000000
0.162791
0.424490
0.240964
0.206731
0.492754
0.142857
0.400000
0.150602
0.438819
0.261146
0.272727
0.351852
0.134328
0.483193
0.551282
0.337423
0.392857
0.046358
0.559748
0.303502
0.405405
0.283951
0.475000
0.165323
0.411504
0.230769
0.509346
0.262821
0.402913
0.222222
0.052632
0.531250
0.361386
0.000000
0.410377
0.155172
0.235772
0.161074
0.000000
0.000000
0.447581
0.106383
0.373134
0.235772
0.520548
0.564516
0.207317
0.316832
0.154362
0.502092
0.416667
0.552239
0.000000
0.303226
0.142857
0.340807
0.127551
0.320755
0.383142
0.302326
0.454976
0.504132
0.436275
0.041322
0.000000
0.321429
0.000000
0.389831
0.298913
0.200000
0.273973
0.367470
0.256522
0.429293
0.319066
0.262887
0.317829
0.351852
0.137615
0.250000
0.312883
0.000000
0.406593
0.409836
0.158654
0.380952
0.460714
0.397790
0.247368
0.389892
0.384259
0.144737
0.318919
0.279279
0.500000
0.091398
0.450980
0.323944
0.443350
0.270408
0.461538
0.000000
0.304965
0.280255
0.294479
0.142857
0.408257
0.000000
0.298507
0.045455
0.000000
0.258242
0.238095
0.319444
0.394737
0.000000
0.183333
0.308411
0.234783
0.222222
0.162791
0.000000
0.392857
0.135593
0.328638
0.684685
0.222222
0.485380
0.539535
0.541667
0.076923
0.153285
0.368932
0.166667
0.104265
0.000000
0.183333
0.425703
0.182741
0.373626
0.000000
0.247312
0.401826
0.186047
0.368421
0.522727
0.117117
0.240964
0.285714
0.000000
0.060870
0.360169
0.182609
0.556962
0.421525
0.300000
0.282051
0.403409
0.368201
0.339623
0.322581
0.378505
0.434343
0.506849
0.131148
0.425620
0.434783
0.493976
0.176955
0.355263
0.370629
0.270270
0.471698
0.433180
0.440559
0.479769
0.238095
0.550802
0.000000
0.341463
0.387255
0.260000
0.480519
0.356021
0.040816
0.102190
0.398734
0.465409
0.359756
0.177305
0.313187
0.217391
0.243243
0.281553
0.476852
0.408163
0.207254
0.430279
0.309859
0.470199
0.000000
0.387640
0.182648
0.256983
0.442786
0.107692
0.366667
0.043478
0.285714
0.197452
0.094340
0.344037
0.461207
0.342246
0.300000
0.229947
0.503106
0.184466
0.376623
0.401130
0.069767
0.392405
0.178161
0.261438
0.000000
0.000000
0.405622
0.516807
0.341463
0.408451
0.235043
0.520958
0.342857
0.618677
0.319444
0.315068
0.112613
0.256983
0.296089
0.407609
0.363636
0.292079
0.000000
0.452514
0.325472
0.370629
0.402778
0.420290
0.536842
0.000000
0.357143
0.366834
0.559524
0.313725
0.166667
0.311538
0.000000
0.298780
0.230337
0.322034
0.172619
0.178571
0.372881
0.344262
0.406593
0.345455
0.325991
0.137500
0.373541
0.403670
0.300000
0.000000
0.000000
0.360544
0.190141
0.589372
0.562842
0.311005
0.000000
0.000000
0.263158
0.306569
0.454545
0.226027
0.284091
0.398406
0.095694
0.520548
0.104478
0.069307
0.267516
0.337662
0.649123
0.436620
0.234694
0.309623
0.176471
0.256198
0.509202
0.306452
0.274074
0.439024
0.393939
0.311966
0.440972
0.421488
0.246154
0.307692
0.558824
0.207547
0.000000
0.443609
0.528662
0.000000
0.245509
0.255172
0.515152
0.436681
0.269388
0.157895
0.233184
0.000000
0.300000
0.492754
0.143836
0.218579
0.334802
0.425287
0.461538
0.000000
0.129630
0.309013
0.328125
0.041420
0.221239
0.117647
0.211712
0.240000
0.258373
0.226994
0.476987
0.139785
0.285714
0.396552
0.141935
0.000000
0.154930
0.152000
0.230769
0.377778
0.200000
0.385650
0.621622
0.564315
0.304348
0.333333
0.083770
0.322581
0.450000
0.537736
0.307692
0.256198
0.189655
0.211679
0.431624
0.203390
0.069364
0.000000
0.100000
0.539474
0.353846
0.292135
0.000000
0.096774
0.158273
0.317460
0.303226
0.361940
0.397849
0.253521
0.184932
0.441489
0.131034
0.580838
0.058824
0.340164
0.502092
0.064516
0.194915
0.496403
0.226744
0.210084
0.036145
0.279793
0.228972
0.417062
0.156863
0.328302
0.206452
0.410526
0.545455
0.400000
0.563953
0.326180
0.385965
0.247312
0.474860
0.602649
0.542484
0.529412
0.393443
0.289474
0.408451
0.500000
0.312500
0.232044
0.380531
0.000000
0.433962
0.116564
0.600000
0.491525
0.363636
0.286260
0.000000
0.333333
0.000000
0.416667
0.231214
0.000000
0.303318
0.000000
0.230769
0.352273
0.351351
0.279412
0.070175
0.262911
0.300000
0.304147
0.208955
0.265823
0.398496
0.391534
0.000000
0.169492
0.339080
0.052632
0.360544
0.510000
0.264822
0.380531
0.000000
0.441026
0.292553
0.291480
0.050847
0.244318
0.371094
0.317949
0.142857
0.416244
0.102564
0.257576
0.388393
0.414343
0.536585
0.403226
0.000000
0.186047
0.156250
0.000000
0.334842
0.411765
0.567568
0.292793
0.530435
0.603175
0.197183
0.287879
0.452514
0.495327
0.338346
0.000000
0.285141
0.403409
0.377622
0.000000
0.255924
0.613527
0.513158
0.100775
0.319048
0.602649
0.346154
0.350515
0.254438
0.200000
0.500000
0.255319
0.244898
0.455000
0.292553
0.167401
0.354610
0.109091
0.329114
0.230392
0.076923
0.308300
0.597701
0.247863
0.400000
0.289773
0.452675
0.437186
0.215000
0.375969
0.246154
0.584906
0.042553
0.315615
0.434389
0.329787
0.511521
0.118110
0.349593
0.641256
0.402913
0.354701
0.479290
0.416327
0.424490
0.038168
0.270833
0.269663
0.357664
0.000000
0.421739
0.463964
0.209677
0.402985
0.416667
0.512953
0.188679
0.290323
0.626667
0.319444
0.486486
0.462857
0.284672
0.372093
0.227545
0.213115
0.145038
0.303030
0.384259
0.080292
0.369369
0.287736
0.337278
0.482759
0.293388
0.538462
0.465347
0.520446
0.268966
0.380623
0.296943
0.066667
0.375000
0.290749
0.221698
0.387500
0.000000
0.000000
0.436275
0.344633
0.312849
0.202847
0.507772
0.433526
0.421296
0.221053
0.393064
0.000000
0.316129
0.357488
0.382353
0.125000
0.000000
0.481481
0.686099
0.424490
0.422330
0.488987
0.298246
0.400000
0.149606
0.413408
0.438202
0.360406
0.052632
0.074380
0.175258
0.356846
0.342282
0.156425
0.311881
0.303226
0.322034
0.000000
0.316406
0.348315
0.197183
0.266094
0.490446
0.344828
0.534591
0.314685
0.554502
0.246154
0.539216
0.328638
0.000000
0.195402
0.480663
0.000000
0.440000
0.463964
0.379747
0.418972
0.286853
0.269036
0.000000
0.312102
0.620939
0.326633
0.314685
0.353659
0.401674
0.000000
0.000000
0.239362
0.405063
0.140741
0.449782
0.155844
0.512195
0.535849
0.100917
0.229358
0.234818
0.138554
0.380328
0.463504
0.524000
0.406977
0.275168
0.386617
0.341014
0.461538
0.497354
0.317949
0.247253
0.170330
0.426752
0.464115
0.215596
0.607843
0.279412
0.303030
0.575758
0.502370
0.345794
0.440000
0.303318
0.504310
0.134529
0.000000
0.512195
0.443966
0.313609
0.286792
0.329193
0.401487
0.345178
0.426901
0.298246
0.252874
0.324528
0.221477
0.178295
0.361789
0.351759
0.290566
0.073684
0.345794
0.115385
0.284091
0.319444
0.352941
0.328358
0.565217
0.243119
0.243697
0.166667
0.342541
0.533333
0.290541
0.436441
0.329787
0.409938
0.597990
0.052632
0.462857
0.333333
0.294393
0.508197
0.175573
0.142857
0.483696
0.149606
0.000000
0.322275
0.162651
0.536424
0.000000
0.188462
0.387234
0.454545
0.060870
0.486486
0.285714
0.478261
0.369963
0.238806
0.226667
0.511945
0.280000
0.084112
0.210784
0.000000
0.432624
0.388889
0.405941
0.020408
0.289916
0.433498
0.275132
0.389610
0.320388
0.364641
0.365297
0.665072
0.000000
0.459459
0.483871
0.080000
0.000000
0.284768
0.505882
0.338624
0.281609
0.325000
0.469027
0.000000
0.439252
0.309179
0.138298
0.288462
0.373874
0.187970
0.000000
0.000000
0.691630
0.500000
0.398190
0.379679
0.260355
0.355263
0.288770
0.127820
0.170616
0.367257
0.291139
0.491150
0.090909
0.593361
0.483193
0.263158
0.513514
0.426752
0.000000
0.457547
0.440415
0.490909
0.000000
0.162393
0.029703
0.241830
0.402844
0.226190
0.464419
0.358974
0.267442
0.410811
0.338912
0.000000
0.354717
0.096774
0.344262
0.313253
0.290456
0.300000
0.147059
0.324324
0.140244
0.293233
0.620690
0.421456
0.132530
0.405000
0.000000
0.386598
0.287129
0.284946
0.069307
0.378601
0.211340
0.313725
0.160000
0.207547
0.242553
0.411765
0.317073
0.345455
0.230769
0.247012
0.361702
0.000000
0.112676
0.740933
0.367742
0.000000
0.543651
0.176471
0.314433
0.405128
0.338843
0.142857
0.400862
0.388889
0.331776
0.494297
0.324138
0.400000
0.076923
0.093750
0.375723
0.000000
0.281915
0.403587
0.558685
0.503106
0.320675
0.502024
0.538835
0.391509
0.481928
0.459459
0.467391
0.447876
0.341014
0.326923
0.347015
0.134021
0.000000
0.410526
0.169231
0.328244
0.206780
0.000000
0.537190
0.064935
0.359813
0.584906
0.469027
0.693878
0.125000
0.265193
0.440559
0.396648
0.397260
0.280851
0.000000
0.502538
0.389535
0.450000
0.485356
0.354839
0.438679
0.324324
0.289773
0.178010
0.201117
0.436019
0.480519
0.340659
0.371257
0.365639
0.298165
0.309859
0.152632
0.095694
0.400000
0.285714
0.041322
0.177570
0.352601
0.421053
0.355556
0.000000
0.163717
0.284091
0.474178
0.379310
0.000000
0.493671
0.515152
0.329787
0.420290
0.293814
0.401487
0.314286
0.409639
0.076923
0.311594
0.242105
0.160000
0.245536
0.000000
0.347032
0.190083
0.000000
0.446328
0.352941
0.000000
0.504717
0.591837
0.440000
0.395062
0.339394
0.357664
0.000000
0.461207
0.397129
0.000000
0.518072
0.396648
0.159420
0.227027
0.545455
0.599057
0.612903
0.500000
0.528846
0.439490
0.297398
0.215385
0.000000
0.388626
0.428571
0.284519
0.411765
0.537500
0.000000
0.459459
0.446043
0.378855
0.522581
0.578313
0.323077
0.387500
0.380682
0.000000
0.000000
0.464730
0.000000
0.207843
0.151351
0.086614
0.000000
0.486911
0.278075
0.317536
0.607843
0.204545
0.401361
0.400000
0.615385
0.583333
0.283784
0.548780
0.368627
0.230769
0.520161
0.323077
0.199029
0.560669
0.426230
0.329787
0.434146
0.234127
0.473684
0.430189
0.357447
0.000000
0.357143
0.300971
0.066667
0.107438
0.346591
0.000000
0.338710
0.196721
0.190083
0.323741
0.277108
0.303704
0.487069
0.401274
0.356322
0.411765
0.396135
0.395833
0.000000
0.402985
0.000000
0.321101
0.050251
0.328283
0.460123
0.290541
0.335000
0.440415
0.100629
0.244131
0.309013
0.129730
0.434978
0.235632
0.326923
0.234375
0.209945
0.427861
0.264591
0.387234
0.370044
0.485380
0.510490
0.431034
0.326923
0.189573
0.062500
0.259259
0.317073
0.203846
0.485714
0.198529
0.485294
0.271676
0.120000
0.226994
0.416667
0.301075
0.300000
0.376238
0.472222
0.148148
0.663462
0.397727
0.430556
0.477612
0.520958
0.372781
0.000000
0.292135
0.000000
0.504310
0.152439
0.295302
0.326180
0.274390
0.378788
0.227273
0.176471
0.317949
0.451754
0.264840
0.465863
0.161905
0.090909
0.150183
0.359375
0.000000
0.138298
0.226277
0.494681
0.424242
0.250000
0.267045
0.356000
0.304878
0.278689
0.127551
0.308244
0.514768
0.176471
0.542484
0.696970
0.000000
0.379845
0.553991
0.548387
0.000000
0.602273
0.437063
0.486486
0.480159
0.625000
0.500000
0.153153
0.368932
0.418367
0.397849
0.348039
0.382353
0.278970
0.357724
0.512821
0.165563
0.256198
0.000000
0.461538
0.391304
0.601770
0.197452
0.317949
0.650000
0.329480
0.181818
0.000000
0.133690
0.255208
0.430769
0.226277
0.161290
0.455782
0.468354
0.426724
0.348315
0.000000
0.604520
0.366667
0.357143
0.414226
0.420118
0.214286
0.403670
0.424107
0.488152
0.294964
0.000000
0.213592
0.285714
0.339450
0.337423
0.253247
0.489270
0.000000
0.000000
0.291498
0.000000
0.073684
0.539474
0.327869
0.230769
0.066667
0.500000
0.230769
0.364706
0.548387
0.378676
0.393519
0.438503
0.000000
0.000000
0.298780
0.430693
0.073684
0.217391
0.100775
0.509346
0.352490
0.277154
0.369565
0.189024
0.230769
0.372807
0.396624
0.173913
0.357576
0.211268
0.641026
0.137615
0.274074
0.493927
0.301887
0.292490
0.421488
0.402778
0.318725
0.135802
0.529412
0.417178
0.305825
0.453390
0.000000
0.000000
0.269231
0.000000
0.444444
0.570552
0.455556
0.260274
0.381910
0.378601
0.349138
0.403587
0.182482
0.221477
0.361702
0.550459
0.139785
0.237864
0.633028
0.110526
0.421488
0.396648
0.365248
0.406593
0.300000
0.252336
0.465812
0.358974
0.535545
0.300000
0.192308
0.386792
0.000000
0.533333
0.238095
0.188811
0.423868
0.429319
0.393258
0.464419
0.384937
0.440415
0.210526
0.142857
0.352941
0.237374
0.333333
0.385621
0.052632
0.343750
0.320000
0.473430
0.000000
0.198582
0.449438
0.450980
0.420765
0.552239
0.390041
0.360947
0.038168
0.105590
0.607843
0.402098
0.000000
0.594595
0.337838
0.479290
0.190083
0.182609
0.402439
0.279835
0.000000
0.252336
0.290323
0.381579
0.344262
0.277108
0.184049
0.331461
0.145455
0.477124
0.623894
0.242152
0.146341
0.272152
0.339623
0.546012
0.486607
0.296296
0.357488
0.461929
0.585903
0.376812
0.075000
0.136364
0.263636
0.487500
0.443038
0.275281
0.000000
0.360577
0.230366
0.430233
0.269231
0.328889
0.165854
0.000000
0.251613
0.326923
0.204444
0.256250
0.361404
0.069307
0.420339
0.378378
0.594595
0.269036
0.434043
0.514563
0.251908
0.307692
0.497436
0.125714
0.555556
0.395161
0.385366
0.627329
0.280702
0.282723
0.352941
0.337838
0.084112
0.464481
0.389105
0.389831
0.298701
0.241071
0.379845
0.288344
0.259804
0.228346
0.577114
0.293388
0.201550
0.000000
0.312102
0.111111
0.201058
0.431818
0.403315
0.474308
0.419355
0.363636
0.000000
0.049180
0.304094
0.270270
0.339844
0.436567
0.000000
0.233010
0.357143
0.096154
0.352518
0.461538
0.244131
0.000000
0.536424
0.133333
0.534483
0.451777
0.100000
0.113208
0.529412
0.218447
0.255208
0.000000
0.342466
0.000000
0.410891
0.497354
0.000000
0.345178
0.355263
0.201058
0.288136
0.426778
0.264045
0.441964
0.312102
0.423077
0.392694
0.000000
0.344262
0.000000
0.269565
0.231884
0.265306
0.359375
0.277778
0.436441
0.343373
0.236434
0.317949
0.297872
0.521930
0.505495
0.343096
0.370044
0.462366
0.299180
0.322581
0.000000
0.406061
0.083333
0.129730
0.387755
0.150943
0.154362
0.358974
0.465438
0.330739
0.401361
0.279412
0.356846
0.237179
0.000000
0.117647
0.228188
0.252459
0.281690
0.000000
0.182390
0.166667
0.461538
0.280851
0.104478
0.313636
0.395062
0.432540
0.490566
0.175439
0.347305
0.503546
0.395455
0.216216
0.270440
0.000000
0.367647
0.222973
0.235294
0.199005
0.246305
0.212500
0.211679
0.286307
0.076923
0.354369
0.090909
0.337143
0.342105
0.094340
0.375510
0.373134
0.432331
0.572072
0.294118
0.418699
0.268182
0.345528
0.120879
0.269767
0.343750
0.340000
0.218447
0.367713
0.402985
0.472222
0.230769
0.368421
0.326203
0.409836
0.373333
0.382759
0.470874
0.196809
0.422330
0.000000
0.472441
0.357143
0.214953
0.228346
0.315789
0.000000
0.568000
0.551282
0.295567
0.300000
0.143713
0.085561
0.137681
0.342282
0.000000
0.239437
0.265625
0.219008
0.394068
0.000000
0.112676
0.082803
0.000000
0.339623
0.534653
0.333333
0.423077
0.293103
0.280822
0.377273
0.359307
0.406639
0.216667
0.000000
0.267857
0.437870
0.469274
0.000000
0.602649
0.183333
0.000000
0.400000
0.294479
0.450292
0.311966
0.267045
0.160000
0.408088
0.370000
0.378788
0.278689
0.573171
0.500000
