0.512828
0.524319
0.499978
0.504364
0.498925
0.509802
0.520460
0.511381
0.504539
0.518574
0.509802
0.518398
0.524319
0.514670
0.530678
0.512521
0.505066
0.503399
0.513925
0.510899
0.521161
0.514495
0.515372
0.515591
0.516293
0.495548
0.501820
0.508793
0.512741
0.513662
0.522477
0.506162
0.514013
0.507346
0.513881
0.520153
0.520547
0.527828
0.512741
0.510723
0.533705
0.511907
0.506951
0.508223
0.529757
0.527345
0.512828
0.518705
0.501776
0.516819
0.508136
0.513092
0.514144
0.518530
0.497478
0.526337
0.521512
0.519363
0.526030
0.516951
0.507872
0.515855
0.521688
0.527828
0.519056
0.530722
0.516863
0.523837
0.519582
0.519933
0.516863
0.509495
0.534801
0.535985
0.509758
0.500110
0.522170
0.519714
0.518354
0.505548
0.511337
0.527038
0.523705
0.500592
0.519319
0.508486
0.523398
0.513881
0.514539
0.519758
0.511864
0.519319
0.512258
0.507697
0.517697
0.508136
0.503224
0.511513
0.534012
0.500768
0.502215
0.518574
0.523661
0.514977
0.509144
0.511337
0.504101
0.520547
0.521644
0.511557
0.518267
0.523354
0.507829
0.523705
0.514407
0.509539
0.524670
0.523310
0.518486
0.516907
0.517390
0.523047
0.516293
0.514977
0.512609
0.526994
0.504671
0.507653
0.517609
0.506557
0.526907
0.505592
0.517609
0.509320
0.517258
0.508223
0.518398
0.529407
0.517697
0.517477
0.518047
0.526161
0.507872
0.514144
0.531556
0.522082
0.531117
0.501425
0.507258
0.518091
0.504320
0.512785
0.509232
0.526863
0.511293
0.530898
0.511732
0.499846
0.529231
0.509714
0.522082
0.522784
0.510021
0.519495
0.537520
0.519188
0.512872
0.528354
0.512171
0.517083
0.498706
0.526600
0.515635
0.503969
0.524845
0.532915
0.476076
0.526819
0.516293
0.517872
0.527301
0.515986
0.508750
0.501776
0.517390
0.527389
0.500154
0.504320
0.510372
0.520328
0.523881
0.521249
0.529319
0.521863
0.525372
0.520065
0.502171
0.512521
0.537082
0.518837
0.523924
0.503311
0.497083
0.528266
0.523924
0.520416
0.526731
0.523442
0.519012
0.516381
0.503224
0.494057
0.508793
0.509890
0.525328
0.514583
0.501820
0.511732
0.523267
0.524582
0.519495
0.516030
0.507872
0.517258
0.509758
0.504188
0.531073
0.536555
0.501075
0.507741
0.535371
0.518661
0.518442
0.513574
0.520021
0.514100
0.523267
0.501206
0.531556
0.503574
0.515986
0.485724
0.502522
0.515679
0.519275
0.511820
0.511162
0.498531
0.528749
0.502522
0.512258
0.500548
0.524188
0.517083
0.519056
0.504934
0.505723
0.506601
0.527477
0.521775
0.520767
0.510635
0.516074
0.503487
0.511206
0.514890
0.508311
0.503267
0.529143
0.521337
0.523749
0.520767
0.514407
0.501250
0.510548
0.533617
0.532433
0.519582
0.521644
0.504276
0.511250
0.528924
0.508223
0.516381
0.516205
0.536117
0.515811
0.516293
0.519714
0.520635
0.514539
0.511600
0.512741
0.513399
0.499759
0.507434
0.514144
0.506732
0.528354
0.518179
0.520942
0.505592
0.504057
0.525328
0.510153
0.512390
0.523968
0.511557
0.513530
0.521468
0.510416
0.534670
0.506908
0.535064
0.522126
0.517214
0.524056
0.508267
0.525021
0.508530
0.519232
0.509714
0.515591
0.515898
0.516556
0.520547
0.528573
0.490943
0.520898
0.515635
0.517521
0.495110
0.529319
0.515855
0.519846
0.504802
0.518398
0.500417
0.508267
0.518398
0.515855
0.504145
0.527082
0.506250
0.519977
0.512521
0.522696
0.521205
0.505066
0.514495
0.509188
0.517740
0.520021
0.508443
0.538968
0.517170
0.511776
0.510241
0.514934
0.513311
0.523617
0.527433
0.509451
0.512653
0.514144
0.521249
0.513004
0.538266
0.525021
0.518705
0.511995
0.525547
0.503531
0.504276
0.510241
0.522653
0.513749
0.523047
0.518574
0.517390
0.533442
0.513618
0.523749
0.522916
0.529100
0.519056
0.518398
0.517697
0.511557
0.515986
0.506995
0.498443
0.517170
0.528968
0.511776
0.519188
0.510285
0.504890
0.516381
0.507653
0.512039
0.524319
0.522872
0.526424
0.520065
0.497917
0.506732
0.512521
0.514846
0.498925
0.521863
0.496382
0.511250
0.505329
0.508618
0.521030
0.508004
0.517477
0.518091
0.525547
0.520065
0.516074
0.506162
0.522126
0.501996
0.522346
0.515021
0.520021
0.528266
0.495417
0.530503
0.502566
0.531731
0.497697
0.510372
0.527872
0.522960
0.516293
0.518442
0.508750
0.520328
0.514144
0.528003
0.513267
0.515679
0.511732
0.517390
0.523003
0.529670
0.517477
0.514188
0.516293
0.511381
0.516995
0.502697
0.504627
0.518267
0.517170
0.518091
0.506644
0.516425
0.522302
0.516732
0.522302
0.513135
0.526863
0.524231
0.526380
0.505022
0.509276
0.503004
0.531029
0.514758
0.511337
0.511206
0.519714
0.512258
0.511293
0.512390
0.519714
0.514320
0.483224
0.516688
0.508969
0.533222
0.543353
0.492128
0.525679
0.529757
0.503969
0.521468
0.515504
0.511951
0.516995
0.511469
0.528661
0.516425
0.521293
0.527828
0.516776
0.517565
0.514363
0.524714
0.498618
0.526907
0.516381
0.501776
0.491908
0.525810
0.519802
0.512960
0.520372
0.527082
0.510241
0.519977
0.520986
0.512960
0.509451
0.512083
0.509978
0.518354
0.521512
0.503794
0.516030
0.514583
0.513793
0.501382
0.516776
0.494277
0.499189
0.512390
0.531556
0.507785
0.531424
0.523354
0.534757
0.512346
0.514232
0.514714
0.513662
0.495110
0.526337
0.505416
0.525547
0.526117
0.508793
0.516732
0.523267
0.524188
0.506425
0.527784
0.502039
0.526556
0.520372
0.523486
0.504583
0.533178
0.515328
0.504452
0.527959
0.497566
0.498750
0.513881
0.526337
0.521688
0.525328
0.511425
0.533266
0.514714
0.527608
0.503531
0.518004
0.513969
0.526819
0.521995
0.502960
0.522653
0.507522
0.516732
0.514056
0.526468
0.512258
0.527608
0.514232
0.513574
0.520284
0.514627
0.521293
0.522126
0.509583
0.518311
0.507215
0.516118
0.505109
0.530722
0.512390
0.519670
0.518047
0.530810
0.511776
0.509671
0.506864
0.527959
0.520547
0.496952
0.520810
0.528091
0.516951
0.505943
0.507960
0.637823
0.624578
0.621376
0.634227
0.650717
0.607605
0.632385
0.619666
0.615061
0.619929
0.622385
0.628174
0.619797
0.629753
0.619096
0.637823
0.620368
0.636025
0.628700
0.631288
0.625323
0.621771
0.625806
0.631025
0.620236
0.622473
0.628086
0.611421
0.622692
0.619140
0.619797
0.631507
0.635191
