0.526578
0.529877
0.517136
0.513304
0.528375
0.527289
0.521343
0.530331
0.527565
0.524326
0.525728
0.537244
0.524188
0.532207
0.530015
0.525116
0.523437
0.527763
0.539556
0.519388
0.537640
0.520869
0.528514
0.524010
0.524168
0.525768
0.522410
0.516840
0.528099
0.523595
0.522015
0.518756
0.521580
0.536691
0.531141
0.526499
0.520909
0.520632
0.521896
0.535546
0.519881
0.523496
0.521975
0.526064
0.518380
0.517215
0.530311
0.532010
0.536711
0.535111
0.527664
0.535309
0.535269
0.518400
0.517096
0.530746
0.514272
0.526222
0.527289
0.529007
0.525768
0.519980
0.528672
0.526716
0.524326
0.531240
0.523951
0.522548
0.520198
0.522943
0.527427
0.513699
0.530805
0.519625
0.526064
0.530805
0.527151
0.532602
0.531635
0.521916
0.521106
0.512474
0.521205
0.537738
0.521264
0.521304
0.538331
0.522054
0.518400
0.530746
0.533728
0.523121
0.521975
0.519407
0.518519
0.535506
0.521798
0.515279
0.537798
0.523081
0.521896
0.523891
0.529560
0.518558
0.523891
0.540267
0.531141
0.537501
0.522351
0.532978
0.516267
0.535486
0.530390
0.522904
0.525156
0.533353
0.518973
0.532188
0.532089
0.518993
0.526558
0.528909
0.539042
0.516405
0.532069
0.518933
0.524484
0.515674
0.523477
0.523358
0.515259
0.521462
0.531654
0.535388
0.524642
0.529185
0.517946
0.530094
0.518558
0.531674
0.527486
0.530746
0.530607
0.529146
0.524306
0.534143
0.517353
0.532306
0.532207
0.521146
0.525511
0.526321
0.526657
0.531319
0.520988
0.529185
0.532563
0.541985
0.526756
0.533156
0.529956
0.519921
0.521284
0.522469
0.523575
0.530430
0.532563
0.525017
0.532523
0.527565
0.523753
0.531141
0.515180
0.520869
0.524385
0.525491
0.527842
0.516543
0.529264
0.526163
0.521640
0.516958
0.526044
0.525294
0.526874
0.525748
0.517867
0.524010
0.525610
0.524030
0.511802
0.536059
0.540306
0.537817
0.528316
0.520928
0.521225
0.521323
0.540247
0.515931
0.527546
0.521758
0.521264
0.528296
0.529995
0.515022
0.521896
0.535131
0.537916
0.521323
0.524820
0.529936
0.526854
0.521560
0.526598
0.527506
0.520079
0.531911
0.521640
0.534578
0.517886
0.532405
0.530351
0.533195
0.532425
0.507121
0.518420
0.533867
0.526973
0.511941
0.524385
0.522647
0.524346
0.531970
0.525590
0.530054
0.515931
0.533156
0.521620
0.520672
0.533274
0.521857
0.528237
0.537936
0.518380
0.524326
0.527802
0.529165
0.522153
0.520593
0.525946
0.516365
0.524148
0.537560
0.529936
0.528928
0.516602
0.501314
0.531654
0.524721
0.519921
0.526775
0.526183
0.522173
0.532622
0.525847
0.512751
0.511783
0.525570
0.530489
0.521007
0.525768
0.533551
0.516069
0.527190
0.527052
0.515852
0.527704
0.531141
0.520514
0.518005
0.538844
0.520237
0.521580
0.523299
0.520514
0.530785
0.523793
0.540464
0.519230
0.528257
0.524504
0.523733
0.517946
0.532919
0.526578
0.530054
0.526598
0.528375
0.520356
0.523220
0.524109
0.522667
0.525867
0.532583
0.509669
0.534025
0.524978
0.528770
0.518025
0.532247
0.517314
0.521817
0.521837
0.524899
0.525709
0.529560
0.528909
0.527052
0.527921
0.520059
0.518716
0.527941
0.526479
0.537560
0.533195
0.532069
0.528158
0.511842
0.524504
0.521442
0.530370
0.518617
0.536257
0.522805
0.532800
0.517965
0.519131
0.522074
0.523951
0.541788
0.526933
0.517373
0.537916
0.532583
0.519743
0.523042
0.526301
0.528988
0.534598
0.515595
0.527052
0.524464
0.531951
0.528672
0.525037
0.517491
0.530390
0.530489
0.528158
0.529975
0.522489
0.527605
0.531595
0.519901
0.515121
0.514015
0.518716
0.529185
0.526143
0.521106
0.526795
0.521758
0.522943
0.538351
0.517570
0.536948
0.531872
0.521719
0.528277
0.524444
0.527052
0.515259
0.537047
0.520672
0.521363
0.525491
0.525551
0.528336
0.525649
0.528316
0.529244
0.532010
0.522015
0.523615
0.529501
0.528099
0.528040
0.523615
0.515556
0.528395
0.529936
0.529205
0.513600
0.526519
0.526716
0.528514
0.525926
0.529620
0.520672
0.519783
0.535151
0.537600
0.533156
0.529462
0.523674
0.528178
0.531378
0.525412
0.530844
0.516247
0.507160
0.534183
0.522133
0.526025
0.532760
0.515496
0.526953
0.528138
0.530153
0.531259
0.523319
0.528454
0.525215
0.530568
0.531220
0.524484
0.540385
0.524859
0.520691
0.525728
0.525906
0.526617
0.525946
0.536435
0.524326
0.522173
0.533037
0.522469
0.530114
0.527783
0.529343
0.526795
0.529363
0.535546
0.516069
0.529047
0.534044
0.531398
0.528928
0.529857
0.523062
0.527072
0.538923
0.527309
0.527802
0.514370
0.533689
0.531319
0.524326
0.532958
0.532405
0.521027
0.531832
0.525017
0.524444
0.528454
0.536198
0.527091
0.523299
0.517432
0.528889
0.519289
0.523654
0.513146
0.525649
0.534598
0.532780
0.533570
0.524010
0.536830
0.521284
0.520198
0.528632
0.528474
0.526202
0.530114
0.524168
0.533531
0.518084
0.520928
0.526696
0.530252
0.522667
0.526242
0.524602
0.518064
0.530548
0.528494
0.523872
0.528059
0.531635
0.526281
0.532523
0.525946
0.535644
0.520336
0.528138
0.523793
0.521383
0.517412
0.525077
0.523477
0.544533
0.522647
0.530015
0.531180
0.527190
0.525748
0.526933
0.523200
0.528691
0.526538
0.525314
0.520356
0.532859
0.528138
0.522923
0.517551
0.528810
0.530114
0.529007
0.530825
0.518321
0.522114
0.525353
0.536652
0.512257
0.520810
0.523378
0.530923
0.517768
0.519980
0.515852
0.534380
0.526341
0.529896
0.517886
0.528988
0.518914
0.525294
0.518933
0.516207
0.526598
0.530588
0.525511
0.526795
0.530094
0.526736
0.531437
0.533195
0.523457
0.532089
0.523714
0.526677
0.520059
0.520770
0.522667
0.515793
0.530430
0.538015
0.521146
0.524286
0.525649
0.521501
0.528573
0.522568
0.524306
0.527190
0.530765
0.523042
0.519348
0.530607
0.527644
0.524207
0.533886
0.527486
0.522015
0.521719
0.534933
0.534775
0.506015
0.525393
0.524820
0.526657
0.515180
0.523496
0.515141
0.516306
0.527427
0.525630
0.521383
0.526163
0.535032
0.525235
0.529659
0.522370
0.527289
0.534281
0.523635
0.529857
0.528711
0.521165
0.522212
0.525057
0.534084
0.516444
0.536533
0.531832
0.525590
0.532464
0.521363
0.522785
0.527802
0.512454
0.527190
0.525057
0.520691
0.526874
0.527546
0.525294
0.528395
0.534242
0.527842
0.523299
0.525472
0.526578
0.520711
0.541353
0.531852
0.519467
0.516662
0.525788
0.528474
0.517294
0.531812
0.529007
0.530291
0.529521
0.526281
0.533847
0.525748
0.532602
0.523832
0.523635
0.519526
0.519052
0.523615
0.524602
0.524998
0.528435
0.523240
0.523970
0.523595
0.526973
0.529620
0.525195
0.528020
0.542420
0.508701
0.530094
0.523812
0.532701
0.528415
0.533195
0.524563
0.513975
0.526953
0.520277
0.534143
0.536336
0.531615
0.530449
0.525610
0.524820
0.528632
0.534064
0.523457
0.522568
0.532267
0.514864
0.521165
0.520296
0.514627
0.527368
0.525057
0.539378
0.525215
0.528296
0.526775
0.527941
0.523121
0.530054
0.524840
0.532207
0.526953
0.532681
0.529363
0.531160
0.526479
0.523773
0.523042
0.527368
0.535230
0.521719
0.545481
0.526598
0.527328
0.532642
0.523832
0.527723
0.524938
0.517373
0.527743
0.526775
0.533393
0.525669
0.525491
0.530035
0.537975
0.517570
0.535960
0.526716
0.525353
0.514074
0.521442
0.534775
0.529975
0.521027
0.518123
0.520869
0.529244
0.526637
0.524168
0.530390
0.525768
0.517965
0.527585
0.522864
0.529481
0.527901
0.525827
0.527447
0.520198
0.529501
0.526479
0.524207
0.534854
0.521047
0.515615
0.531398
0.527862
0.527506
0.523931
0.532602
0.530904
0.522094
0.528356
0.528237
0.539477
0.519447
0.521659
0.521738
0.516622
0.521580
0.545284
0.518815
0.526815
0.523299
0.526400
0.527546
0.513086
0.530805
0.517689
0.535427
0.527348
0.525274
0.532227
0.519230
0.540267
0.523812
0.521106
0.535309
0.524741
0.513798
0.525017
0.530746
0.516563
0.533195
0.517314
0.531081
0.521659
0.538825
0.523042
0.536435
0.528296
0.528612
0.528040
0.528672
0.524267
0.518973
0.526677
0.518914
0.528672
0.525906
0.519467
0.518874
0.526953
0.522035
0.531595
0.517393
0.524840
0.523733
0.522647
0.511072
0.520790
0.526736
0.530074
0.527980
0.519526
0.527941
0.517195
0.527012
0.509175
0.534420
0.528494
0.516958
0.536040
0.521956
0.526321
0.520375
0.521995
0.523259
0.527052
0.532938
0.528099
0.530983
0.523378
0.522943
0.513857
0.530054
0.519625
0.527091
0.537027
0.528889
0.522805
0.530114
0.517669
0.537659
0.521837
0.524820
0.530963
0.532622
0.538706
0.523615
0.529027
0.512454
0.526657
0.525669
0.519546
0.524346
0.533728
0.519664
0.514114
0.511704
0.517531
0.529659
0.524227
0.526242
0.529600
0.530726
0.524148
0.527802
0.522607
0.530153
0.528632
0.518143
0.529600
0.525235
0.522607
0.536770
0.522805
0.518380
0.531615
0.520178
0.537580
0.513244
0.514291
0.529383
0.537501
0.530015
0.524069
0.529580
0.532010
0.526795
0.517788
0.525373
0.519743
0.520869
0.523556
0.526242
0.528237
0.529817
0.517669
0.524405
0.530390
0.523812
0.520731
0.514686
0.512830
0.516188
0.516998
0.530094
0.518341
0.523872
0.511052
0.515081
0.525669
0.523496
0.522548
0.525590
0.522015
0.533847
0.512178
0.522272
0.519170
0.527605
0.519585
0.518973
0.524998
0.527723
0.521956
0.517807
0.536138
0.533412
0.527447
0.520375
0.522667
0.523496
0.523970
0.533314
0.536968
0.523338
0.519704
0.525511
0.507812
0.527783
0.525570
0.523970
0.523279
0.521007
0.526420
0.519506
0.521640
0.520632
0.525195
0.523832
0.524602
0.529402
0.526815
0.521738
0.524247
0.523753
0.526499
0.538528
0.531654
0.536079
0.518440
0.528691
0.518143
0.522035
0.524859
0.518341
0.520217
0.535052
0.519111
0.526420
0.535783
0.523319
0.530983
0.536988
0.515635
0.524365
0.520553
0.517926
0.539951
0.528217
0.526420
0.535842
0.532109
0.528316
0.530963
0.521007
0.520869
0.521699
0.518084
0.536316
0.529956
0.528652
0.528336
0.526281
0.516168
0.530588
0.537877
0.521560
0.526815
0.527072
0.511822
0.523793
0.532069
0.524148
0.521343
0.517570
0.522765
0.516523
0.532563
0.521007
0.525175
0.528119
0.514133
0.541096
0.535249
0.522153
0.525906
0.523259
0.519486
0.541886
0.526617
0.525669
0.535743
0.528336
0.521205
0.519605
0.528000
0.516464
0.523891
0.536395
0.525709
0.526400
0.534598
0.514805
0.522805
0.532523
0.527763
0.526025
0.529047
0.531911
0.523022
0.531180
0.515793
0.513699
0.515951
0.519565
0.530489
0.528237
0.530963
0.525472
0.517156
0.532760
0.529699
0.519328
0.527328
0.529956
0.529047
0.522923
0.528474
0.521916
0.535526
0.531556
0.532030
0.520948
0.526538
0.535210
0.532820
0.525886
0.519921
0.523437
0.520059
0.526617
0.523516
0.522035
0.523417
0.535210
0.529640
0.523694
0.513146
0.524978
0.527644
0.514607
0.527407
