0.268800
0.356800
0.366400
0.297600
0.246400
0.376000
0.342400
0.358400
0.403200
0.360000
0.515200
0.459200
0.528000
0.524800
0.454400
0.412800
0.377600
0.468800
0.548800
0.465600
0.444800
0.396800
0.425600
0.459200
0.478400
0.475200
0.419200
0.345600
0.372800
0.537600
0.390400
0.348800
0.430400
0.425600
0.449600
0.449600
0.500800
0.488000
0.308800
0.576000
0.488000
0.539200
0.342400
0.219200
0.364800
0.587200
0.526400
0.478400
0.459200
0.305600
0.380800
0.460800
0.380800
0.468800
0.417600
0.142400
0.438400
0.424000
0.448000
0.547200
0.467200
0.353600
0.432000
0.356800
0.385600
0.510400
0.584000
0.358400
0.472000
0.396800
0.545600
0.393600
0.486400
0.510400
0.483200
0.436800
0.420800
0.460800
0.494400
0.481600
0.326400
0.212800
0.480000
0.411200
0.446400
0.376000
0.492800
0.464000
0.520000
0.512000
0.529600
0.417600
0.425600
0.504000
0.366400
0.438400
0.374400
0.537600
0.379200
0.456000
0.350400
0.180800
0.504000
0.353600
0.297600
0.408000
0.444800
0.454400
0.364800
0.401600
0.427200
0.337600
0.329600
0.500800
0.500800
0.470400
0.457600
0.499200
0.448000
0.302400
0.444800
0.540800
0.524800
0.440000
0.369600
0.396800
0.555200
0.388800
0.475200
0.470400
0.326400
0.414400
0.491200
0.472000
0.291200
0.304000
0.496000
0.448000
0.464000
0.420800
0.499200
0.435200
0.412800
0.504000
0.347200
0.340800
0.388800
0.438400
0.320000
0.502400
0.411200
0.417600
0.385600
0.574400
0.416000
0.537600
0.496000
0.436800
0.577600
0.417600
0.548800
0.344000
0.452800
0.494400
0.300800
0.412800
0.468800
0.468800
0.480000
0.443200
0.276800
0.523200
0.414400
0.532800
0.416000
0.552000
0.430400
0.390400
0.430400
0.310400
0.424000
0.443200
0.464000
0.441600
0.396800
0.523200
0.428800
0.411200
0.345600
0.468800
0.372800
0.510400
0.307200
0.446400
0.403200
0.412800
0.494400
0.486400
0.478400
0.377600
0.296000
0.528000
0.476800
0.483200
0.497600
0.334400
0.395200
0.401600
0.451200
0.464000
0.384000
0.456000
0.521600
0.464000
0.427200
0.486400
0.400000
0.539200
0.491200
0.521600
0.187200
0.427200
0.548800
0.406400
0.504000
0.392000
0.350400
0.456000
0.430400
0.419200
0.449600
0.420800
0.336000
0.582400
0.312000
0.516800
0.428800
0.464000
0.411200
0.408000
0.494400
0.496000
0.374400
0.465600
0.536000
0.492800
0.428800
0.355200
0.374400
0.427200
0.440000
0.500800
0.430400
0.436800
0.492800
0.292800
0.358400
0.380800
0.449600
0.440000
0.448000
0.376000
0.347200
0.376000
0.492800
0.483200
0.273600
0.486400
0.308800
0.422400
0.387200
0.294400
0.489600
0.489600
0.476800
0.428800
0.430400
0.409600
0.574400
0.371200
0.489600
0.497600
0.417600
0.494400
0.590400
0.283200
0.502400
0.422400
0.432000
0.536000
0.329600
0.427200
0.428800
0.504000
0.340800
0.435200
0.456000
0.523200
0.312000
0.377600
0.444800
0.537600
0.523200
0.475200
0.472000
0.457600
0.473600
0.384000
0.358400
0.505600
0.432000
0.499200
0.459200
0.403200
0.283200
0.512000
0.465600
0.449600
0.435200
0.331200
0.376000
0.419200
0.388800
0.382400
0.388800
0.592000
0.337600
0.443200
0.492800
0.328000
0.296000
0.472000
0.502400
0.342400
0.384000
0.404800
0.366400
0.566400
0.403200
0.310400
0.446400
0.390400
0.422400
0.355200
0.464000
0.310400
0.289600
0.449600
0.448000
0.382400
0.320000
0.136000
0.528000
0.308800
0.347200
0.412800
0.331200
0.569600
0.478400
0.368000
0.388800
0.452800
0.409600
0.467200
0.529600
0.459200
0.483200
0.337600
0.472000
0.545600
0.470400
0.500800
0.318400
0.574400
0.576000
0.283200
0.476800
0.449600
0.422400
0.292800
0.380800
0.476800
0.552000
0.433600
0.393600
0.414400
0.472000
0.428800
0.488000
0.552000
0.390400
0.432000
0.449600
0.513600
0.448000
0.488000
0.524800
0.499200
0.358400
0.409600
0.329600
0.171200
0.420800
0.302400
0.398400
0.568000
0.398400
0.396800
0.518400
0.491200
0.529600
0.347200
0.262400
0.462400
0.382400
0.387200
0.436800
0.539200
0.403200
0.468800
0.336000
0.428800
0.406400
0.504000
0.379200
0.478400
0.313600
0.425600
0.480000
0.409600
0.331200
0.555200
0.500800
0.561600
0.432000
0.392000
0.451200
0.539200
0.497600
0.518400
0.563200
0.409600
0.361600
0.500800
0.563200
0.406400
0.478400
0.260800
0.529600
0.473600
0.452800
0.387200
0.374400
0.515200
0.540800
0.404800
0.291200
0.441600
0.323200
0.457600
0.430400
0.403200
0.523200
0.428800
0.382400
0.512000
0.384000
0.556800
0.587200
0.472000
0.406400
0.480000
0.443200
0.401600
0.456000
0.387200
0.372800
0.492800
0.438400
0.299200
0.390400
0.339200
0.520000
0.449600
0.348800
0.416000
0.390400
0.446400
0.508800
0.395200
0.446400
0.440000
0.424000
0.476800
0.376000
0.390400
0.473600
0.294400
0.393600
0.520000
0.340800
0.374400
0.459200
0.388800
0.321600
0.449600
0.476800
0.424000
0.424000
0.336000
0.473600
0.337600
0.489600
0.438400
0.561600
0.446400
0.510400
0.324800
0.443200
0.470400
0.492800
0.480000
0.358400
0.387200
0.576000
0.328000
0.492800
0.400000
0.510400
0.516800
0.473600
0.430400
0.352000
0.334400
0.339200
0.454400
0.496000
0.446400
0.347200
0.396800
0.539200
0.460800
0.513600
0.500800
0.412800
0.518400
0.416000
0.384000
0.412800
0.462400
0.564800
0.452800
0.395200
0.497600
0.475200
0.529600
0.465600
0.419200
0.502400
0.462400
0.574400
0.393600
0.304000
0.356800
0.368000
0.419200
0.449600
0.414400
0.467200
0.404800
0.425600
0.408000
0.340800
0.424000
0.403200
0.304000
0.331200
0.374400
0.440000
0.467200
0.305600
0.364800
0.395200
0.371200
0.499200
0.523200
0.347200
0.385600
0.446400
0.288000
0.438400
0.404800
0.457600
0.387200
0.369600
0.456000
0.420800
0.420800
0.600000
0.435200
0.580800
0.232000
0.419200
0.382400
0.457600
0.390400
0.384000
0.372800
0.360000
0.347200
0.281600
0.072000
0.318400
0.100800
0.278400
0.425600
0.329600
0.336000
0.217600
0.248000
0.361600
0.278400
0.361600
0.286400
0.417600
0.129600
0.321600
0.254400
0.302400
0.302400
0.217600
0.204800
0.275200
0.392000
0.302400
0.420800
0.307200
0.196800
0.388800
0.198400
0.292800
0.192000
0.168000
0.308800
0.040000
0.264000
0.230400
0.304000
0.371200
0.297600
0.292800
0.468800
0.040000
0.374400
0.324800
0.200000
0.129600
0.192000
0.281600
0.220800
0.200000
0.369600
0.254400
0.379200
0.078400
0.291200
0.257600
0.244800
0.284800
0.304000
0.396800
0.160000
0.296000
0.056000
0.129600
0.459200
0.384000
0.372800
0.345600
0.310400
0.129600
0.254400
0.297600
0.329600
0.192000
0.369600
0.316800
0.390400
0.100800
0.289600
0.267200
0.348800
0.296000
0.454400
0.238400
0.326400
0.224000
0.294400
0.395200
0.267200
0.243200
0.264000
0.291200
0.251200
0.180800
0.324800
0.363200
0.374400
0.233600
0.056000
0.347200
0.241600
0.323200
0.227200
0.236800
0.374400
0.299200
0.334400
0.238400
0.334400
0.257600
0.257600
0.256000
0.419200
0.129600
0.408000
0.115200
0.276800
0.100800
0.220800
0.408000
0.222400
0.192000
0.249600
0.249600
0.172800
0.328000
0.286400
0.220800
0.172800
0.209600
0.129600
0.176000
0.403200
0.168000
0.150400
0.313600
0.392000
0.190400
0.129600
0.132800
0.476800
0.235200
0.398400
0.220800
0.328000
0.251200
0.308800
0.347200
0.318400
0.433600
0.313600
0.457600
0.072000
0.280000
0.100800
0.056000
0.318400
0.212800
0.411200
0.241600
0.403200
0.188800
0.304000
0.168000
0.232000
0.288000
0.270400
0.422400
0.411200
0.358400
0.276800
0.384000
0.230400
0.286400
0.409600
0.395200
0.200000
0.388800
0.129600
0.163200
0.320000
0.393600
0.158400
0.257600
0.369600
0.120000
0.072000
0.395200
0.225600
0.299200
0.129600
0.307200
0.225600
0.273600
0.289600
0.355200
0.358400
0.235200
0.230400
0.224000
0.212800
0.379200
0.321600
0.198400
0.320000
0.264000
0.224000
0.280000
0.360000
0.248000
0.310400
0.358400
0.348800
0.340800
0.129600
0.366400
0.270400
0.100800
0.350400
0.233600
0.216000
0.297600
0.384000
0.302400
0.395200
0.278400
0.280000
0.177600
0.129600
0.419200
0.200000
0.100800
0.318400
0.388800
0.201600
0.270400
0.251200
0.270400
0.280000
0.198400
0.252800
0.168000
0.233600
0.315200
0.305600
0.134400
0.443200
0.265600
0.371200
0.385600
0.372800
0.195200
0.307200
0.180800
0.336000
0.206400
0.248000
0.360000
0.313600
0.323200
0.289600
0.337600
0.208000
0.078400
0.252800
0.356800
0.100800
0.292800
0.216000
0.336000
0.318400
0.323200
0.152000
0.366400
0.260800
0.211200
0.152000
0.353600
0.193600
0.270400
0.278400
0.190400
0.300800
0.340800
0.297600
0.382400
0.100800
0.232000
0.164800
0.225600
0.332800
0.334400
0.100800
0.334400
0.198400
0.324800
0.446400
0.332800
0.187200
0.078400
0.369600
0.356800
0.281600
0.513600
0.220800
0.276800
0.316800
0.200000
0.372800
0.337600
0.230400
0.424000
0.155200
0.251200
0.364800
0.193600
0.214400
0.331200
0.328000
0.172800
0.360000
0.324800
0.254400
0.284800
0.321600
0.315200
0.108800
0.425600
0.419200
0.312000
0.270400
0.252800
0.276800
0.056000
0.195200
0.404800
0.126400
0.452800
0.168000
0.201600
0.264000
0.235200
0.251200
0.312000
0.262400
0.337600
0.260800
0.129600
0.264000
0.256000
0.379200
0.296000
0.193600
0.254400
0.100800
0.398400
0.340800
0.177600
0.265600
0.297600
0.179200
0.212800
0.334400
0.219200
0.348800
0.265600
0.332800
0.184000
0.355200
0.160000
0.216000
0.184000
0.129600
0.129600
0.209600
0.408000
0.372800
0.348800
0.406400
0.235200
0.216000
0.292800
0.180800
0.310400
0.257600
0.212800
0.100800
0.289600
0.379200
0.419200
0.323200
0.252800
0.424000
0.164800
0.334400
0.249600
0.468800
0.364800
0.275200
0.256000
0.280000
0.129600
0.259200
0.316800
0.286400
0.369600
0.358400
0.203200
0.208000
0.188800
0.129600
0.072000
0.260800
0.297600
0.428800
0.259200
0.244800
0.275200
0.217600
0.353600
0.230400
0.240000
0.374400
0.355200
0.196800
0.302400
0.166400
0.315200
0.273600
0.236800
0.158400
0.281600
0.227200
0.270400
0.339200
0.214400
0.289600
0.201600
0.321600
0.147200
0.329600
0.280000
0.233600
0.289600
0.308800
0.248000
0.291200
0.288000
0.235200
0.395200
0.353600
0.352000
0.332800
0.355200
0.272000
0.206400
0.308800
0.310400
0.100800
0.323200
0.273600
0.211200
0.320000
0.340800
0.072000
0.257600
0.268800
0.292800
0.430400
0.260800
0.392000
0.120000
0.211200
0.440000
0.230400
0.249600
0.329600
0.177600
0.179200
0.164800
0.339200
0.078400
0.188800
0.331200
0.196800
0.184000
0.337600
0.300800
0.376000
0.254400
0.248000
0.352000
0.292800
0.267200
0.356800
0.364800
0.331200
0.324800
0.238400
0.435200
0.307200
0.211200
0.324800
0.072000
0.129600
0.179200
0.275200
0.264000
0.129600
0.192000
0.072000
0.260800
0.281600
0.243200
0.217600
0.288000
0.353600
0.254400
0.208000
0.254400
0.177600
0.315200
0.299200
0.430400
0.169600
0.328000
0.256000
0.100800
0.227200
0.302400
0.268800
0.329600
0.372800
0.288000
0.257600
0.200000
0.132800
0.350400
0.190400
0.248000
0.369600
0.160000
0.139200
0.414400
0.347200
0.393600
0.424000
0.316800
0.241600
0.228800
0.155200
0.182400
0.214400
0.278400
0.318400
0.252800
0.174400
0.291200
0.291200
0.211200
0.300800
0.166400
0.312000
0.305600
0.192000
0.300800
0.161600
0.334400
0.342400
0.300800
0.251200
0.305600
0.238400
0.040000
0.198400
0.280000
0.348800
0.228800
0.448000
0.281600
0.267200
0.193600
0.267200
0.216000
0.259200
0.358400
0.360000
0.156800
0.292800
0.241600
0.454400
0.286400
0.264000
0.441600
0.329600
0.262400
0.324800
0.129600
0.267200
0.323200
0.056000
0.264000
0.296000
0.321600
0.286400
0.228800
0.334400
0.356800
0.371200
0.228800
0.192000
0.249600
0.252800
0.364800
0.254400
0.248000
0.264000
0.312000
0.280000
0.182400
0.315200
0.336000
0.283200
0.289600
0.254400
0.401600
0.129600
0.340800
0.268800
0.353600
0.297600
0.072000
0.214400
0.292800
0.355200
0.288000
0.262400
0.268800
0.384000
0.211200
0.100800
0.278400
0.438400
0.203200
0.275200
0.217600
0.100800
0.420800
0.256000
0.244800
0.100800
0.169600
0.241600
0.356800
0.307200
0.100800
0.462400
0.406400
0.313600
0.168000
0.387200
0.292800
0.305600
0.430400
0.356800
0.304000
0.129600
0.254400
0.244800
0.316800
0.230400
0.315200
0.452800
0.230400
0.212800
0.174400
0.315200
0.292800
0.438400
0.313600
0.385600
0.305600
0.441600
0.294400
0.264000
0.299200
0.304000
0.318400
0.347200
0.286400
0.329600
0.238400
0.204800
0.345600
0.308800
0.344000
0.300800
0.289600
0.230400
0.433600
0.387200
0.243200
0.184000
0.260800
0.145600
0.384000
0.240000
0.256000
0.318400
0.454400
0.286400
0.180800
0.393600
0.236800
0.196800
0.208000
0.182400
0.331200
0.283200
0.267200
0.056000
0.196800
0.145600
0.040000
0.392000
0.072000
0.156800
0.345600
0.299200
0.204800
0.142400
0.336000
0.408000
0.129600
0.323200
0.377600
0.268800
0.388800
0.369600
0.243200
0.128000
0.211200
0.281600
0.369600
0.289600
0.184000
0.200000
0.296000
0.353600
0.278400
0.384000
0.302400
0.315200
0.280000
0.323200
0.339200
0.180800
0.206400
0.254400
0.225600
0.244800
0.467200
0.267200
0.356800
0.396800
0.299200
0.353600
0.288000
0.129600
0.254400
0.158400
0.265600
0.296000
0.238400
0.211200
0.182400
0.329600
0.376000
0.238400
0.222400
0.424000
0.233600
0.273600
0.286400
0.289600
0.280000
0.251200
0.072000
0.110400
0.129600
0.323200
0.270400
0.241600
0.345600
0.129600
0.379200
0.379200
0.315200
0.273600
0.443200
0.219200
0.176000
0.278400
0.078400
0.148800
0.331200
0.420800
0.270400
0.291200
0.348800
0.286400
0.188800
0.272000
0.259200
0.176000
0.353600
0.163200
0.283200
0.134400
0.377600
0.072000
0.260800
0.372800
0.204800
0.292800
0.347200
0.200000
0.195200
0.227200
0.100800
0.100800
0.387200
0.284800
0.240000
0.316800
0.246400
0.182400
0.204800
0.315200
0.152000
0.243200
0.100800
0.387200
0.372800
0.100800
0.398400
0.174400
0.233600
0.100800
0.129600
0.272000
0.318400
0.408000
0.340800
0.268800
0.363200
0.220800
0.419200
0.259200
0.417600
0.348800
0.203200
0.100800
0.302400
0.224000
0.169600
0.228800
0.395200
0.276800
0.324800
0.324800
0.300800
0.316800
0.078400
0.278400
0.305600
0.134400
0.294400
0.182400
0.243200
0.299200
0.262400
0.078400
0.310400
0.286400
0.260800
0.334400
0.414400
0.291200
0.427200
0.280000
0.185600
0.225600
0.283200
0.336000
0.265600
0.321600
0.364800
0.259200
0.324800
0.337600
0.283200
0.284800
0.244800
0.211200
0.345600
0.344000
0.350400
0.129600
0.300800
0.422400
0.377600
0.100800
0.278400
0.372800
0.435200
0.379200
0.286400
0.256000
0.072000
0.196800
0.312000
0.355200
0.308800
0.056000
0.056000
0.313600
0.368000
0.100800
0.275200
0.392000
0.265600
0.332800
0.220800
0.235200
0.328000
0.265600
0.379200
0.251200
0.246400
0.259200
0.214400
0.380800
0.249600
0.260800
0.403200
0.241600
0.254400
0.411200
0.236800
0.259200
0.256000
0.396800
0.361600
0.312000
0.342400
0.249600
0.329600
0.172800
0.182400
0.358400
0.323200
0.072000
0.339200
0.185600
0.196800
0.238400
0.056000
0.072000
0.396800
0.150400
0.321600
0.196800
0.233600
0.396800
0.262400
0.484800
0.238400
0.382400
0.345600
0.214400
0.100800
0.248000
0.168000
0.356800
0.313600
0.254400
0.417600
0.137600
0.337600
0.193600
0.326400
0.193600
0.056000
0.313600
0.056000
0.283200
0.294400
0.168000
0.233600
0.265600
0.368000
0.316800
0.411200
0.310400
0.206400
0.172800
0.174400
0.128000
0.260800
0.078400
0.291200
0.292800
0.332800
0.369600
0.448000
0.289600
0.304000
0.443200
0.345600
0.243200
0.296000
0.177600
0.268800
0.297600
0.244800
0.454400
0.324800
0.313600
0.353600
0.100800
0.225600
0.251200
0.260800
0.112000
0.348800
0.056000
0.214400
0.140800
0.100800
0.291200
0.302400
0.230400
0.304000
0.100800
0.192000
0.171200
0.184000
0.144000
0.206400
0.078400
0.313600
0.283200
0.340800
0.355200
0.244800
0.273600
0.344000
0.307200
0.145600
0.219200
0.329600
0.153600
0.337600
0.078400
0.192000
0.398400
0.315200
0.436800
0.100800
0.148800
0.350400
0.137600
0.273600
0.281600
0.177600
0.265600
0.134400
0.100800
0.184000
0.377600
0.184000
0.252800
0.356800
0.288000
0.249600
0.281600
0.382400
0.169600
0.347200
0.342400
0.316800
0.350400
0.195200
0.387200
0.404800
0.265600
0.388800
0.243200
0.228800
0.236800
0.254400
0.347200
0.228800
0.276800
0.302400
0.299200
0.072000
0.262400
0.326400
0.160000
0.246400
0.305600
0.156800
0.219200
0.252800
0.254400
0.262400
0.225600
0.291200
0.257600
0.414400
0.329600
0.345600
0.313600
0.308800
0.401600
0.227200
0.241600
0.100800
0.284800
0.350400
0.286400
0.321600
0.208000
0.432000
0.147200
0.156800
0.251200
0.254400
0.348800
0.371200
0.299200
0.448000
0.299200
0.257600
0.164800
0.369600
0.283200
0.137600
0.379200
0.278400
0.244800
0.100800
0.100800
0.398400
0.380800
0.262400
0.340800
0.374400
0.267200
0.280000
0.411200
0.230400
0.350400
0.355200
0.286400
0.286400
0.294400
0.281600
0.323200
0.100800
0.286400
0.339200
0.228800
0.345600
0.220800
0.304000
0.100800
0.336000
0.318400
0.268800
0.163200
0.153600
0.416000
0.100800
0.262400
0.284800
0.188800
0.268800
0.313600
0.188800
0.195200
0.291200
0.264000
0.363200
0.384000
0.411200
0.348800
0.448000
0.100800
0.100800
0.235200
0.227200
0.331200
0.292800
0.334400
0.129600
0.100800
0.243200
0.219200
0.316800
0.233600
0.422400
0.401600
0.334400
0.233600
0.107200
0.161600
0.251200
0.369600
0.273600
0.227200
0.313600
0.382400
0.190400
0.193600
0.260800
0.297600
0.216000
0.328000
0.158400
0.374400
0.460800
0.193600
0.208000
0.436800
0.326400
0.254400
0.129600
0.425600
0.251200
0.129600
0.267200
0.232000
0.264000
0.366400
0.392000
0.152000
0.356800
0.129600
0.224000
0.331200
0.233600
0.292800
0.363200
0.139200
0.353600
0.072000
0.172800
0.372800
0.409600
0.270400
0.180800
0.163200
0.355200
0.360000
0.334400
0.260800
0.382400
0.148800
0.280000
0.185600
0.248000
0.072000
0.113600
0.200000
0.145600
0.288000
0.232000
0.356800
0.296000
0.385600
0.184000
0.211200
0.305600
0.297600
0.256000
0.339200
0.312000
0.193600
0.185600
0.219200
0.374400
0.188800
0.276800
0.072000
0.192000
0.364800
0.312000
0.284800
0.129600
0.148800
0.444800
0.403200
0.248000
0.428800
0.446400
0.227200
0.233600
0.300800
0.232000
0.267200
0.136000
0.390400
0.382400
0.198400
0.188800
0.222400
0.275200
0.380800
0.132800
0.308800
0.342400
0.337600
0.244800
0.424000
0.248000
0.304000
0.369600
0.392000
0.275200
0.372800
0.273600
0.446400
0.286400
0.241600
0.244800
0.272000
0.195200
0.243200
0.340800
0.393600
0.204800
0.289600
0.180800
0.100800
0.254400
0.260800
0.240000
0.188800
0.246400
0.419200
0.100800
0.216000
0.100800
0.307200
0.276800
0.129600
0.337600
0.040000
0.145600
0.422400
0.355200
0.217600
0.182400
0.340800
0.224000
0.347200
0.214400
0.252800
0.212800
0.302400
0.078400
0.188800
0.278400
0.152000
0.235200
0.320000
0.404800
0.180800
0.129600
0.312000
0.300800
0.356800
0.188800
0.281600
0.409600
0.312000
0.112000
0.315200
0.124800
0.211200
0.358400
0.401600
0.328000
0.198400
0.100800
0.206400
0.204800
0.072000
0.353600
0.163200
0.296000
0.355200
0.368000
0.201600
0.340800
0.316800
0.286400
0.342400
0.212800
0.100800
0.398400
0.281600
0.457600
0.056000
0.337600
0.331200
0.243200
0.206400
0.336000
0.241600
0.291200
0.310400
0.270400
0.168000
0.313600
0.225600
0.156800
0.320000
0.300800
0.363200
0.451200
0.176000
0.252800
0.326400
0.104000
0.404800
0.278400
0.187200
0.288000
0.281600
0.388800
0.318400
0.320000
0.412800
0.208000
0.339200
0.150400
0.481600
0.353600
0.451200
0.347200
0.203200
0.196800
0.356800
0.329600
0.374400
0.270400
0.392000
0.392000
0.209600
0.153600
0.284800
0.219200
0.078400
0.368000
0.355200
0.198400
0.214400
0.364800
0.308800
0.254400
0.198400
0.360000
0.230400
0.296000
0.280000
0.219200
0.275200
0.267200
0.292800
0.209600
0.264000
0.345600
0.219200
0.355200
0.339200
0.270400
0.278400
0.387200
0.208000
0.323200
0.430400
0.232000
0.462400
0.366400
0.216000
0.179200
0.363200
0.339200
0.256000
0.100800
0.078400
0.326400
0.283200
0.286400
0.449600
0.308800
0.276800
0.345600
0.152000
0.276800
0.100800
0.248000
0.331200
0.326400
0.179200
0.072000
0.216000
0.356800
0.392000
0.329600
0.363200
0.182400
0.336000
0.203200
0.286400
0.142400
0.315200
0.182400
0.193600
0.155200
0.385600
0.238400
0.286400
0.323200
0.248000
0.188800
0.072000
0.409600
0.284800
0.454400
0.372800
0.251200
0.232000
0.254400
0.228800
0.337600
0.312000
0.326400
0.340800
0.072000
0.139200
0.289600
0.100800
0.280000
0.355200
0.252800
0.404800
0.401600
0.315200
0.100800
0.251200
0.443200
0.318400
0.228800
0.262400
0.382400
0.129600
0.040000
0.300800
0.252800
0.216000
0.366400
0.246400
0.262400
0.424000
0.174400
0.174400
0.395200
0.265600
0.488000
0.438400
0.400000
0.412800
0.238400
0.430400
0.347200
0.291200
0.302400
0.312000
0.291200
0.291200
0.251200
0.334400
0.348800
0.326400
0.217600
0.264000
0.264000
0.337600
0.171200
0.200000
0.337600
0.371200
0.356800
0.078400
0.196800
0.371200
0.270400
0.424000
0.257600
0.430400
0.315200
0.273600
0.182400
0.278400
0.424000
0.238400
0.206400
0.393600
0.318400
0.424000
0.152000
0.171200
0.208000
0.281600
0.230400
0.353600
0.214400
0.257600
0.348800
0.190400
0.182400
0.289600
0.360000
0.236800
0.377600
0.300800
0.257600
0.318400
0.212800
0.280000
0.168000
0.342400
0.195200
0.209600
0.235200
0.294400
0.203200
0.078400
0.337600
0.265600
0.241600
0.100800
0.416000
0.376000
0.176000
0.184000
0.296000
0.156800
0.331200
0.436800
0.321600
0.240000
0.468800
0.280000
0.171200
0.326400
0.040000
0.225600
0.230400
0.161600
0.235200
0.380800
0.324800
0.302400
0.369600
0.164800
0.289600
0.350400
0.334400
0.100800
0.236800
0.248000
0.280000
0.100800
0.241600
0.408000
0.302400
0.278400
0.256000
0.361600
0.040000
0.171200
0.331200
0.300800
0.166400
0.355200
0.212800
0.100800
0.072000
0.363200
0.281600
0.353600
0.299200
0.270400
0.364800
0.299200
0.212800
0.337600
0.361600
0.252800
0.361600
0.140800
0.385600
0.380800
0.212800
0.296000
0.251200
0.129600
0.339200
0.308800
0.264000
0.129600
0.374400
0.161600
0.244800
0.337600
0.268800
0.427200
0.312000
0.275200
0.296000
0.382400
0.072000
0.424000
0.198400
0.195200
0.398400
0.385600
0.368000
0.217600
0.296000
0.262400
0.212800
0.371200
0.417600
0.265600
0.320000
0.129600
0.310400
0.323200
0.297600
0.161600
0.388800
0.310400
0.163200
0.240000
0.254400
0.376000
0.136000
0.196800
0.352000
0.145600
0.401600
0.225600
0.100800
0.227200
0.308800
0.248000
0.056000
0.403200
0.136000
0.310400
0.312000
0.193600
0.201600
0.371200
0.230400
0.342400
0.420800
0.232000
0.376000
0.249600
0.204800
0.276800
0.129600
0.300800
0.356800
0.340800
0.257600
0.379200
0.395200
0.329600
0.339200
0.398400
0.177600
0.294400
0.414400
0.347200
0.249600
0.428800
0.155200
0.100800
0.304000
0.208000
0.209600
0.472000
0.072000
0.387200
0.246400
0.342400
0.339200
0.180800
0.313600
0.128000
0.289600
0.228800
0.286400
0.233600
0.376000
0.100800
0.315200
0.275200
0.416000
0.382400
0.198400
0.339200
0.296000
0.281600
0.305600
0.286400
0.337600
0.246400
0.145600
0.267200
0.363200
0.348800
0.454400
0.304000
0.334400
0.360000
0.257600
0.193600
0.171200
0.276800
0.243200
0.288000
0.072000
0.361600
0.281600
0.340800
0.324800
0.072000
0.379200
0.264000
0.300800
0.220800
0.310400
0.430400
0.336000
0.265600
0.187200
0.220800
0.304000
0.240000
0.358400
0.100800
0.350400
0.193600
0.129600
0.283200
0.217600
0.100800
0.339200
0.235200
0.280000
0.259200
0.264000
0.219200
0.078400
0.371200
0.334400
0.129600
0.265600
0.286400
0.220800
0.296000
0.211200
0.339200
0.248000
0.256000
0.332800
0.251200
0.430400
0.312000
0.100800
0.337600
0.224000
0.382400
0.190400
0.256000
0.056000
0.355200
0.444800
0.363200
0.248000
0.265600
0.208000
0.256000
0.281600
0.078400
0.129600
0.385600
0.056000
0.408000
0.296000
0.203200
0.072000
0.305600
0.299200
0.337600
0.326400
0.211200
0.235200
0.288000
0.291200
0.364800
0.236800
0.262400
0.408000
0.145600
0.396800
0.208000
0.329600
0.382400
0.195200
0.300800
0.328000
0.403200
0.243200
0.424000
0.376000
0.100800
0.425600
0.329600
0.216000
0.193600
0.281600
0.129600
0.396800
0.195200
0.193600
0.222400
0.132800
0.216000
0.371200
0.251200
0.278400
0.217600
0.331200
0.307200
0.129600
0.214400
0.100800
0.174400
0.318400
0.316800
0.260800
0.473600
0.320000
0.308800
0.254400
0.340800
0.372800
0.296000
0.356800
0.278400
0.249600
0.204800
0.289600
0.321600
0.411200
0.376000
0.363200
0.273600
0.457600
0.278400
0.416000
0.337600
0.153600
0.172800
0.262400
0.416000
0.336000
0.217600
0.217600
0.276800
0.160000
0.260800
0.307200
0.297600
0.240000
0.323200
0.288000
0.216000
0.332800
0.281600
0.345600
0.321600
0.267200
0.270400
0.072000
0.284800
0.056000
0.371200
0.262400
0.238400
0.372800
0.262400
0.316800
0.316800
0.244800
0.312000
0.364800
0.350400
0.398400
0.168000
0.123200
0.436800
0.307200
0.100800
0.300800
0.219200
0.300800
0.369600
0.352000
0.281600
0.400000
0.393600
0.195200
0.313600
0.446400
0.379200
0.190400
0.244800
0.316800
0.129600
0.206400
0.340800
0.248000
0.040000
0.281600
0.457600
0.414400
0.403200
0.384000
0.224000
0.177600
0.329600
0.470400
0.297600
0.326400
0.272000
0.372800
0.393600
0.312000
0.241600
0.193600
0.072000
0.291200
0.294400
0.361600
0.251200
0.312000
0.320000
0.276800
0.246400
0.040000
0.299200
0.307200
0.208000
0.219200
0.248000
0.235200
0.252800
0.371200
0.284800
0.129600
0.283200
0.432000
0.268800
0.382400
0.270400
0.291200
0.348800
0.358400
0.337600
0.222400
0.072000
0.329600
0.235200
0.348800
0.260800
0.246400
0.372800
0.056000
0.072000
0.395200
0.100800
0.152000
0.243200
0.390400
0.187200
0.192000
0.345600
0.145600
0.272000
0.248000
0.435200
0.345600
0.299200
0.129600
0.056000
0.262400
0.323200
0.152000
0.220800
0.206400
0.342400
0.417600
0.427200
0.294400
0.262400
0.187200
0.364800
0.379200
0.331200
0.264000
0.227200
0.374400
0.174400
0.216000
0.395200
0.169600
0.404800
0.193600
0.345600
0.401600
0.129600
0.272000
0.260800
0.329600
0.377600
0.072000
0.056000
0.291200
0.129600
0.201600
0.260800
0.288000
0.233600
0.318400
0.388800
0.371200
0.356800
0.219200
0.238400
0.451200
0.348800
0.148800
0.329600
0.348800
0.304000
0.387200
0.286400
0.451200
0.291200
0.288000
0.171200
0.374400
0.312000
0.337600
0.160000
0.249600
0.339200
0.040000
0.360000
0.302400
0.228800
0.388800
0.305600
0.284800
0.427200
0.382400
0.308800
0.121600
0.201600
0.217600
0.316800
0.211200
0.244800
0.152000
0.307200
0.280000
0.331200
0.100800
0.225600
0.284800
0.244800
0.292800
0.214400
0.385600
0.270400
0.209600
0.257600
0.244800
0.457600
0.056000
0.414400
0.236800
0.270400
0.193600
0.184000
0.262400
0.388800
0.100800
0.171200
0.198400
0.243200
0.390400
0.398400
0.260800
0.284800
0.176000
0.244800
0.361600
0.356800
0.131200
0.252800
0.254400
0.260800
0.358400
0.302400
0.331200
0.315200
0.363200
0.331200
0.128000
0.316800
0.352000
0.384000
0.252800
0.284800
0.100800
0.332800
0.305600
0.275200
0.208000
0.360000
0.328000
0.072000
0.248000
0.249600
0.360000
0.256000
0.456000
0.161600
0.472000
0.414400
0.296000
0.315200
0.376000
0.164800
0.209600
0.249600
0.312000
0.280000
0.288000
0.198400
0.328000
0.257600
0.273600
0.305600
0.217600
0.236800
0.171200
0.292800
0.411200
0.283200
0.246400
0.179200
0.206400
0.260800
0.326400
0.203200
0.321600
0.387200
0.412800
0.040000
0.251200
0.158400
0.302400
0.140800
0.289600
0.404800
0.248000
0.404800
0.040000
0.195200
0.273600
0.414400
0.409600
0.428800
0.129600
0.329600
0.336000
0.166400
0.222400
0.208000
0.340800
0.100800
0.241600
0.240000
0.371200
0.315200
0.192000
0.169600
0.272000
0.329600
0.307200
0.056000
0.467200
0.100800
0.323200
0.302400
0.100800
0.315200
0.243200
0.302400
0.377600
0.382400
0.284800
0.358400
0.251200
0.166400
0.350400
0.072000
0.195200
0.100800
0.184000
0.220800
0.235200
0.307200
0.316800
0.377600
0.265600
0.412800
0.312000
0.376000
0.364800
0.291200
0.382400
0.363200
0.148800
0.390400
0.347200
0.078400
0.264000
0.153600
0.296000
0.235200
0.169600
0.238400
0.374400
0.347200
0.411200
0.235200
0.217600
0.385600
0.249600
0.100800
0.380800
0.238400
0.488000
0.340800
0.129600
0.254400
0.134400
0.249600
0.376000
0.107200
0.352000
0.259200
0.403200
0.339200
0.182400
0.267200
0.225600
0.352000
0.236800
0.254400
0.100800
0.326400
0.236800
0.299200
0.321600
0.324800
0.256000
0.219200
0.385600
0.145600
0.329600
0.140800
0.280000
0.243200
0.254400
0.392000
0.321600
0.425600
0.355200
0.380800
0.393600
0.352000
0.393600
0.145600
0.344000
0.204800
0.240000
0.329600
0.356800
0.214400
0.403200
0.145600
0.212800
0.299200
0.292800
0.240000
0.464000
0.329600
0.300800
0.329600
0.129600
0.406400
0.313600
0.171200
0.203200
0.334400
0.072000
0.400000
0.249600
0.324800
0.288000
0.267200
0.299200
0.220800
0.238400
0.100800
0.227200
0.204800
0.387200
0.377600
0.056000
0.227200
0.251200
0.078400
0.254400
0.323200
0.211200
0.291200
0.278400
0.233600
0.352000
0.369600
0.385600
0.192000
0.072000
0.268800
0.270400
0.286400
0.072000
0.241600
0.192000
0.072000
0.240000
0.260800
0.273600
0.374400
0.281600
0.360000
0.435200
0.320000
0.316800
0.390400
0.262400
0.268800
