0.523861
0.526122
0.532668
0.529719
0.530340
0.531028
0.526162
0.529640
0.531240
0.525461
0.532099
0.525792
0.529071
0.522936
0.530486
0.530089
0.520688
0.528370
0.527683
0.518559
0.526307
0.525025
0.522869
0.524007
0.524668
0.522830
0.535921
0.523980
0.529666
0.518056
0.529150
0.522486
0.517091
0.508060
0.529706
0.526043
0.520820
0.520939
0.527127
0.530036
0.529415
0.529283
0.524483
0.532588
0.520727
0.532179
0.528516
0.529772
0.525276
0.536939
0.527114
0.524602
0.523940
0.529878
0.521441
0.530539
0.526215
0.517739
0.529997
0.524641
0.531319
0.527617
0.523755
0.523160
0.528238
0.526585
0.531597
0.518545
0.523636
0.520489
0.526479
0.530592
0.531914
0.522883
0.518360
0.531319
0.523808
0.531345
0.525157
0.526413
0.537164
0.521309
0.531623
0.535564
0.529547
0.523412
0.528952
0.521732
0.529679
0.519458
0.525144
0.525421
0.521931
0.527550
0.518228
0.523954
0.527947
0.523464
0.523385
0.531835
0.523187
0.523702
0.524919
0.535669
0.524522
0.532456
0.524787
0.525236
0.528569
0.517421
0.524430
0.528833
0.513375
0.523967
0.521772
0.525633
0.527273
0.526757
0.526810
0.534215
0.522063
0.527828
0.529653
0.526717
0.527458
0.525197
0.510876
0.529349
0.519683
0.522817
0.531808
0.519431
0.523795
0.522962
0.522936
0.527630
0.518334
0.524337
0.524218
0.534374
0.535326
0.537428
0.519220
0.516694
0.528489
0.522142
0.517342
0.526797
0.525461
0.528198
0.531412
0.522645
0.533567
0.528754
0.525382
0.528436
0.527379
0.525117
0.531464
0.531570
0.520476
0.523702
0.525514
0.536145
0.533950
0.531147
0.530896
0.527074
0.529177
0.525593
0.521798
0.524377
0.525620
0.523200
0.526096
0.529626
0.517646
0.524959
0.522182
0.526056
0.521679
0.522579
0.534493
0.527008
0.522975
0.537322
0.527855
0.525342
0.528502
0.533369
0.527365
0.519788
0.529441
0.529388
0.534598
0.533461
0.520317
0.523041
0.526387
0.524945
0.521693
0.525607
0.534043
0.530380
0.527154
0.522658
0.537732
0.521560
0.528397
0.518506
0.521613
0.532126
0.532694
0.527299
0.520873
0.522618
0.532377
0.527061
0.526043
0.521772
0.526532
0.524549
0.518043
0.512886
0.521745
0.523954
0.519180
0.527260
0.525699
0.530658
0.526757
0.529296
0.523279
0.527749
0.530076
0.527088
0.523464
0.533660
0.518188
0.529005
0.533329
0.527458
0.527987
0.516364
0.531134
0.521904
0.523716
0.538340
0.523980
0.528383
0.525858
0.529931
0.524562
0.521217
0.526559
0.527669
0.528648
0.530750
0.527127
0.526506
0.534493
0.519855
0.521111
0.518889
0.528053
0.531412
0.521679
0.529018
0.535696
0.525805
0.521693
0.524972
0.525514
0.523174
0.520992
0.525355
0.527008
0.524588
0.531610
0.529375
0.524245
0.534043
0.523927
0.524734
0.519894
0.516826
0.525210
0.529164
0.530869
0.525395
0.523636
0.527987
0.529772
0.524760
0.529190
0.523319
0.524853
0.531226
0.526810
0.532086
0.523345
0.531610
0.519550
0.518691
0.524443
0.520159
0.532192
0.522698
0.535722
0.524165
0.524112
0.532179
0.526704
0.520807
0.521494
0.526188
0.526559
0.526731
0.524192
0.527021
0.516747
0.534083
0.523107
0.536331
0.525673
0.523398
0.531041
0.533289
0.522936
0.531676
0.525752
0.529693
0.530579
0.519617
0.519511
0.527974
0.536463
0.527273
0.531398
0.534136
0.532126
0.528635
0.523385
0.535312
0.525673
0.523279
0.529560
0.537838
0.529521
0.526307
0.528767
0.518863
0.530565
0.520370
0.528502
0.528939
0.535299
0.530248
0.530552
0.524337
0.534638
0.525633
0.526876
0.529098
0.530962
0.520026
0.517540
0.530949
0.523980
0.518202
0.516522
0.524959
0.526572
0.533527
0.526360
0.525091
0.525567
0.528886
0.531134
0.522076
0.526823
0.524668
0.522393
0.528873
0.534228
0.523795
0.538843
0.528807
0.524364
0.528502
0.526347
0.524469
0.533289
0.513719
0.520053
0.529203
0.528251
0.522036
0.525078
0.521957
0.541580
0.525620
0.530698
0.529745
0.525117
0.525818
0.524337
0.531438
0.532774
0.528053
0.526426
0.522248
0.518400
0.530050
0.524813
0.527974
0.525911
0.522063
0.519352
0.520172
0.522777
0.535048
0.529005
0.530552
0.517620
0.519101
0.529177
0.519140
0.528397
0.526559
0.518836
0.524707
0.515094
0.525950
0.525726
0.522261
0.527431
0.521957
0.532959
0.532298
0.520926
0.522592
0.521521
0.537005
0.526744
0.535379
0.523398
0.526969
0.536793
0.536965
0.520740
0.528873
0.530142
0.521283
0.524536
0.518850
0.523954
0.529785
0.520555
0.535312
0.514407
0.529534
0.525448
0.528740
0.521785
0.518744
0.528912
0.516681
0.525355
0.530129
0.531332
0.534294
0.518030
0.521349
0.521164
0.518612
0.528727
0.530790
0.521970
0.530129
0.521362
0.530579
0.524192
0.530446
0.527471
0.527154
0.520965
0.531676
0.528582
0.525831
0.517977
0.532734
0.526149
0.522314
0.534400
0.527286
0.521812
0.527484
0.528529
0.523359
0.523306
0.528423
0.529666
0.531266
0.523583
0.524800
0.524456
0.528807
0.520992
0.525818
0.523464
0.521983
0.529269
0.535114
0.527008
0.522380
0.525990
0.528423
0.527603
0.525818
0.527180
0.526003
0.534942
0.522724
0.528159
0.529970
0.523531
0.526334
0.532509
0.519418
0.523041
0.528040
0.534440
0.532403
0.523200
0.529124
0.526625
0.523927
0.532377
0.527339
0.529296
0.526453
0.520926
0.531636
0.531319
0.511167
0.525144
0.527841
0.516231
0.517779
0.519167
0.532456
0.531769
0.525660
0.529309
0.531808
0.519431
0.525183
0.530327
0.522658
0.524020
0.525170
0.519987
0.531266
0.524985
0.516575
0.530777
0.534241
0.529732
0.532840
0.527180
0.524298
0.528278
0.530645
0.534823
0.528317
0.532760
0.526202
0.523028
0.527088
0.525223
0.529825
0.522420
0.516509
0.525355
0.522526
0.532760
0.521296
0.523993
0.524998
0.535458
0.522698
0.531702
0.534056
0.533990
0.530076
0.532840
0.524588
0.531425
0.529468
0.517739
0.530446
0.524509
0.525792
0.515570
0.531769
0.534096
0.536159
0.532430
0.523306
0.522195
0.529203
0.522711
0.523901
0.516734
0.530102
0.518625
0.521177
0.521362
0.526783
0.522182
0.527722
0.525660
0.531041
0.525170
0.524179
0.531464
0.525488
0.527445
0.530182
0.513111
0.523015
0.531491
0.541104
0.534493
0.529362
0.528621
0.534307
0.528674
0.517421
0.528912
0.529653
0.526493
0.529455
0.528383
0.537296
0.527788
0.523650
0.528212
0.525302
0.528502
0.530314
0.527431
0.530142
0.517064
0.531517
0.519643
0.529600
0.529851
0.522883
0.529970
0.523266
0.525421
0.527855
0.533712
0.523107
0.530169
0.531385
0.532721
0.527326
0.520740
0.529428
0.532628
0.522883
0.521111
0.518625
0.526030
0.525316
0.526307
0.519379
0.528965
0.522922
0.525818
0.526889
0.529864
0.528093
0.525435
0.535233
0.528040
0.528423
0.527471
0.518440
0.529045
0.520264
0.528502
0.524430
0.519669
0.522750
0.519524
0.525170
0.525064
0.519736
0.522790
0.521851
0.526638
0.528569
0.523464
0.527934
0.526003
0.524324
0.527048
0.533302
0.527074
0.521230
0.528000
0.522169
0.522340
0.521653
0.521468
0.532813
0.521983
0.518307
0.535048
0.526969
0.533646
