0.528396
0.526799
0.535329
0.531301
0.535779
0.532093
0.530488
0.528197
0.532169
0.534564
0.530850
0.528476
0.529265
0.528556
0.532540
0.526735
0.532842
0.526596
0.535082
0.529974
0.532763
0.527026
0.532396
0.528990
0.531775
0.529512
0.530420
0.533743
0.529878
0.527791
0.529978
0.531631
0.529293
0.533101
0.537293
0.530659
0.531671
0.528157
0.537548
0.530930
0.535890
0.527113
0.532030
0.533607
0.529472
0.534205
0.530607
0.531018
0.531333
0.527775
0.533257
0.534253
0.534659
0.530671
0.530133
0.531329
0.532755
0.537719
0.525667
0.529687
0.529113
0.532117
0.530137
0.527727
0.532368
0.532755
0.533018
0.537611
0.530918
0.527269
0.530400
0.532918
0.526376
0.533181
0.527755
0.529014
0.531922
0.531317
0.532731
0.532169
0.531026
0.531388
0.532831
0.532173
0.530412
0.532257
0.526293
0.532584
0.526524
0.528117
0.530054
0.533663
0.529392
0.527301
0.530759
0.531165
0.531440
0.532205
0.527436
0.532356
0.529910
0.534536
0.531329
0.531169
0.529615
0.532241
0.533779
0.529560
0.529890
0.532153
0.533540
0.525918
0.532898
0.531424
0.523520
0.530894
0.533301
0.533946
0.530237
0.532062
0.538803
0.531301
0.531667
0.532723
0.530090
0.530364
0.529787
0.529763
0.532835
0.533380
0.533564
0.529066
0.534313
0.536440
0.527165
0.530516
0.531129
0.532249
0.536221
0.527500
0.534862
0.534544
0.529121
0.532512
0.531042
0.526444
0.530042
0.529329
0.532105
0.526902
0.532416
0.528201
0.531771
0.533520
0.529691
0.531611
0.535086
0.530384
0.530850
0.535070
0.524954
0.527420
0.533289
0.537245
0.532807
0.527811
0.530050
0.530556
0.534751
0.531699
0.529090
0.533086
0.530241
0.532683
0.530380
0.531233
0.530990
0.532058
0.531297
0.533942
0.529520
0.531671
0.529094
0.536759
0.529755
0.530687
0.530831
0.530456
0.532109
0.529345
0.531189
0.531607
0.532958
0.529341
0.531619
0.532344
0.525098
0.532038
0.534914
0.529046
0.532034
0.533990
0.533918
0.533938
0.534986
0.530285
0.527372
0.531767
0.531635
0.529946
0.532500
0.530508
0.531835
0.532249
0.529536
0.534950
0.532153
0.536340
0.532392
0.531301
0.531488
0.530926
0.529472
0.531966
0.529631
0.530767
0.527974
0.529791
0.529687
0.529058
0.529607
0.525723
0.537420
0.529607
0.527536
0.533611
0.529408
0.526352
0.530623
0.539101
0.535436
0.526508
0.528305
0.532137
0.530703
0.533225
0.531341
0.531703
0.531783
0.527874
0.533018
0.529066
0.531803
0.530153
0.529615
0.534647
0.536333
0.531424
0.531348
0.530420
0.529380
0.531623
0.530376
0.530113
0.527261
0.533388
0.532767
0.531631
0.532141
0.532121
0.528261
0.524815
0.531352
0.525185
0.533078
0.534093
0.530348
0.533181
0.532097
0.527679
0.527062
0.533544
0.530560
0.532022
0.531105
0.528982
0.528647
0.531281
0.534317
0.533169
0.534269
0.532819
0.535229
0.530635
0.530627
0.531452
0.534615
0.530560
0.534149
0.534815
0.528990
0.532974
0.531074
0.535293
0.534735
0.533532
0.527253
0.529046
0.533631
0.531894
0.535866
0.532934
0.531117
0.525496
0.530313
0.530532
0.524998
0.531325
0.530536
0.531532
0.527843
0.533803
0.535281
0.529217
0.532209
0.537436
0.533301
0.535858
0.527345
0.530364
0.532603
0.527285
0.531376
0.532870
0.529352
0.535775
0.526882
0.526352
0.531878
0.530014
0.530846
0.533117
0.526197
0.527739
0.527659
0.535835
0.534811
0.530249
0.534117
0.533090
0.530436
0.537066
0.528161
0.524376
0.532388
0.530356
0.533221
0.532651
0.528241
0.530285
0.527556
0.528727
0.533488
0.533253
0.536109
0.530452
0.530532
0.530807
0.535408
0.527659
0.533305
0.531197
0.531070
0.527934
0.531516
0.530898
0.532783
0.533775
0.530827
0.527209
0.527337
0.533962
0.528580
0.534253
0.532066
0.531671
0.528791
0.533197
0.529309
0.532831
0.529623
0.531651
0.536074
0.531671
0.531779
0.531695
0.530588
0.532715
0.534197
0.530129
0.532488
0.525890
0.528516
0.531380
0.531360
0.535348
0.536185
0.529815
0.534193
0.531050
0.533317
0.532779
0.528711
0.533177
0.534297
0.532783
0.532739
0.532787
0.529739
0.530141
0.528201
0.528767
0.534623
0.530611
0.530926
0.531536
0.532014
0.532695
0.532560
0.529408
0.529831
0.531492
0.531791
0.530074
0.527026
0.532827
0.532197
0.531743
0.526882
0.532356
0.534416
0.526723
0.528910
0.530615
0.530317
0.532117
0.530201
0.528125
0.527476
0.530882
0.528165
0.529376
0.537552
0.529946
0.530787
0.530014
0.533113
0.525066
0.534249
0.534723
0.531225
0.533038
0.527819
0.530241
0.531528
0.531396
0.534715
0.534982
0.537536
0.531209
0.528500
0.533568
0.531384
0.530715
0.532548
0.534066
0.536018
0.533719
0.529508
0.530145
0.530368
0.531504
0.525671
0.533325
0.533436
0.537097
0.531707
0.532934
0.529273
0.534129
0.534396
0.531954
0.534193
0.534691
0.534580
0.532667
0.534380
0.533038
0.525715
0.536173
0.537344
0.526209
0.534141
0.535121
0.530655
0.525958
0.533125
0.532444
0.528018
0.529424
0.524651
0.529520
0.529213
0.529938
0.527265
0.532121
0.535556
0.533914
0.530631
0.525309
0.533229
0.534839
0.530703
0.531978
0.533177
0.528424
0.528209
0.539285
0.527950
0.531839
0.529432
0.532022
0.530846
0.529078
0.530245
0.529866
0.527241
0.534723
0.530946
0.524982
0.530898
0.534671
0.532042
0.535866
0.529974
0.529592
0.536209
0.534667
0.532046
0.531022
0.532763
0.531994
0.530846
0.532054
0.529835
0.524062
0.532970
0.533169
0.531416
0.531659
0.532902
0.528982
0.531420
0.532982
0.533882
0.530595
0.530105
0.534512
0.530739
0.528576
0.527831
0.533456
0.530986
0.532125
0.530532
0.534321
0.526508
0.527787
0.533520
0.533835
0.529584
0.530245
0.532667
0.533576
0.527850
0.535727
0.531456
0.528898
0.534576
0.533631
0.532986
0.533329
0.532560
0.534329
0.531392
0.532038
0.531468
0.526906
0.536225
0.530169
0.537823
0.528532
0.532325
0.535392
0.529464
0.532978
0.530655
0.529046
0.532715
0.532994
0.529870
0.535093
0.533739
0.528731
0.530038
0.532380
0.529592
0.527484
0.535994
0.534452
0.532823
0.532854
0.527002
0.528193
0.529564
0.529615
0.533313
0.529356
0.532014
0.527476
0.535002
0.528771
0.529046
0.528002
0.530799
0.529771
0.530731
0.529715
0.530974
0.529651
0.529129
0.535197
0.534265
0.533831
0.533344
0.531974
0.530914
0.533803
0.531137
0.528659
0.526787
0.531472
0.531870
0.530436
0.528611
0.530703
0.528564
0.535894
0.535281
0.528058
0.533090
0.531253
0.530811
0.529671
0.533305
0.528221
0.528946
0.531922
0.528364
0.536934
0.526759
0.530858
0.532050
0.535858
0.533344
0.530890
0.530946
0.530599
0.528795
0.528930
0.530787
0.530954
0.529831
0.532285
0.529273
0.527803
0.534823
0.531321
0.531639
0.533787
0.530101
0.532811
0.526325
0.529504
0.535448
0.534739
0.532229
0.530603
0.530058
0.534492
0.529994
0.527898
0.530245
0.536074
0.533647
0.531783
0.530293
0.530811
0.531177
0.532926
0.529691
0.530536
0.530257
0.533090
0.535428
0.528269
0.527667
0.531496
0.529675
0.533261
0.532205
0.529655
0.528922
0.533022
0.532627
0.529635
0.529424
0.528265
0.530667
0.532699
0.534177
0.524651
0.535392
0.531153
0.534161
0.529843
0.530874
0.530532
0.528205
0.532934
0.527341
0.529440
0.532671
0.533177
0.529097
0.528249
0.533607
0.532436
0.537165
0.533341
0.525424
0.530006
0.533795
0.534711
0.535643
0.532735
0.532277
0.536532
0.532667
0.526536
0.534086
0.528827
0.531807
0.529006
0.532344
0.529193
0.534715
0.530480
0.529101
0.526914
0.529412
0.527751
0.534918
0.532584
0.532719
0.534014
0.531619
0.529070
0.530129
0.532635
0.532082
0.533480
0.530002
0.534831
0.531683
0.534500
0.531544
0.532388
0.521683
0.532201
0.532097
0.526472
0.528926
0.525890
0.534436
0.532663
0.535117
0.532994
0.529105
0.531309
0.525759
0.533117
0.529105
0.532862
0.532337
0.532823
0.527623
0.525273
0.527623
0.529488
0.531181
0.535823
0.525647
0.531791
0.530177
0.531177
0.533934
0.533237
0.531695
0.530588
0.532723
0.535392
0.533639
0.528161
0.528803
0.529177
0.530512
0.535627
0.537317
0.534842
0.527018
0.529002
0.528440
0.534524
0.526524
0.533337
0.533934
0.528803
0.531006
0.529783
0.528607
0.532751
0.530014
0.529779
0.533548
0.530317
0.530472
0.532046
0.535584
0.534133
0.529042
0.530074
0.529815
0.527958
0.532918
0.534448
0.529404
0.538516
0.531532
0.534627
0.530404
0.531046
0.529974
0.529113
0.530536
0.531723
0.532799
0.529894
0.531448
0.525623
0.530169
0.531639
0.531396
0.527289
0.534591
0.534492
0.534388
0.533520
0.532504
0.532735
0.533588
0.533066
0.534472
0.531631
0.531771
0.529946
0.533591
0.528831
0.537659
0.529145
0.535671
0.534097
0.533799
0.529719
0.528791
0.531233
0.529404
0.530484
0.534261
0.533850
0.537261
0.535599
0.531014
0.534157
0.531580
0.531556
0.531496
0.529169
0.532157
0.530333
0.534914
0.532671
0.529392
0.533101
0.526695
0.527285
0.533691
0.535540
0.533341
0.531313
0.533966
0.532408
0.532524
0.532376
0.533611
0.528050
0.533034
0.533779
0.528153
0.533679
0.529731
0.532775
0.531006
0.530986
0.533942
0.532388
0.525751
0.530552
0.531241
0.532667
0.528843
0.530560
0.537866
0.534866
0.528934
0.530050
0.529942
0.530870
0.533691
0.530500
0.531719
0.526297
0.531946
0.528440
0.529890
0.527627
0.529906
0.534341
0.529532
0.532982
0.528819
0.536018
0.532902
0.532603
0.526329
0.529078
0.529651
0.534133
0.532512
0.528002
0.533707
0.530022
0.525994
0.534635
0.535273
0.534121
0.529010
0.533986
0.534193
0.535137
0.532082
0.530715
0.533325
0.533615
0.533854
0.538313
0.528866
0.528388
0.529117
0.536177
0.529221
0.529524
0.530476
0.535643
0.530743
0.525934
0.531030
0.531831
0.533344
0.531241
0.530603
0.533599
0.527651
0.530926
0.537360
0.534412
0.532707
0.531623
0.532113
0.529265
0.532058
0.529105
0.537552
0.529456
0.532329
0.528882
0.533225
0.526974
0.528596
0.530966
0.532241
0.530699
0.531062
0.532293
0.539189
0.603982
0.601217
0.607276
0.604304
0.610802
0.604488
0.603794
0.605527
0.606101
0.606623
0.606257
0.316270
0.309604
0.308353
0.304680
0.307134
0.314130
0.312704
0.310349
0.311190
0.301820
0.206322
0.212840
0.204609
0.214800
0.196987
0.202087
0.196832
0.209676
0.207246
0.204816
0.285477
0.279959
0.282501
0.283840
0.277545
0.276186
0.277804
0.280453
0.285047
0.281915
0.344106
0.351497
0.349991
0.347333
0.346062
0.351544
0.352540
0.346620
0.347903
0.339680
0.406735
0.395592
0.398731
0.400520
0.396927
0.410026
0.401668
0.402457
0.404178
0.398771
0.446911
0.446349
0.449361
0.450213
0.440596
0.445962
0.449608
0.449381
0.447174
0.437150
0.481962
0.477616
0.481871
0.476428
0.479628
0.475301
0.479508
0.478791
0.483655
0.477452
0.505241
0.502074
0.505022
0.503699
0.500205
0.506512
0.504691
0.504050
0.500978
0.504962
0.527261
0.530285
0.522926
0.525400
0.524691
0.526472
0.528117
0.524759
0.521823
0.526679
0.540392
0.546552
0.538424
0.543834
0.545313
0.545277
0.543576
0.550113
0.547552
0.547265
0.530117
0.528751
0.527452
0.530544
0.530201
0.529978
0.535942
0.533396
0.533412
0.533133
0.559460
0.555591
0.559715
0.555085
0.558081
0.555830
0.555540
0.556747
0.554221
0.553456
0.569249
0.569910
0.565444
0.572312
0.566950
0.566695
0.568213
0.573014
0.568089
0.573328
0.583739
0.580265
0.581217
0.580850
0.576404
0.579328
0.583727
0.582340
0.578643
0.581978
0.590535
0.589360
0.589360
0.584540
0.590743
0.593085
0.589332
0.591723
0.587978
0.588069
0.529874
0.531942
0.526735
0.532149
0.528990
0.534791
0.529113
0.528400
0.526544
0.531101
0.530392
0.529082
0.536508
0.529894
0.531432
0.530337
0.530034
0.530042
0.528667
0.530811
0.536584
0.531914
0.528476
0.536667
0.532719
0.535193
0.533309
0.528416
0.530532
0.525584
0.526890
0.529771
0.532683
0.529042
0.530273
0.535034
