0.348366
0.355952
0.339132
0.353408
0.348639
0.350853
0.342021
0.340366
0.347175
0.338578
0.357378
0.353088
0.358350
0.361138
0.356267
0.352033
0.352985
0.351314
0.355995
0.362992
0.348073
0.357828
0.351723
0.361834
0.355086
0.356956
0.357043
0.358695
0.356036
0.353995
0.353317
0.360116
0.353211
0.355547
0.348161
0.355837
0.354550
0.360409
0.351028
0.354654
0.362471
0.355355
0.354022
0.361598
0.360801
0.355002
0.356902
0.354419
0.349292
0.353441
0.355859
0.352535
0.360486
0.362401
0.355257
0.352959
0.358400
0.351157
0.357451
0.358771
0.365740
0.355484
0.350924
0.358291
0.357208
0.359394
0.359356
0.353437
0.358010
0.357116
0.361257
0.356956
0.358712
0.356239
0.357932
0.356777
0.359030
0.351952
0.359781
0.360953
0.360539
0.358969
0.358129
0.353963
0.357727
0.362199
0.352373
0.354747
0.361133
0.352349
0.360480
0.361985
0.358756
0.355924
0.353642
0.357316
0.356645
0.355060
0.348773
0.354815
0.360554
0.356606
0.350128
0.357811
0.362661
0.359825
0.357275
0.360922
0.358263
0.361925
0.356166
0.355207
0.352868
0.360079
0.352975
0.350652
0.350527
0.359049
0.359341
0.353017
0.358360
0.352508
0.359488
0.358478
0.354080
0.352415
0.356279
0.350060
0.355354
0.361994
0.353563
0.358542
0.362276
0.355641
0.360073
0.353670
0.353572
0.355538
0.357780
0.354843
0.358855
0.350847
0.359803
0.357282
0.358599
0.361833
0.357287
0.350613
0.358101
0.352591
0.360623
0.356058
0.350993
0.356433
0.352834
0.361506
0.355515
0.356240
0.357686
0.356075
0.349991
0.361155
0.362388
0.353826
0.356894
0.351152
0.355250
0.355904
0.356423
0.355437
0.358845
0.354427
0.360140
0.356734
0.362987
0.356360
0.357905
0.359597
0.358067
0.352276
0.353435
0.361521
0.361129
0.355637
0.350971
0.354372
0.353148
0.357610
0.363523
0.359704
0.355735
0.357528
0.358052
0.356823
0.353968
0.364416
0.357243
0.359835
0.353700
0.359333
0.357578
0.355250
0.358105
0.351918
0.352049
0.351524
0.360085
0.352537
0.362608
0.356937
0.353497
0.352957
0.355559
0.351365
0.352776
0.354336
0.361317
0.355223
0.352079
0.354867
0.361355
0.356235
0.352814
0.352337
0.354656
0.363381
0.364308
0.348876
0.354918
0.346441
0.358501
0.361129
0.363405
0.354997
0.355797
0.355774
0.353137
0.354588
0.360423
0.359591
0.362158
0.358458
0.353937
0.350245
0.349313
0.351761
0.362633
0.360459
0.351543
0.356212
0.361487
0.356482
0.351621
0.355663
0.356346
0.354568
0.354363
0.360077
0.352480
0.360848
0.364336
0.360288
0.357290
0.358072
0.357869
0.357138
0.356147
0.359800
0.352553
0.355291
0.359053
0.355817
0.360193
0.363369
0.358008
0.355645
0.356078
0.352295
0.359581
0.355010
0.357035
0.354708
0.357012
0.358306
0.356304
0.352976
0.361768
0.358150
0.356791
0.356003
0.354974
0.351362
0.355592
0.357152
0.356986
0.362588
0.354558
0.363803
0.352107
0.355849
0.369336
0.359903
0.356090
0.356176
0.356288
0.355930
0.355268
0.351278
0.355761
0.356650
0.353486
0.349016
0.357324
0.358566
0.358040
0.359227
0.363372
0.353597
0.355987
0.345490
0.355772
0.351219
0.349386
0.358995
0.358798
0.358055
0.351838
0.355294
0.357514
0.353617
0.346974
0.357817
0.359113
0.356160
0.356221
0.353025
0.362762
0.346038
0.366134
0.353173
0.360672
0.351361
0.358179
0.360332
0.360303
0.347744
0.354470
0.355206
0.358535
0.367096
0.359993
0.361043
0.354170
0.354163
0.358633
0.354567
0.351433
0.354415
0.360578
0.360202
0.356155
0.355086
0.359585
0.357701
0.359272
0.364026
0.353224
0.356044
0.356908
0.353472
0.353794
0.352742
0.362636
0.350477
0.350919
0.354335
0.364212
0.352792
0.360638
0.363468
0.343370
0.359075
0.361806
0.355838
0.365004
0.361240
0.354494
0.362656
0.359013
0.351152
0.358059
0.350764
0.359079
0.350515
0.361388
0.353069
0.352902
0.350378
0.355797
0.364637
0.352181
0.358554
0.350008
0.357421
0.357991
0.352892
0.354315
0.356487
0.354034
0.354031
0.354975
0.360568
0.357161
0.353869
0.354102
0.362960
0.349792
0.361169
0.361940
0.360086
0.352117
0.354551
0.349075
0.351897
0.353299
0.351660
0.353552
0.360843
0.361963
0.360769
0.358736
0.357672
0.356870
0.363306
0.360735
0.355987
0.353198
0.362992
0.356924
0.352399
0.357290
0.361783
0.360546
0.357439
0.358792
0.359315
0.353357
0.354721
0.350185
0.358719
0.357016
0.350521
0.358935
0.354230
0.358226
0.355200
0.348949
0.360292
0.348933
0.356753
0.357947
0.353876
0.356507
0.357614
0.363831
0.356018
0.358454
0.358332
0.356627
0.351731
0.353159
0.360195
0.360688
0.359118
0.353166
0.362072
0.357096
0.362273
0.364034
0.358607
0.353432
0.352409
0.354800
0.360694
0.354845
0.358454
0.357122
0.359675
0.358330
0.360102
0.357096
0.346171
0.352780
0.358351
0.356569
0.361185
0.348268
0.352998
0.358208
0.357760
0.366123
0.355919
0.354669
0.350766
0.359241
0.355739
0.347258
0.361460
0.357352
0.360304
0.344635
0.342763
0.347075
0.349499
0.353400
0.353155
0.353161
0.352934
0.354153
0.350406
0.340739
0.345911
0.348545
0.343906
0.346585
0.344899
0.346707
0.346300
0.354185
0.348753
0.343648
0.349124
0.345343
0.351892
0.343671
0.352365
0.340598
0.347841
0.350185
0.347801
0.355368
0.343520
0.346454
0.339570
0.345482
0.349028
0.348644
0.347942
0.346385
0.352099
0.350199
0.347116
0.352786
0.342957
0.346073
0.346989
0.347428
0.347391
0.348111
0.351892
0.346188
0.347285
0.345908
0.351353
0.348768
0.355700
0.350955
0.341447
0.347939
0.345091
0.354087
0.343636
0.342859
0.346939
0.349303
0.343102
0.351359
0.354547
0.344443
0.343195
0.351650
0.346980
0.355736
0.347648
0.339676
0.345448
0.350489
0.343094
0.343242
0.346540
0.349694
0.348791
0.349713
0.351743
0.354081
0.344331
0.351668
0.345804
0.348120
0.351150
0.341497
0.349486
0.347392
0.343724
0.351250
0.342724
0.342977
0.342321
0.342476
0.342413
0.349225
0.345337
0.356359
0.347319
0.354069
0.348098
0.344521
0.348119
0.345147
0.343936
0.344163
0.347334
0.344704
0.340828
0.356236
0.345963
0.341971
0.348456
0.353728
0.342594
0.348134
0.343442
0.345005
0.347415
0.344984
0.348571
0.357162
0.338797
0.349347
0.347257
0.348312
0.344537
0.347206
0.356811
0.347126
0.338133
0.347361
0.348428
0.349227
0.353334
0.340687
0.351284
0.343016
0.341298
0.352785
0.345041
0.347800
0.347207
0.347684
0.352504
0.342884
0.341562
0.347846
0.356211
0.347806
0.348159
0.343774
0.341901
0.346909
0.345633
0.359480
0.347332
0.344634
0.348239
0.345155
0.354207
0.340694
0.349642
0.348776
0.352093
0.343700
0.352983
0.347706
0.355355
0.338280
0.350023
0.357708
0.347282
0.346213
0.349798
0.351807
0.337725
0.341233
0.348946
0.346087
0.343783
0.346396
0.349592
0.344419
0.345626
0.355421
0.355081
0.343298
0.345670
0.350058
0.347869
0.351334
0.348323
0.344307
0.339041
0.340179
0.349867
0.346627
0.353883
0.345420
0.346325
0.349823
0.341313
0.348942
0.352416
0.352711
0.343508
0.350627
0.342449
0.348013
0.349351
0.345044
0.343847
0.337461
0.344751
0.353751
0.353890
0.350253
0.345936
0.348042
0.341123
0.344202
0.343002
0.353504
0.351177
0.349255
0.351590
0.353779
0.348223
0.349052
0.350061
0.352100
0.345625
0.339293
0.349730
0.356883
0.349264
0.348276
0.350273
0.346858
0.350095
0.347330
0.352976
0.350274
0.349074
0.347359
0.351755
0.352876
0.350114
0.352419
0.352919
0.347807
0.348871
0.347489
0.348116
0.347646
0.343347
0.349673
0.343521
0.344295
0.347413
0.348801
0.347556
0.350314
0.344230
0.348323
0.348954
0.351500
0.351060
0.347727
0.347306
0.347061
0.345115
0.358245
0.347310
0.344624
0.348848
0.342496
0.352524
0.349155
0.348912
0.353252
0.350511
0.348752
0.351119
0.350257
0.352108
0.350170
0.348314
0.344904
0.354386
0.344916
0.349595
0.347954
0.346912
0.349652
0.343300
0.347110
0.341996
0.349011
0.347737
0.349196
0.342615
0.352452
0.347814
0.350642
0.344552
0.345457
0.340735
0.345239
0.349390
0.350317
0.353236
0.342206
0.343715
0.344431
0.341430
0.357688
0.346625
0.344337
0.351002
0.350680
0.347184
0.344172
0.348084
0.344330
0.355216
0.350249
0.344272
0.349754
0.355412
0.350360
0.349041
0.349646
0.349164
0.352908
0.348458
0.345277
0.344701
0.341761
0.346426
0.351882
0.348136
0.350939
0.342491
0.347575
0.345965
0.346894
0.349576
0.341685
0.345578
0.349433
0.348840
0.349773
0.355877
0.351419
0.344770
0.343048
0.349514
0.342146
0.352027
0.345091
0.357007
0.350606
0.344228
0.344369
0.346937
0.355720
0.344964
0.353007
0.346265
0.355704
0.349852
0.348778
0.351092
0.346739
0.347179
0.352982
0.358358
0.348733
0.340931
0.351205
0.346447
0.358471
0.348031
0.348251
0.348202
0.351972
0.346042
0.351851
0.340897
0.353295
0.348856
0.349843
0.353305
0.348718
0.343378
0.353030
0.348524
0.345052
0.348849
0.345046
0.349560
0.349942
0.349190
0.345582
0.346897
0.345386
0.346156
0.345293
0.349160
0.350215
0.341851
0.348942
0.351451
0.348015
0.337725
0.348762
0.351684
0.347586
0.346207
0.349601
0.349341
0.346032
0.344934
0.345657
0.350752
0.346518
0.346484
0.349020
0.341455
0.344797
0.346335
0.350496
0.352175
0.351916
0.342717
0.351298
0.349197
0.352423
0.342671
0.339336
0.344631
0.350397
0.349951
0.335711
0.345843
0.355907
0.348086
0.346937
0.358473
0.346851
0.346588
0.340258
0.349097
0.342171
0.344260
0.345048
0.344602
0.348281
0.347560
0.350678
0.350712
0.351922
0.347354
0.347168
0.346990
0.346544
0.349818
0.349991
0.348815
0.347068
0.348871
0.351842
0.352048
0.341647
0.349371
0.339132
0.350912
0.338525
0.349273
0.349337
0.346613
0.352896
0.343272
0.357835
0.344064
0.351033
0.347931
0.347157
0.349084
0.349422
0.347522
0.348983
0.345169
0.349742
0.347097
0.341739
0.348173
0.346747
0.342235
0.352668
0.347419
0.342499
0.346355
0.350069
0.343583
0.351302
0.356829
0.347457
0.347411
0.346051
0.342215
0.343461
0.354946
0.347694
0.348212
0.351048
0.346731
0.347265
0.353311
0.351925
0.348322
0.350944
0.352129
0.345689
0.346515
0.352939
0.347452
0.349263
0.355161
0.352801
0.347200
0.347109
0.350433
0.348947
0.340112
0.346047
0.345604
0.355948
0.350609
0.342017
0.342539
0.345181
0.344773
0.347030
0.347651
0.353653
0.353615
0.347554
0.339640
0.348975
0.348028
0.346118
0.351608
0.342447
0.349040
0.349175
0.342372
0.345851
0.342708
0.350637
0.348645
0.354820
0.350020
0.338077
0.349462
0.346702
0.351682
0.351340
0.347134
0.340755
0.344877
0.346592
0.351213
0.351158
0.335715
0.345614
0.350146
0.343277
0.346845
0.352607
0.344426
0.340595
0.343806
0.345096
0.346267
0.345595
0.351785
0.349419
0.345544
0.358485
0.344788
0.339012
0.345313
0.353713
0.345907
0.350795
0.344593
0.348400
0.343126
0.347243
0.348461
0.340968
0.342941
0.351309
0.347489
0.349176
0.355488
0.349707
0.346922
0.349535
0.351104
0.346688
0.343942
0.343793
0.354377
0.350400
0.348201
0.342113
0.349589
0.351347
0.347146
0.346617
0.350871
0.346288
0.349730
0.353030
0.344446
0.343064
0.346906
0.343704
0.356519
0.347119
0.344097
0.350126
0.352789
0.348936
0.345335
0.357437
0.342812
0.347736
0.344244
0.344744
0.348664
0.359688
0.352899
0.354831
0.352965
0.351845
0.348859
0.346774
0.351180
0.346620
0.348847
0.349147
0.353033
0.347405
0.341829
0.344740
0.351481
0.347796
0.352268
0.348427
0.348093
0.351486
0.346123
0.353921
0.351194
0.347605
0.356330
0.343627
0.350789
0.344951
0.349199
0.346765
0.347159
0.350746
0.353044
0.341282
0.344478
0.345376
0.346053
0.344623
0.347954
0.350692
0.349992
0.344487
0.350021
0.342980
0.343061
0.338716
0.346466
0.347853
0.339541
0.353147
0.345162
0.341754
0.342961
0.350436
0.347614
0.345164
0.353786
0.353957
0.350848
0.354890
0.354593
0.352042
0.347177
0.344342
0.356719
0.346293
0.340822
0.346183
0.346956
0.346052
0.353107
0.345322
0.345899
0.350841
0.349715
0.347600
0.343554
0.348950
0.346890
0.352645
0.352907
0.353070
0.352054
0.350759
0.353158
0.345094
0.346108
0.345297
0.353014
0.346223
0.358432
0.345158
0.346344
0.344931
0.350311
0.345051
0.348250
0.347287
0.344685
0.349711
0.344476
0.342207
0.343149
0.349513
0.338016
0.347811
0.344280
0.343282
0.344796
0.346072
0.340878
0.356071
0.342294
0.343848
0.347024
0.344182
0.344859
0.350296
0.352083
0.349204
0.349238
0.345948
0.345354
0.352999
0.353704
0.343486
0.350393
0.351255
0.342454
0.340745
0.340750
0.348309
0.349152
0.352187
0.348974
0.344786
0.345649
0.345035
0.339829
0.350273
0.350661
0.344653
0.350557
0.354539
0.348104
0.346653
0.342540
0.343020
0.346604
0.342411
0.350608
0.347618
0.349239
0.351037
0.348736
0.349261
0.347588
0.353125
0.348939
0.344853
0.344297
0.344627
0.344668
0.342768
0.344229
0.347894
0.348022
0.347650
0.351014
0.343446
0.352711
0.353613
0.356815
0.351286
0.350180
0.349746
0.343722
0.350722
0.343263
0.350145
0.350176
0.354343
0.344021
0.343897
0.354140
0.348347
0.349196
0.352324
0.353552
0.343281
0.344685
0.348756
0.347133
0.360245
0.348473
0.353388
0.348731
0.351709
0.346635
0.347021
0.347552
0.343241
0.350506
0.347471
0.347315
0.343368
0.349373
0.341770
0.349019
0.345332
0.354387
0.348001
0.350356
0.353741
0.346852
0.346466
0.350492
0.350213
0.344894
0.343142
0.344946
0.339432
0.355048
0.353224
0.344261
0.342613
0.352817
0.353907
0.352598
0.346414
0.343268
0.344025
0.345274
0.346271
0.341159
0.353104
0.347972
0.355231
0.344529
0.354730
0.344789
0.347081
0.350316
0.353203
0.346000
0.348695
0.349630
0.348245
0.352509
0.351299
0.340275
0.344831
0.346799
0.348494
0.341929
0.351799
0.347339
0.345482
0.353771
0.345052
0.347565
0.348239
0.342536
0.346794
0.343505
0.345515
0.354815
0.353390
0.345134
0.346773
0.343961
0.350915
0.342336
0.354751
0.341023
0.350085
0.348843
0.344009
0.349038
0.341970
0.340808
0.346215
0.349860
0.353113
0.351228
0.349064
0.349435
0.351191
0.348176
0.344662
0.351761
0.348983
0.347860
0.350206
0.350702
0.348097
0.350881
0.346959
0.348146
0.342201
0.350307
0.348449
0.347383
0.345595
0.358449
0.349176
0.343536
0.350147
0.345401
0.350996
0.342981
0.349149
0.345505
0.356236
0.353775
0.352771
0.345499
0.342206
0.346782
0.348481
0.347807
0.351619
0.347630
0.348907
0.343105
0.353694
0.350153
0.348420
0.347666
0.340752
0.349766
0.342601
0.349129
0.349945
0.348562
0.350240
0.343439
0.347792
0.349604
0.356412
0.344305
0.346146
0.349511
0.347560
0.345473
0.343972
0.340936
0.348082
0.352458
