0.365596
0.352846
0.336130
0.344659
0.357973
0.357357
0.357238
0.356902
0.368941
0.342503
0.343996
0.355903
0.329710
0.347452
0.349226
0.359856
0.353707
0.340057
0.357818
0.343258
0.348644
0.361668
0.339268
0.355680
0.345585
0.343344
0.331096
0.355284
0.340137
0.339561
0.325693
0.361196
0.350148
0.364684
0.340912
0.351738
0.340343
0.356211
0.339955
0.344063
0.365912
0.344108
0.359476
0.339610
0.342027
0.340406
0.347777
0.355129
0.356285
0.348839
0.330061
0.330050
0.340224
0.340886
0.318584
0.318828
0.338168
0.345719
0.364906
0.336840
0.318145
0.347878
0.347301
0.337976
0.349205
0.331153
0.344701
0.334982
0.347668
0.335631
0.341677
0.354769
0.332761
0.351155
0.341119
0.318362
0.343438
0.316746
0.324842
0.338527
0.339932
0.354847
0.354620
0.332703
0.339282
0.355102
0.354895
0.352367
0.333081
0.358458
0.339175
0.336473
0.323235
0.348862
0.356885
0.345150
0.337268
0.347986
0.353702
0.339909
0.353195
0.368988
0.353659
0.357900
0.360949
0.334491
0.355602
0.350855
0.357918
0.368994
0.342843
0.357707
0.349352
0.357224
0.343786
0.361292
0.339825
0.341587
0.345172
0.338490
0.336711
0.360768
0.335535
0.336642
0.341395
0.337734
0.328420
0.372313
0.340436
0.350843
0.359312
0.346726
0.357016
0.353343
0.371745
0.338699
0.346505
0.338334
0.348000
0.335709
0.357607
0.347181
0.349160
0.335449
0.361991
0.366249
0.346845
0.350380
0.368538
0.350294
0.365957
0.343021
0.350690
0.340706
0.326762
0.351870
0.348706
0.343471
0.355309
0.355352
0.356641
0.340877
0.352868
0.345927
0.327124
0.323043
0.361514
0.339136
0.329988
0.341114
0.356158
0.356109
0.338959
0.358928
0.330631
0.351434
0.348060
0.337520
0.348353
0.342628
0.338211
0.344866
0.339503
0.343384
0.342534
0.361854
0.328641
0.370753
0.339919
0.345321
0.337204
0.349476
0.349170
0.336411
0.348833
0.336612
0.341657
0.350068
0.336499
0.347033
0.352037
0.350551
0.360726
0.352864
0.329705
0.359708
0.352280
0.362473
0.335704
0.344817
0.326170
0.346154
0.366539
0.338972
0.358956
0.344854
0.355531
0.329777
0.367473
0.336382
0.346007
0.335742
0.343132
0.347872
0.342864
0.337377
0.332606
0.360717
0.348738
0.346388
0.333090
0.349572
0.323640
0.344524
0.337358
0.345262
0.351413
0.356807
0.356737
0.335940
0.350105
0.348176
0.349171
0.351898
0.345064
0.355386
0.350049
0.347429
0.343782
0.346277
0.350309
0.351572
0.352796
0.352530
0.349787
0.354355
0.345524
0.330770
0.351504
0.345948
0.341608
0.338163
0.343902
0.341232
0.348801
0.349786
0.347322
0.353370
0.354841
0.324244
0.329426
0.355933
0.357495
0.363415
0.342969
0.356423
0.338835
0.333544
0.344399
0.363050
0.347532
0.340565
0.329543
0.343006
0.334689
0.345704
0.344949
0.367824
0.363631
0.359026
0.337362
0.331268
0.347146
0.329721
0.348398
0.341905
0.381723
0.334515
0.358344
0.353162
0.347073
0.326845
0.338061
0.347932
0.343597
0.338460
0.348519
0.367167
0.348363
0.364946
0.331768
0.350895
0.354070
0.342561
0.352133
0.344139
0.356086
0.351191
0.342862
0.334148
0.353108
0.350204
0.341837
0.344909
0.366119
0.356175
0.354327
0.358332
0.353277
0.361243
0.345796
0.367764
0.357921
0.327910
0.355163
0.349923
0.351054
0.337488
0.344266
0.351704
0.333585
0.349779
0.352628
0.354299
0.344988
0.356592
0.358309
0.351195
0.357953
0.329283
0.341563
0.344260
0.340955
0.352499
0.341200
0.348399
0.333374
0.342565
0.350444
0.348157
0.338461
0.353883
0.352274
0.362509
0.364609
0.356508
0.355800
0.339891
0.347103
0.359303
0.353970
0.357613
0.350871
0.343332
0.340193
0.342975
0.355243
0.355838
0.361692
0.338537
0.345377
0.343214
0.329231
0.343586
0.353064
0.351916
0.353489
0.335526
0.345542
0.362940
0.368686
0.327738
0.360449
0.340366
0.348541
0.349183
0.335017
0.354357
0.349938
0.339362
0.337587
0.335068
0.332984
0.372375
0.331809
0.350056
0.349872
0.317262
0.345108
0.353412
0.356010
0.349963
0.334486
0.338096
0.348252
0.339982
0.371746
0.340297
0.336280
0.341453
0.346997
0.334723
0.360575
0.365982
0.342031
0.351666
0.369580
0.350000
0.348946
0.347210
0.344370
0.347000
0.360666
0.343276
0.341874
0.334097
0.351999
0.318920
0.350566
0.338877
0.346560
0.357520
0.352417
0.346924
0.348632
0.353367
0.346233
0.343652
0.354017
0.340373
0.339851
0.350390
0.336080
0.340943
0.353895
0.365583
0.348024
0.359458
0.354869
0.339429
0.354393
0.362157
0.341727
0.343441
0.343746
0.325827
0.326076
0.344624
0.351213
0.329552
0.341045
0.343098
0.335367
0.357996
0.348966
0.352732
0.332081
0.333186
0.332079
0.344609
0.350424
0.348942
0.363006
0.365113
0.333025
0.347254
0.353701
0.349847
0.346495
0.326621
0.359960
0.362805
0.355942
0.367610
0.336686
0.345009
0.346592
0.337472
0.343220
0.335199
0.336409
0.360512
0.354207
0.338483
0.336071
0.348613
0.337142
0.350098
0.332527
0.339075
0.370060
0.363955
0.351241
0.365529
0.360503
0.353160
0.334897
0.348247
0.348281
0.336058
0.366219
0.332883
0.351634
0.339583
0.341292
0.348862
0.357198
0.346358
0.351133
0.348099
0.338099
0.360650
0.351195
0.337240
0.343986
0.343501
0.338907
0.350811
0.361516
0.358036
0.345786
0.349708
0.340221
0.339780
0.346310
0.343111
0.340657
0.354029
0.339051
0.371803
0.338034
0.354545
0.345385
0.341248
0.351108
0.358483
0.338993
0.356480
0.349549
0.348189
0.338080
0.345117
0.343312
0.355714
0.347888
0.359804
0.350775
0.364359
0.345470
0.360420
0.345288
0.345258
0.348474
0.336349
0.356024
0.341087
0.340819
0.353061
0.353012
0.354224
0.337585
0.340329
0.349118
0.346225
0.347561
0.340387
0.352665
0.341246
0.341585
0.349963
0.351983
0.350191
0.355718
0.353184
0.346852
0.356752
0.336432
0.349728
0.353902
0.362514
0.351524
0.344872
0.363498
0.344337
0.337144
0.351013
0.345838
0.346021
0.337852
0.358806
0.341429
0.371087
0.344843
0.345951
0.351758
0.351002
0.344590
0.340672
0.349801
0.332940
0.346121
0.341123
0.331287
0.348227
0.338176
0.350689
0.344382
0.362529
0.345066
0.361951
0.345081
0.327604
0.355535
0.335017
0.364300
0.337117
0.333048
0.341044
0.343507
0.332155
0.352244
0.352900
0.344475
0.352172
0.327009
0.352252
0.348017
0.351811
0.342525
0.363683
0.345110
0.348892
0.332756
0.358768
0.354025
0.355296
0.350229
0.317311
0.348826
0.354807
0.341002
0.352237
0.349339
0.356888
0.357507
0.350670
0.339151
0.340288
0.347249
0.352139
0.370738
0.344428
0.344636
0.347429
0.343322
0.346568
0.337564
0.362411
0.339750
0.343526
0.337452
0.366429
0.348333
0.355734
0.368733
0.350857
0.339365
0.334389
0.338435
0.355962
0.347962
0.343979
