0.533571
0.528545
0.530088
0.529356
0.535450
0.529015
0.530083
0.532166
0.533540
0.531360
0.530008
0.531798
0.528917
0.529112
0.531173
0.533899
0.531470
0.530557
0.536514
0.532078
0.534152
0.530256
0.524973
0.527654
0.528847
0.533146
0.536244
0.531834
0.535264
0.527805
0.531515
0.531085
0.531803
0.527902
0.534799
0.534639
0.530566
0.525531
0.529321
0.530433
0.527583
0.531630
0.535699
0.532100
0.531639
0.530398
0.530402
0.538819
0.528980
0.533700
0.528944
0.533975
0.532627
0.528652
0.528248
0.531333
0.535286
0.532051
0.530664
0.528913
0.533824
0.534059
0.533234
0.533660
0.530296
0.533682
0.529604
0.528700
0.525483
0.532379
0.528700
0.535052
0.527743
0.534010
0.530668
0.532343
0.532206
0.530788
0.535668
0.529560
0.534471
0.530743
0.537059
0.531386
0.528753
0.534511
0.533877
0.532410
0.527300
0.532437
0.528940
0.531603
0.532906
0.534693
0.531590
0.532866
0.529835
0.530447
0.530154
0.531874
0.534786
0.528873
0.535468
0.532986
0.536833
0.531116
0.533429
0.534498
0.530473
0.532702
0.528802
0.533084
0.538003
0.529529
0.531980
0.533824
0.535685
0.535238
0.530580
0.537494
0.533039
0.536199
0.529307
0.531661
0.536457
0.532654
0.530872
0.536124
0.534595
0.530810
0.530526
0.525780
0.529729
0.532135
0.533053
0.528709
0.522571
0.532472
0.531874
0.531360
0.530974
0.533828
0.534803
0.530859
0.528864
0.527902
0.530619
0.527938
0.530965
0.527131
0.532991
0.532211
0.531541
0.532051
0.529817
0.528669
0.532042
0.528000
0.532742
0.531311
0.533855
0.534808
0.536625
0.533358
0.535216
0.528722
0.531989
0.530464
0.533881
0.536226
0.531470
0.529396
0.527428
0.528953
0.530402
0.532224
0.532126
0.526927
0.532414
0.531674
0.532388
0.536465
0.533048
0.534360
0.535601
0.529604
0.533106
0.528137
0.532321
0.527854
0.531364
0.532428
0.529777
0.532986
0.531444
0.535020
0.538172
0.527353
0.530296
0.531178
0.532951
0.530079
0.536098
0.528204
0.528855
0.531652
0.531488
0.532565
0.533549
0.533350
0.532760
0.529068
0.530274
0.533243
0.528616
0.531789
0.532450
0.533961
0.535029
0.533181
0.533452
0.537600
0.530668
0.534404
0.530158
0.530584
0.529458
0.527473
0.530752
0.530513
0.533598
0.533580
0.531009
0.534112
0.530584
0.534214
0.532707
0.528727
0.529680
0.529401
0.535052
0.530495
0.534639
0.527238
0.531453
0.532459
0.532499
0.531648
0.529028
0.532330
0.528811
0.530065
0.530965
0.535428
0.526848
0.532813
0.528620
0.533961
0.526342
0.531510
0.523825
0.533376
0.529480
0.533039
0.529440
0.534365
0.532343
0.531883
0.532968
0.535402
0.533491
0.534329
0.529897
0.533717
0.535167
0.534404
0.531847
0.536408
0.526958
0.534794
0.531271
0.527707
0.528891
0.528341
0.535184
0.531129
0.532809
0.536558
0.528483
0.530034
0.530034
0.535894
0.528417
0.529981
0.525930
0.527118
0.528567
0.529955
0.533638
0.528718
0.534054
0.534010
0.528984
0.533372
0.531413
0.527504
0.530079
0.537192
0.537618
0.531590
0.533252
0.530925
0.529680
0.527898
0.535229
0.529480
0.531377
0.534214
0.535105
0.529737
0.535317
0.531191
0.532476
0.531852
0.531457
0.532476
0.533793
0.537653
0.531107
0.529467
0.529370
0.529432
0.533797
0.537423
0.532632
0.527295
0.532317
0.531860
0.534857
0.533465
0.530500
0.533921
0.539280
0.533673
0.530008
0.535402
0.531289
0.532144
0.532649
0.531692
0.528886
0.535934
0.529804
0.526112
0.533057
0.531874
0.536683
0.529405
0.529210
0.526387
0.530185
0.525496
0.528997
0.534573
0.532632
0.531045
0.529502
0.528745
0.532561
0.532202
0.531568
0.537449
0.536403
0.529884
0.533212
0.531603
0.535481
0.533048
0.533283
0.534724
0.532406
0.528784
0.532565
0.531346
0.534245
0.526763
0.527193
0.529698
0.533310
0.531461
0.532991
0.535889
0.533452
0.524215
0.532029
0.528501
0.531156
0.531550
0.534599
0.534440
0.532530
0.533487
0.528536
0.530420
0.531262
0.531984
0.527575
0.534724
0.533757
0.528634
0.526772
0.534116
0.531320
0.527353
0.532822
0.531962
0.531306
0.526595
0.533731
0.534719
0.532924
0.531448
0.529502
0.536652
0.530141
0.529414
0.530433
0.530978
0.532694
0.528199
0.532109
0.529786
0.529941
0.533305
0.529720
0.531643
0.527162
0.529994
0.537458
0.528567
0.533629
0.529303
0.534542
0.532982
0.533806
0.531710
0.530907
0.530043
0.530141
0.526316
0.530132
0.531368
0.533522
0.531630
0.533549
0.534888
0.529875
0.529046
0.527601
0.531076
0.530172
0.532441
0.529511
0.531404
0.531080
0.530925
0.533491
0.525443
0.536714
0.529835
0.527353
0.529529
0.532202
0.532574
0.531071
0.533576
0.530664
0.529494
0.529445
0.533877
0.533292
0.535712
0.536962
0.531785
0.524906
0.531324
0.533855
0.531169
0.530367
0.529915
0.534586
0.531524
0.529467
0.539085
0.529423
0.532011
0.526892
0.531563
0.527588
0.529897
0.526475
0.531723
0.530220
0.535637
0.531461
0.529081
0.528080
0.529259
0.526812
0.528660
0.532069
0.534276
0.526028
0.529378
0.533642
0.532942
0.536647
0.536461
0.534466
0.531657
0.531284
0.527659
0.532587
0.533500
0.533363
0.531719
0.533988
0.534298
0.532317
0.535074
0.532361
0.527761
0.531461
0.525642
0.530655
0.528403
0.534099
0.530743
0.533456
0.535238
0.533332
0.530797
0.530743
0.531147
0.532383
0.528049
0.532570
0.537210
0.538478
0.531169
0.532215
0.529715
0.533093
0.528980
0.532459
0.530792
0.530575
0.526280
0.532574
0.535645
0.529511
0.530978
0.533895
0.536656
0.532960
0.533132
0.534653
0.532485
0.533407
0.531701
0.530314
0.534564
0.532866
0.535450
0.534294
0.533647
0.530797
0.528133
0.529591
0.530735
0.537999
0.534196
0.529059
0.530704
0.528505
0.530593
0.536182
0.531541
0.531497
0.534772
0.536217
0.530859
0.529276
0.531227
0.530181
0.533088
0.533660
0.530801
0.529192
0.534608
0.530367
0.530096
0.529981
0.531971
0.535716
0.531089
0.531001
0.530956
0.530291
0.530327
0.531967
0.536457
0.530305
0.531479
0.535397
0.537148
0.535761
0.533057
0.531789
0.532853
0.527792
0.531058
0.524033
0.533509
0.527801
0.530730
0.529312
0.534573
0.537015
0.533930
0.527765
0.537498
0.531754
0.530934
0.536576
0.533673
0.530008
0.532450
0.538473
0.532880
0.533234
0.527827
0.531258
0.531063
0.537330
0.532543
0.527535
0.532020
0.528040
0.529547
0.531014
0.537489
0.538088
0.530189
0.530420
0.527495
0.532011
0.530353
0.534524
0.532375
0.535052
0.531501
0.527184
0.534755
0.529245
0.534187
0.531501
0.534116
0.530690
0.532432
0.527832
0.534945
0.533048
0.530083
0.530677
0.535965
0.531470
0.528620
0.525895
0.528035
0.533762
0.531413
0.531461
0.533864
0.534817
0.530925
0.535641
0.529822
0.533531
0.537786
0.529631
0.531178
0.540614
0.527468
0.533403
0.528975
0.537791
0.526834
0.533474
0.531914
0.530096
0.533270
0.533248
0.534276
0.535313
0.527317
0.537737
0.532171
0.530695
0.531005
0.530584
0.534289
0.527211
0.528027
0.526750
0.535743
0.528133
0.531382
0.530460
0.530868
0.535176
0.530256
0.533651
0.535942
0.536771
0.529476
0.533061
0.530646
0.533319
0.531315
0.532849
0.533257
0.532525
0.528514
0.531608
0.531138
0.530947
0.531001
0.533389
0.533345
0.533483
0.531063
0.532587
0.536341
0.533465
0.534338
0.533695
0.535242
0.531918
0.533203
0.533053
0.531426
0.531914
0.534471
0.535512
0.532827
0.533257
0.533438
0.529698
0.533035
0.529347
0.531222
0.534378
0.530136
0.531098
0.530553
0.532561
0.530686
0.529675
0.533110
0.534808
0.532153
0.526821
0.530841
0.539648
0.532742
0.532157
0.532977
0.529511
0.530659
0.531413
0.528842
0.529188
0.533066
0.529471
0.533434
0.536638
0.533855
0.531869
0.534661
0.536731
0.533975
0.528980
0.533788
0.537161
0.533926
0.533811
0.528851
0.536669
0.530615
0.529791
0.537986
0.538712
0.529356
0.528988
0.534546
0.530814
0.528554
0.533412
0.528541
0.536359
0.531705
0.533496
0.533766
0.532849
0.532459
0.534799
0.528062
0.533921
0.532193
0.530362
0.535242
0.536532
0.529604
0.530074
0.535060
0.531683
0.532964
0.531643
0.528155
0.533864
0.531160
0.527911
0.532069
0.529826
0.535189
0.531444
0.529374
0.527588
0.534267
0.530376
0.532689
0.535486
0.529201
0.534085
0.527836
0.527375
0.529476
0.537112
0.531741
0.532787
0.530092
0.534232
0.531329
0.525824
0.532583
0.533181
0.531368
0.530540
0.534356
0.528980
0.533762
0.530854
0.530748
0.529613
0.526365
0.529175
0.529817
0.530921
0.532920
0.538517
0.530296
0.531723
0.534848
0.528563
0.532485
0.520975
0.532623
0.530416
0.530881
0.534732
0.531293
0.538340
0.527375
0.530433
0.535916
0.523688
0.532011
0.530034
0.531967
0.532547
0.531865
0.529808
0.529839
0.532747
0.532866
0.523993
0.533926
0.536208
0.534577
0.533225
0.531546
0.530970
0.533912
0.531683
0.523488
0.526112
0.529596
0.530593
0.531918
0.532592
0.531129
0.534471
0.531439
0.533505
0.531089
0.533943
0.531209
0.527836
0.532202
0.534732
0.534240
0.536886
0.531178
0.533159
0.530198
0.533354
0.534347
0.532047
0.532765
0.526440
0.525456
0.533288
0.532556
0.530983
0.529977
0.534763
0.533837
0.529516
0.528869
0.524725
0.534121
0.529073
0.531555
0.532219
0.533163
0.530181
0.530034
0.533682
0.534143
0.527739
0.530735
0.530451
0.537148
0.529600
0.537941
0.534489
0.532104
0.532326
0.529799
0.531634
0.530726
0.527623
0.530429
0.527069
0.531493
0.528297
0.534759
0.532942
0.531608
0.529449
0.533416
0.533323
0.529436
0.534914
0.534240
0.533097
0.532414
0.536496
0.528917
0.527911
0.531058
0.532521
0.532406
0.531816
0.531089
0.534777
0.533691
0.527375
0.531546
0.532273
0.525975
0.535207
0.533842
0.529764
0.530455
0.533230
0.533425
0.531258
0.535375
0.530681
0.532702
0.535654
0.534661
0.531878
0.533363
0.528882
0.531617
0.528488
0.532946
