0.352304
0.348587
0.346821
0.347038
0.347271
0.341880
0.352458
0.340556
0.349392
0.347021
0.346663
0.345255
0.343417
0.335264
0.339974
0.350871
0.339477
0.346704
0.326533
0.343742
0.341421
0.350792
0.358692
0.343068
0.347866
0.342830
0.342749
0.348328
0.334997
0.340885
0.349446
0.345062
0.343421
0.349779
0.340492
0.360478
0.332397
0.341009
0.349848
0.354700
0.345560
0.346087
0.338947
0.346661
0.345959
0.345260
0.346923
0.346962
0.346561
0.345477
0.343704
0.351558
0.352880
0.352520
0.346505
0.351312
0.349011
0.346888
0.335853
0.340824
0.348021
0.337354
0.345382
0.352045
0.350303
0.349866
0.348294
0.340221
0.346362
0.347223
0.347609
0.343449
0.341818
0.344349
0.350943
0.354537
0.341941
0.348740
0.339199
0.347260
0.341966
0.347909
0.348583
0.340438
0.342705
0.346929
0.351471
0.337916
0.353331
0.355848
0.343819
0.348081
0.346139
0.347560
0.341988
0.342900
0.352924
0.354300
0.354708
0.343341
0.349105
0.343996
0.339869
0.347454
0.343800
0.349226
0.349125
0.344806
0.339063
0.347458
0.334246
0.341026
0.351645
0.345069
0.345264
0.342817
0.359308
0.348404
0.349674
0.354696
0.351112
0.344001
0.341453
0.344108
0.347556
0.350019
0.343810
0.353326
0.352046
0.342699
0.343694
0.339095
0.343233
0.347395
0.355998
0.339552
0.351154
0.353388
0.348576
0.348818
0.354182
0.350368
0.346286
0.347229
0.342868
0.343988
0.348472
0.346642
0.349663
0.347091
0.347697
0.343127
0.346920
0.346456
0.346604
0.347999
0.337560
0.339981
0.339200
0.339786
0.347475
0.349559
0.356271
0.347836
0.348924
0.344385
0.350035
0.347710
0.341574
0.354442
0.350012
0.352277
0.342877
0.343278
0.352036
0.342943
0.338626
0.343849
0.341806
0.356734
0.351709
0.350072
0.346283
0.346105
0.342618
0.340252
0.345799
0.339133
0.344834
0.351475
0.341474
0.350717
0.341228
0.344566
0.344450
0.339916
0.341822
0.349950
0.340232
0.349136
0.343912
0.348966
0.347354
0.345835
0.342960
0.348232
0.351670
0.356260
0.347975
0.340496
0.349921
0.355932
0.340857
0.350814
0.358304
0.352299
0.345099
0.338972
0.341733
0.345059
0.344116
0.343366
0.352774
0.340744
0.338437
0.344870
0.351108
0.348101
0.345747
0.350917
0.342730
0.352955
0.340705
0.357787
0.346180
0.345007
0.354214
0.353976
0.356701
0.344233
0.348971
0.347411
0.349469
0.349785
0.349854
0.343972
0.340291
0.343870
0.346549
0.347459
0.355349
0.353653
0.350079
0.347832
0.345999
0.348846
0.344180
0.344998
0.345344
0.342840
0.352880
0.353292
0.341883
0.342421
0.344621
0.347832
0.343234
0.342827
0.350090
0.346367
0.342100
0.357501
0.341354
0.345953
0.342469
0.341603
0.354539
0.349574
0.339744
0.352919
0.355395
0.344393
0.340440
0.343049
0.345601
0.343046
0.352587
0.344473
0.350872
0.343271
0.340620
0.342330
0.348081
0.349107
0.348653
0.351623
0.354831
0.353031
0.344105
0.356183
0.340087
0.351028
0.350699
0.361460
0.345973
0.338938
0.344369
0.339728
0.346785
0.352671
0.345484
0.345812
0.356279
0.344278
0.348743
0.346007
0.350181
0.362060
0.341370
0.335996
0.337936
0.338239
0.341037
0.345795
0.343607
0.351190
0.350045
0.346190
0.353108
0.338448
0.348873
0.351273
0.350074
0.349337
0.342087
0.353145
0.352044
0.352277
0.342703
0.341415
0.346417
0.356694
0.351420
0.335158
0.343645
0.351824
0.335939
0.350563
0.348217
0.353644
0.346563
0.343363
0.355644
0.342350
0.346053
0.343247
0.346511
0.351222
0.344762
0.345229
0.338793
0.354757
0.355290
0.351361
0.345291
0.353026
0.357861
0.339275
0.354288
0.362231
0.350390
0.345752
0.347098
0.337922
0.348663
0.338449
0.344916
0.356111
0.352091
0.341200
0.339403
0.354645
0.349767
0.345632
0.346329
0.344961
0.343274
0.354020
0.338968
0.352734
0.356534
0.352318
0.352616
0.348136
0.346547
0.335776
0.349050
0.355762
0.347818
0.342928
0.348623
0.339666
0.354654
0.345761
0.348021
0.347938
0.351346
0.342133
0.350476
0.343857
0.352156
0.336984
0.346379
0.339214
0.345519
0.347667
0.350553
0.356570
0.339794
0.343344
0.334918
0.344313
0.344626
0.346132
0.346364
0.344009
0.352694
0.352286
0.339118
0.342625
0.342509
0.343475
0.348800
0.342732
0.341866
0.350212
0.344417
0.343802
0.352802
0.344641
0.345339
0.347754
0.344696
0.343239
0.354252
0.344047
0.343281
0.344106
0.348165
0.349179
0.339913
0.344629
0.348270
0.355515
0.349281
0.336791
0.344344
0.344715
0.337179
0.352252
0.358469
0.347377
0.353827
0.345778
0.341337
0.345600
0.347837
0.348509
0.347500
0.348963
0.346912
0.348591
0.354955
0.339715
0.335851
0.343792
0.342527
0.335458
0.345252
0.343013
0.344688
0.352247
0.353532
0.353989
0.334178
0.347921
0.347956
0.346667
0.348682
0.349390
0.338207
0.347780
0.334578
0.345521
0.347116
0.350353
0.352195
0.342473
0.341747
0.348899
