0.518381
0.513969
0.501421
0.507401
0.527105
0.508382
0.498579
0.495246
0.516714
0.496520
0.525145
0.531124
0.515734
0.506519
0.530928
0.522106
0.499853
0.523870
0.512793
0.531124
0.532105
0.515930
0.513381
0.526027
0.486129
0.520047
0.516420
0.488089
0.480443
0.513087
0.509362
0.507989
0.500637
0.501617
0.493579
0.497010
0.504852
0.512107
0.518479
0.488383
0.510734
0.522302
0.545241
0.535340
0.517008
0.510636
0.512107
0.508382
0.500245
0.519165
0.525047
0.520439
0.510440
0.478384
0.475248
0.515734
0.499265
0.521517
0.502304
0.526713
0.533477
0.521812
0.498579
0.499069
0.517106
0.521027
0.518577
0.502500
0.498481
0.508676
0.510832
0.503480
0.513577
0.503382
0.523576
0.531713
0.495442
0.509754
0.512989
0.506225
0.514753
0.491422
0.511617
0.487305
0.504460
0.516714
0.492893
0.502598
0.538477
0.539849
0.511420
0.516812
0.501127
0.526615
0.512401
0.539359
0.515832
0.505637
0.495442
0.512695
0.474169
0.526125
0.520635
0.503088
0.502794
0.485737
0.520145
0.506323
0.497108
0.499755
0.524262
0.476228
0.523184
0.481717
0.515048
0.501225
0.506813
0.534653
0.525145
0.511028
0.496814
0.542006
0.554553
0.511518
0.515146
0.492697
0.534948
0.532791
0.519263
0.501912
0.518969
0.524066
0.504656
0.498579
0.526713
0.513479
0.493089
0.471130
0.507793
0.528184
0.505931
0.513283
0.503578
0.506225
0.496030
0.527203
0.505049
0.518479
0.508087
0.476718
0.531909
0.522890
0.499461
0.506715
0.517204
0.515538
0.507695
0.484364
0.508185
0.516126
0.517596
0.502402
0.510048
0.511322
0.527987
0.527889
0.523184
0.484952
0.503382
0.509166
0.503088
0.518675
0.499559
0.517792
0.512009
0.511617
0.513577
0.486619
0.503970
0.515146
0.513577
0.532203
0.505343
0.509852
0.514165
0.496520
0.506323
0.465837
0.483972
0.491716
0.502794
0.506421
0.491422
0.519067
0.545437
0.496912
0.520047
0.497206
0.507107
0.498873
0.522400
0.526027
0.505245
0.502598
0.524458
0.527791
0.528674
0.517988
0.513283
0.507793
0.492795
0.501716
0.476914
0.514655
0.500735
0.475934
0.526419
0.514165
0.456328
0.552887
0.499069
0.488678
0.524066
0.505735
0.498088
0.517204
0.506715
0.520929
0.511617
0.520635
0.504656
0.526909
0.487893
0.504558
0.512303
0.497892
0.518381
0.495442
0.500245
0.497206
0.492011
0.526125
0.522106
0.519361
0.518086
0.502206
0.513871
0.492697
0.527105
0.521517
0.517302
0.485149
0.531222
0.522106
0.495638
0.512989
0.508087
0.501127
0.498088
0.486815
0.521517
0.498677
0.530242
0.523380
0.511126
0.516028
0.491716
0.510342
0.505147
0.511813
0.501127
0.523870
0.530340
0.528085
0.507793
0.501323
0.501421
0.515244
0.504460
0.511911
0.510636
0.519361
0.507499
0.508578
0.532203
0.503480
0.530144
0.499167
0.494167
0.501814
0.505637
0.505637
0.521812
0.500343
0.504950
0.498677
0.509656
0.512303
0.489168
0.495344
0.530340
0.526713
0.499167
0.505637
0.522302
0.505637
0.502500
0.533869
0.527693
0.511028
0.526419
0.529360
0.504264
0.519263
0.482404
0.509460
0.503382
0.492011
0.489658
0.499657
0.512695
0.515342
0.523380
0.508382
0.488285
0.502206
0.494559
0.506715
0.504558
0.524949
0.523478
0.499265
0.505049
0.532987
0.510146
0.535144
0.499951
0.500049
0.505735
0.473287
0.544456
0.500441
0.527399
0.510832
0.549162
0.525047
0.505441
0.516812
0.483874
0.489756
0.495638
0.508382
0.502304
0.517792
0.485247
0.507401
0.512695
0.519753
0.496422
0.527595
0.508284
0.521714
0.489168
0.491324
0.501225
0.500343
0.499265
0.515832
0.525929
0.495834
0.496814
0.504754
0.495050
0.511028
0.500833
0.519263
0.485835
0.486227
0.499755
0.514950
0.512793
0.494265
0.510342
0.520537
0.493579
0.532301
0.503480
0.501716
0.515832
0.491226
0.482306
0.510244
0.518283
0.493873
0.503578
0.506715
0.502108
0.512499
0.480541
0.505833
0.492305
0.509558
0.495540
0.511518
0.498284
0.519067
0.527007
0.497010
0.513969
0.502794
0.536712
0.521812
0.503480
0.486717
0.503578
0.516126
0.493285
0.515832
0.512989
0.501617
0.505245
0.501814
0.476522
0.506421
0.518871
0.499951
0.542496
0.513283
0.508480
0.504460
0.487207
0.525439
0.519753
0.506813
0.503088
0.498971
0.504852
0.519753
0.498284
0.493971
0.483972
0.514753
0.515538
0.508480
0.516910
0.501519
0.509362
0.515244
0.527105
0.508480
0.492697
0.506029
0.509558
0.489364
0.524066
0.524360
0.514165
0.522400
0.522106
0.507793
0.514459
0.476326
0.519753
0.508087
0.534751
0.512401
0.529164
0.501323
0.522302
0.504460
0.519557
0.514165
0.514753
0.502010
0.498971
0.482992
0.522008
0.516224
0.531909
0.522204
0.505049
0.513675
0.515342
0.511322
0.521125
0.490246
0.516420
0.528870
0.497206
0.506029
0.503774
0.487109
0.521419
0.514263
0.524360
0.540927
0.515832
0.508578
0.540339
0.510538
0.512891
0.508382
0.503284
0.489854
0.538085
0.504852
0.483874
0.497794
0.494951
0.479169
0.502206
0.485050
0.501814
0.512303
0.531320
0.517792
0.483286
0.495050
0.514851
0.511715
0.490540
0.507303
0.511028
0.482110
0.482894
0.518773
0.493677
0.510636
0.516224
0.483286
0.518479
0.504264
0.533673
0.519753
0.513969
0.519949
0.510440
0.492697
0.506323
0.491030
0.491226
0.521419
0.487599
0.510734
0.522498
0.531418
0.522008
0.540633
0.521910
0.514851
0.509166
0.509754
0.520439
0.512793
0.499363
0.501421
0.503284
0.515636
0.506911
0.517302
0.507303
0.496030
0.494069
0.483972
0.495736
0.522694
0.516224
0.506029
0.516910
0.525831
0.487305
0.519557
0.498088
0.491422
0.527595
0.500245
0.508970
0.523184
0.502892
0.503480
0.504558
0.500637
0.526027
0.513283
0.490050
0.482894
0.519459
0.518969
0.534457
0.481717
0.530732
0.520145
0.515244
0.523576
0.487501
0.522204
0.524556
0.514263
0.502500
0.494461
0.526909
0.497598
0.487403
0.504068
0.508774
0.522596
0.502990
0.520537
0.530242
0.498971
0.495344
0.526125
0.504068
0.499069
0.495638
0.504558
0.509656
0.496618
0.500931
0.502108
0.513871
0.508480
0.513577
0.505735
0.523478
0.510930
0.505049
0.521616
0.518577
0.485247
0.506617
0.489952
0.505833
0.509656
0.526811
0.505441
0.476228
0.507793
0.509852
0.510244
0.509754
0.500343
0.506421
0.513283
0.497892
0.530536
0.503480
0.504068
0.506421
0.506323
0.524949
0.489462
0.507205
0.488580
0.486423
0.508578
0.526713
0.512303
0.516322
0.549848
0.495344
0.491913
0.509362
0.511813
0.520439
0.498284
0.505735
0.526027
0.492207
0.490638
0.494363
0.507695
0.494461
0.522008
0.533673
0.519753
0.510048
0.525635
0.502304
0.520341
0.523380
0.509264
0.468778
0.517596
0.485247
0.522694
0.515048
0.494167
0.497598
0.481619
0.512695
0.518969
0.507989
0.534751
0.494461
0.493187
0.511126
0.487109
0.501716
0.518479
0.526909
0.491716
0.486325
0.488678
0.507597
0.502402
0.523184
0.505049
0.500343
0.535732
0.471326
0.516224
0.491226
0.510734
0.506519
0.515440
0.515342
0.508185
0.528184
0.512303
0.516812
0.508087
0.493579
0.495638
0.511322
0.533183
0.518577
0.488285
0.500931
0.518675
0.501716
0.513381
0.509950
0.492599
0.535830
0.470150
0.508480
0.499853
0.517106
0.493579
0.497500
0.514263
0.510440
0.511028
0.515440
0.490638
0.502598
0.515342
0.535046
0.511420
0.498383
0.512695
0.520145
0.529164
0.515048
0.507597
0.506421
0.516910
0.515440
0.501617
0.527007
0.516910
0.507205
0.495148
0.491618
0.501617
0.523380
0.526223
0.515244
0.506911
0.497696
0.527791
0.531222
0.497500
0.512891
0.514655
0.529556
0.504166
0.483286
0.493481
0.516714
0.531517
0.495148
0.519557
0.511715
0.490638
0.499755
0.502206
0.505735
0.496324
0.493481
0.505637
0.538673
0.497794
0.504068
0.517694
0.519165
0.537594
0.524949
0.497206
0.509558
0.480345
0.494755
0.513283
0.524654
0.531418
0.502696
0.502794
0.512793
0.493579
