0.504359
0.542759
0.525355
0.527608
0.519935
0.512424
0.514971
0.521861
0.505273
0.537698
0.530808
0.522776
0.546678
0.528065
0.517061
0.526922
0.519282
0.534171
0.517878
0.528620
0.515396
0.523200
0.539167
0.523102
0.529502
0.532767
0.539951
0.529567
0.527902
0.515624
0.539886
0.523069
0.519804
0.515559
0.515592
0.534629
0.535739
0.522873
0.517812
0.521404
0.521861
0.533388
0.527935
0.523722
0.517061
0.527869
0.523722
0.518857
0.514057
0.514547
0.518890
0.520392
0.507037
0.517355
0.513600
0.516996
0.524506
0.502661
0.511935
0.509029
0.526727
0.517094
0.521339
0.513404
0.513633
0.534237
0.516082
0.514873
0.503412
0.530612
0.511380
0.510824
0.513894
0.513012
0.517290
0.518367
0.517029
0.522971
0.526824
0.521829
0.516310
0.516049
0.511314
0.517714
0.526922
0.516506
0.503282
0.518106
0.518302
0.512490
0.531037
0.523461
0.537829
0.517976
0.525453
0.527804
0.536653
0.532604
0.517812
0.524702
0.521143
0.503086
0.508180
0.511282
0.524604
0.545502
0.528359
0.531135
0.517551
0.498122
0.529927
0.512653
0.508931
0.518922
0.515461
0.516604
0.534824
0.527478
0.520392
0.527673
0.538220
0.528849
0.528914
0.523004
0.521176
0.521894
0.540473
0.513502
0.511804
0.530873
0.518269
0.524180
0.533584
0.506971
0.515429
0.529469
0.539592
0.518073
0.522449
0.535935
0.512980
0.517192
0.524735
0.524865
0.514253
0.505600
0.530873
0.523559
0.516016
0.526857
0.516800
0.512327
0.527380
0.510824
0.526727
0.507331
0.514743
0.526106
0.520065
0.517061
0.534694
0.532408
0.527086
0.531527
0.527641
0.530971
0.527216
0.525224
0.540082
0.528784
0.521208
0.529992
0.535902
0.521371
0.527576
0.522547
0.527706
0.527739
0.531200
0.516441
0.526661
0.522841
0.515135
0.524147
0.540604
0.511380
0.538122
0.508441
0.523918
0.511184
0.528620
0.520522
0.520980
0.526955
0.520359
0.534498
0.515233
0.525518
0.522645
0.522776
0.522580
0.524049
0.529273
0.522743
0.524996
0.505535
0.514155
0.518073
0.518824
0.521306
0.537894
0.532310
0.512327
0.534727
0.511869
0.520588
0.528098
0.523298
0.523820
0.524767
0.530743
0.524212
0.525388
0.524049
0.526465
0.519445
0.523755
0.522678
0.515069
0.519412
0.537404
0.530188
0.528882
0.526204
0.527314
0.518269
0.530384
0.521176
0.523200
0.530220
0.528261
0.519184
0.521633
0.526498
0.539102
0.525649
0.533290
0.525094
0.509388
0.528914
0.528327
0.524571
0.517290
0.523331
0.528555
0.518792
0.528555
0.534955
0.514547
0.530645
0.527445
0.529633
0.516996
0.523624
0.509453
0.518661
0.529110
0.519314
0.525812
0.549649
0.529306
0.532180
0.509943
0.523200
0.534302
0.521371
0.540049
0.516898
0.533127
0.516800
0.521273
0.529829
0.551412
0.537861
0.529861
0.522612
0.517224
0.538057
0.515167
0.516408
0.526824
0.532278
0.513763
0.533388
0.518759
0.533290
0.510596
0.524865
0.520490
0.520914
0.527608
0.536784
0.515690
0.523396
0.518596
0.522318
0.526824
0.513763
0.533714
0.514384
0.521437
0.521861
0.525943
0.537894
0.522808
0.526792
0.507559
0.527837
0.526563
0.534335
0.517388
0.520653
0.518400
0.528457
0.524865
0.530351
0.516898
0.519869
0.526106
0.517127
0.523135
0.520653
0.527673
0.531853
0.513567
0.526857
0.517159
0.529241
0.531624
0.526139
0.518204
0.516245
0.515592
0.523298
0.519249
0.520392
0.518171
0.517976
0.520784
0.526661
0.521110
0.529927
0.516963
0.516800
0.514678
0.518008
0.534400
0.527020
0.525420
0.510302
0.528588
0.520131
0.526955
0.518922
0.509486
0.521796
0.517420
0.522808
0.526433
0.530188
0.518988
0.515527
0.528784
0.530122
0.526759
0.513633
0.515657
0.513143
0.525061
0.518727
0.535020
0.515559
0.533290
0.529731
0.518008
0.528327
0.515722
0.526204
0.510857
0.507331
0.518465
0.546580
0.520620
0.524669
0.526041
0.523298
0.536457
0.511510
0.522449
0.527184
0.542531
0.527118
0.530122
0.500702
0.542727
0.522645
0.522547
0.532310
0.525976
0.522024
0.516931
0.528196
0.528816
0.516506
0.526759
0.532082
0.514286
0.520457
0.520751
0.517453
0.524147
0.524637
0.524604
0.516408
0.520588
0.533159
0.520392
0.530286
0.536098
0.520816
0.528620
0.522449
0.517682
0.534204
0.508506
0.527673
0.525976
0.539167
0.524865
0.518302
0.541486
0.507624
0.513306
0.541388
0.521502
0.514514
0.505404
0.530580
0.521502
0.527249
0.517682
0.523265
0.527086
0.520620
0.517714
0.518400
0.545306
0.524963
0.521078
0.526792
0.531820
0.497698
0.520000
0.535184
0.535184
0.526335
0.532441
0.524441
0.523527
0.535347
0.539135
0.522776
0.524604
0.530482
0.530547
0.531918
0.538743
0.517453
0.520653
0.519347
0.531788
0.520196
0.527837
0.512718
0.529567
0.534008
0.528522
0.512784
0.522645
0.531853
0.519967
0.507069
0.528131
0.514743
0.522645
0.533224
0.527869
0.518041
0.531722
0.524963
0.530841
0.528229
0.525094
0.532604
0.540800
0.524996
0.534433
0.514188
0.526139
0.509910
0.503216
0.521437
0.526367
0.512849
0.511576
0.527576
0.529045
0.519641
0.527184
0.539363
0.515984
0.531559
0.524571
0.518955
0.525159
0.526400
0.505796
0.516441
0.525878
0.536653
0.525290
0.522776
0.523461
0.532147
0.536424
0.524539
0.531167
0.521241
0.515200
0.514645
0.532310
0.519151
0.523069
0.523363
0.515853
0.525420
0.536490
0.517518
0.527282
0.503053
0.527902
0.513633
0.529241
0.517094
0.536424
0.506351
0.523135
0.527608
0.510792
0.520947
0.518269
0.525584
0.524637
0.518922
0.523461
0.511935
0.520457
0.521665
0.529110
0.534433
0.533551
0.520261
0.524082
0.530547
0.525257
0.522220
0.517649
0.514776
0.518269
0.524147
0.547853
0.527412
0.533029
0.527673
0.524049
0.520033
0.521927
0.521306
0.524996
0.527543
0.519412
0.520392
0.536816
0.521437
0.527380
0.531690
0.526922
0.521829
0.523886
0.513241
0.527151
0.534857
0.513829
0.532180
0.519902
0.534988
0.528359
0.528457
0.544327
0.518727
0.536424
0.519510
0.526759
0.526204
0.525780
0.526073
0.522122
0.532441
0.524800
0.526171
0.527739
0.530971
0.531853
0.534204
0.523722
0.523657
0.528033
0.506645
0.525094
0.512686
0.523461
0.531951
0.535347
0.523788
0.514220
0.540865
0.533845
0.523722
0.521012
0.526335
0.523755
0.513992
0.529502
0.531559
0.531820
0.535053
0.513698
0.526629
0.530514
0.506024
0.530514
0.530286
0.528131
0.515233
0.517616
0.516408
0.519869
0.542106
0.529731
0.527151
0.536522
0.513012
0.531102
0.513371
0.519151
0.511673
0.531363
0.535249
0.519347
0.519739
0.517094
0.526824
0.518073
0.528947
0.527380
0.524702
0.535118
0.518433
0.519086
0.528588
0.533845
0.512392
0.529731
0.533029
0.517159
0.531690
0.519673
0.536196
0.526988
0.523331
0.522318
0.516310
