0.350174
0.348617
0.339398
0.350683
0.342409
0.343781
0.351159
0.349272
0.345291
0.337864
0.344262
0.342016
0.343080
0.343209
0.340955
0.352840
0.358320
0.350261
0.348372
0.354939
0.345761
0.349483
0.350529
0.349601
0.346913
0.349279
0.349427
0.342260
0.339719
0.351864
0.347307
0.345864
0.343909
0.344146
0.342015
0.348998
0.343374
0.351201
0.346959
0.337007
0.340598
0.342316
0.343190
0.345350
0.339922
0.344043
0.344479
0.344251
0.353983
0.349920
0.339247
0.354203
0.348710
0.352730
0.344474
0.357052
0.334105
0.344466
0.349470
0.354125
0.351619
0.347598
0.346286
0.341403
0.348049
0.346170
0.352512
0.346480
0.344335
0.354114
0.347469
0.353689
0.347748
0.346025
0.345727
0.344168
0.342738
0.348898
0.343169
0.347416
0.348380
0.344944
0.342997
0.347568
0.353237
0.343391
0.350818
0.352302
0.349923
0.347289
0.338425
0.350160
0.347930
0.343182
0.342832
0.348697
0.344403
0.352796
0.344486
0.353160
0.349287
0.343269
0.343936
0.347577
0.347765
0.351495
0.347242
0.352673
0.349284
0.348301
0.350543
0.350542
0.350002
0.341712
0.345611
0.346572
0.349230
0.341254
0.342253
0.349493
0.348382
0.335518
0.340206
0.348041
0.337283
0.348431
0.343763
0.345333
0.334816
0.356397
0.349050
0.353753
0.346261
0.350441
0.354310
0.349227
0.357362
0.349723
0.344952
0.347439
0.345932
0.351470
0.351285
0.350235
0.349307
0.344308
0.340469
0.344714
0.349181
0.347445
0.351252
0.344709
0.345713
0.346728
0.344983
0.344468
0.346083
0.336645
0.350219
0.347513
0.348819
0.351184
0.345340
0.344850
0.342679
0.357778
0.349669
0.350187
0.344206
0.355737
0.354498
0.346766
0.333947
0.347310
0.345433
0.343844
0.347567
0.348868
0.359193
0.353529
0.351331
0.346905
0.344231
0.342852
0.348180
0.351292
0.349366
0.342427
0.351758
0.345240
0.348889
0.346759
0.352835
0.349139
0.340283
0.351777
0.344727
0.336451
0.351890
0.343477
0.349096
0.350328
0.346485
0.340228
0.341724
0.344815
0.345522
0.348588
0.342958
0.349404
0.351161
0.345635
0.344452
0.348867
0.349258
0.352818
0.347221
0.344293
0.341611
0.350796
0.348242
0.354808
0.348860
0.348763
0.346806
0.343267
0.346100
0.350106
0.350712
0.346303
0.344909
0.352050
0.351251
0.352261
0.344944
0.338658
0.346497
0.349616
0.352908
0.343082
0.354307
0.354326
0.346781
0.352733
0.350035
0.348275
0.345613
0.357200
0.344407
0.352387
0.342200
0.340002
0.349699
0.352548
0.340721
0.356565
0.350131
0.349602
0.344270
0.348750
0.350095
0.346748
0.343830
0.355958
0.355152
0.345144
0.348784
0.351511
0.345042
0.343943
0.353450
0.344196
0.341204
0.351650
0.349395
0.347080
0.347745
0.348045
0.354620
0.351037
0.350712
0.343075
0.354122
0.343401
0.351676
0.347469
0.349878
0.353929
0.345028
0.348462
0.345656
0.339309
0.353930
0.346525
0.357476
0.340977
0.348360
0.345929
0.348358
0.349651
0.355888
0.350657
0.352252
0.346952
0.340209
0.343423
0.353394
0.345665
0.342479
0.349965
0.351743
0.343149
0.340647
0.342011
0.346982
0.347465
0.342187
0.339588
0.348083
0.344166
0.344082
0.346853
0.348634
0.350237
0.338040
0.349940
0.346044
0.342253
0.355779
0.354455
0.349624
0.346535
0.337672
0.343200
0.348107
0.341865
0.338653
0.347077
0.347533
0.343707
0.347784
0.338742
0.346025
0.345949
0.348297
0.352298
0.339336
0.355088
0.342528
0.350331
0.346722
0.344850
0.344767
0.340651
0.351706
0.353857
0.348091
0.348229
0.349087
0.347393
0.351371
0.343672
0.346205
0.349961
0.354125
0.348966
0.350020
0.352350
0.343014
0.345204
0.343331
0.356385
0.341836
0.353089
0.340031
0.336981
0.346398
0.339966
0.347123
0.358550
0.347707
0.341981
0.357748
0.351995
0.348665
0.344198
0.347097
0.350074
0.348656
0.350259
0.347585
0.356684
0.351944
0.342865
0.346567
0.343591
0.345736
0.344695
0.352046
0.347917
0.346278
0.341445
0.350974
0.343075
0.336135
0.337440
0.337612
0.344994
0.341712
0.353965
0.344545
0.350931
0.349792
0.346558
0.354573
0.349377
0.340333
0.340066
0.352224
0.337365
0.350872
0.356414
0.348385
0.340819
0.346929
0.353915
0.340954
0.349866
0.355178
0.345740
0.354167
0.341460
0.358823
0.349644
0.354627
0.353838
0.353234
0.353181
0.340378
0.344168
0.346367
0.344634
0.349259
0.340586
0.350755
0.354301
0.343433
0.346356
0.346622
0.341948
0.361828
0.340532
0.348803
0.345906
0.344791
0.337623
0.351348
0.350958
0.352253
0.342947
0.335082
0.359130
0.346769
0.349678
0.346758
0.348563
0.348758
0.350551
0.352340
0.351301
0.342877
0.340967
0.343657
0.346886
0.349290
0.348322
0.343607
0.349105
0.349229
0.359028
0.355732
0.342038
0.342387
0.345540
0.344926
0.354335
0.341991
0.345564
0.348344
0.345788
0.352145
0.344977
0.357129
0.352335
0.350235
0.351152
0.347867
0.343200
0.346252
0.352598
0.343636
0.346700
0.338744
0.343666
0.346228
0.343487
0.355449
0.344495
0.343637
0.348752
