0.348064
0.351214
0.341048
0.341084
0.341327
0.345810
0.345895
0.346656
0.352424
0.351054
0.346950
0.349172
0.342148
0.352481
0.345834
0.352815
0.340995
0.353082
0.341288
0.347990
0.344845
0.348727
0.347619
0.353796
0.346377
0.339197
0.346488
0.346548
0.342353
0.352200
0.341094
0.352383
0.351426
0.349341
0.344718
0.340656
0.345598
0.349677
0.343532
0.347656
0.345486
0.350611
0.347739
0.343231
0.345287
0.349708
0.348663
0.346526
0.351644
0.350595
0.345481
0.340945
0.344024
0.349034
0.345187
0.347065
0.341320
0.344897
0.346339
0.344380
0.349339
0.346790
0.352504
0.350861
0.345624
0.347303
0.349209
0.336910
0.350493
0.343421
0.349656
0.345260
0.349437
0.347249
0.351839
0.349789
0.345083
0.342686
0.347400
0.347161
0.341366
0.345309
0.349945
0.348768
0.347755
0.346602
0.347033
0.347743
0.348583
0.353611
0.348682
0.344584
0.342976
0.348991
0.350425
0.349977
0.349714
0.347085
0.352452
0.351357
0.351422
0.345199
0.345813
0.348159
0.340786
0.348544
0.343136
0.349165
0.349233
0.346370
0.346217
0.353507
0.346372
0.346073
0.348977
0.346666
0.342017
0.342655
0.341656
0.349762
0.344122
0.343169
0.343967
0.343973
0.346381
0.348387
0.348985
0.346910
0.346256
0.339501
0.349390
0.348873
0.341600
0.342956
0.352209
0.353650
0.349986
0.345627
0.343520
0.347847
0.347655
0.348503
0.347752
0.345164
0.346277
0.350028
0.340617
0.350762
0.346154
0.356408
0.349379
0.348343
0.350515
0.345289
0.346431
0.349803
0.344368
0.345888
0.350350
0.342286
0.352888
0.348398
0.342375
0.340774
0.343418
0.343227
0.347361
0.346377
0.341499
0.347220
0.348097
0.346063
0.348070
0.346355
0.343104
0.342890
0.347069
0.345766
0.345601
0.343837
0.345339
0.346707
0.348772
0.348757
0.348923
0.344241
0.347121
0.343558
0.347297
0.355531
0.349916
0.348517
0.345473
0.353825
0.346561
0.343462
0.351047
0.338845
0.343227
0.348367
0.348769
0.341844
0.344382
0.343175
0.341811
0.350288
0.345786
0.341947
0.343133
0.346986
0.340967
0.346138
0.346638
0.348097
0.347495
0.345468
0.342372
0.342232
0.345391
0.350495
0.348828
0.344207
0.349591
0.344620
0.348283
0.346021
0.341226
0.346215
0.346870
0.343894
0.348855
0.349621
0.342998
0.350818
0.354575
0.344789
0.350589
0.344193
0.350777
0.341160
0.344328
0.348994
0.347528
0.347608
0.351018
0.344165
0.345888
0.345877
0.345338
0.343419
0.343985
0.346351
0.350015
0.349029
0.346593
0.350395
0.342832
0.346950
0.347232
0.346661
0.348275
0.349833
0.345164
0.346230
0.352304
0.343245
0.348596
0.346493
0.347973
0.347664
0.345272
0.350394
0.347717
0.351633
0.349902
0.344627
0.349382
0.347720
0.349087
0.350651
0.351031
0.343601
0.346442
0.345497
0.345921
0.347950
0.352051
0.342545
0.345766
0.343431
0.348712
0.345481
0.347774
0.350312
0.343702
0.345957
0.340997
0.349626
0.342391
0.349615
0.344969
0.345635
0.349670
0.339129
0.338588
0.347200
0.353435
0.347795
0.339080
0.345850
0.341301
0.344771
0.353947
0.346133
0.346445
0.352175
0.351577
0.347308
0.352157
0.344257
0.349644
0.342165
0.346028
0.348149
0.349650
0.343907
0.340582
0.342763
0.348750
0.347598
0.344806
0.346304
0.343135
0.342801
0.347751
0.344966
0.343831
0.350377
0.349358
0.345250
0.348371
0.347074
0.354326
0.347546
0.351321
0.341663
0.341021
0.348305
0.345484
0.346188
0.347867
0.346755
0.351070
0.348050
0.343695
0.348633
0.343794
0.347011
0.349328
0.349867
0.347501
0.344711
0.346893
0.344819
0.338367
0.354210
0.348728
0.347106
0.345433
0.354084
0.345548
0.352041
0.345104
0.346188
0.351643
0.344172
0.350081
0.339048
0.345982
0.347306
0.352012
0.348763
0.344039
0.350259
0.340160
0.347493
0.348121
0.345408
0.343316
0.343388
0.349386
0.346307
0.344885
0.344219
0.347798
0.348557
0.346694
0.342176
0.347730
0.346528
0.346302
0.352669
0.348475
0.349581
0.349346
0.343812
0.340667
0.351035
0.339931
0.349401
0.342499
0.346913
0.346116
0.349314
0.345353
0.348451
0.349138
0.346227
0.343752
0.344844
0.353201
0.348377
0.343794
0.343510
0.343021
0.343894
0.344094
0.346010
0.343300
0.343229
0.346407
0.345452
0.348022
0.348458
0.352242
0.345977
0.349373
0.347184
0.351673
0.351252
0.343547
0.351023
0.348260
0.345707
0.348336
0.346738
0.349734
0.350611
0.352448
0.345248
0.342340
0.345606
0.341113
0.343167
0.345310
0.351391
0.345477
0.352821
0.347957
0.345361
0.348873
0.349510
0.347554
0.344546
0.350518
0.344509
0.344852
0.347175
0.346949
0.350136
0.349058
0.345295
0.346751
0.346235
0.335326
0.341751
0.341048
0.342055
0.347664
0.354062
0.344666
0.347955
0.346662
0.343727
0.345194
0.341750
0.348714
0.352426
0.345485
0.345879
0.340272
0.348657
0.345062
0.341261
0.344291
0.342969
0.344651
0.349697
0.351923
0.342153
0.347079
0.353819
0.341486
0.344010
0.349705
0.347147
0.351209
0.343786
0.352976
0.349856
0.349796
0.348394
0.347301
0.348389
0.346695
0.346338
0.338613
0.344444
0.349346
0.350375
0.341928
0.340072
0.347624
0.345923
0.344405
0.343469
0.354078
0.342758
0.341823
0.347339
0.343357
0.344441
0.351133
0.347337
0.349878
0.350143
0.349824
0.344281
0.346527
0.352050
0.342183
0.354105
0.348936
0.344431
0.349012
0.352469
0.343052
0.342916
0.346537
0.340401
0.346250
0.348758
0.344393
0.346892
0.348202
0.350753
0.343066
0.343708
0.342637
0.350933
0.340889
0.347151
0.345686
0.347087
0.349017
0.345082
0.348587
0.346228
0.347608
0.352069
0.349826
0.344434
0.345001
0.346987
0.343524
0.337956
0.348624
0.351734
0.342615
0.342727
0.345094
0.346354
0.342633
0.346791
0.348997
0.345495
0.344216
0.353564
0.343832
0.345620
0.346524
0.346175
0.343293
0.346228
0.345187
0.343562
0.348871
0.352156
0.344788
0.352686
0.341689
0.349022
0.346700
0.351433
0.343171
0.342508
0.345433
0.346168
0.343926
0.344822
0.352126
0.346150
0.343266
0.347648
0.344024
0.347180
0.350227
0.345403
0.342357
0.349398
0.344402
0.347836
0.352288
0.346780
0.346311
0.346367
0.346992
0.351165
0.348872
0.349676
0.347073
0.349814
0.346552
0.349750
0.346533
0.349657
0.347524
0.353703
0.343628
0.348909
0.349080
0.346470
0.341280
0.343685
0.350833
0.347168
0.348732
0.342837
0.348780
0.346105
0.348530
0.344468
0.346569
0.349805
0.349708
0.346453
0.346589
0.342718
0.345738
0.346589
0.348923
0.345562
0.345197
0.344706
0.342066
0.348504
0.345427
0.344948
0.350686
0.338982
0.348064
0.345962
0.349178
0.343217
0.343199
0.352305
0.346857
0.349569
0.347606
0.346718
0.344717
0.345689
0.351220
0.350626
0.348233
0.350516
0.341565
0.341837
0.345641
0.347281
0.348064
0.343303
0.349790
0.346741
0.341999
0.341097
0.347294
0.344949
0.344425
0.346658
0.347000
0.349434
0.340569
0.339200
0.342280
0.340723
0.350373
0.344184
0.345739
0.343707
0.347935
0.345999
0.352553
0.342533
0.344252
0.344203
0.353490
0.348478
0.347833
0.346181
0.346883
0.344325
0.347010
0.341000
0.343706
0.345512
0.347132
0.349802
0.348729
0.346329
0.348772
0.348027
0.350533
0.344164
0.344076
0.349497
0.351745
0.346460
0.354390
0.345205
0.353414
0.347378
0.343775
0.345533
0.347151
0.344428
0.345628
0.347219
0.346216
0.341214
0.353005
0.350562
0.345454
0.342769
0.346315
0.341849
0.345474
0.346439
0.346649
0.348363
0.345990
0.343449
0.340176
0.347279
0.345639
0.344242
0.345940
0.344939
0.346689
0.347924
0.349360
0.350075
0.347537
0.343120
0.346242
0.340172
0.351717
0.344240
0.352382
0.344306
0.342770
0.347099
0.348340
0.342781
0.345335
0.340593
0.346985
0.339826
0.353650
0.344812
0.352419
0.348004
0.347203
0.348268
0.350154
0.347303
0.351115
0.348021
0.353245
0.347926
0.354538
0.346812
0.347289
0.347995
0.341566
0.339901
0.351654
0.354426
0.348468
0.341861
0.347604
0.342355
0.348800
0.345655
0.350780
0.347427
0.345849
0.348737
0.346556
0.344832
0.344691
0.339944
0.345204
0.340291
0.350599
0.346233
0.348471
0.343767
0.341596
0.342789
0.349980
0.347598
0.352053
0.346891
0.350452
0.345945
0.344834
0.351059
0.342302
0.347401
0.349342
0.346782
0.343739
0.349930
0.344001
0.348682
0.349969
0.344021
0.343631
0.344385
0.351216
0.344662
0.347185
0.351786
0.347428
0.349251
0.350456
0.343373
0.346977
0.342077
0.351275
0.350378
0.349854
0.346583
0.348327
0.349288
0.347409
0.356019
0.348112
0.349801
0.345502
0.346907
0.349600
0.350978
0.338903
0.348306
0.349178
0.343915
0.345716
0.349290
0.347015
0.341570
0.346135
0.352728
0.346447
0.344520
0.344891
0.350731
0.349396
0.349596
0.343627
0.344580
0.344541
0.344269
0.354027
0.347510
0.348552
0.350622
0.344616
0.345150
0.341705
0.345369
0.351908
0.342684
0.348363
0.343919
0.345247
0.353902
0.344346
0.353629
0.343525
0.346609
0.353016
0.340291
0.350565
0.349017
0.343491
0.345348
0.343478
0.349805
0.346261
0.347222
0.349309
0.350378
0.345872
0.351242
0.349842
0.338680
0.348526
0.341655
0.350391
0.347245
0.342144
0.351071
0.344650
0.347235
0.352945
0.353821
0.349740
0.347315
0.344892
0.349235
0.343010
0.342937
0.345096
0.344873
0.352281
0.343140
0.347567
0.346481
0.346278
0.349263
0.349935
0.347613
0.344609
0.352573
0.349282
0.345340
0.350124
0.344135
0.351621
0.342713
0.353636
0.342771
0.353768
0.342909
0.346652
0.344206
0.350229
0.345057
0.349176
0.346733
0.348442
0.349084
0.345572
0.347100
0.346222
0.344898
0.344115
0.342823
0.346132
0.346040
0.348463
0.340904
0.346834
0.343843
0.346451
0.349373
0.348500
0.342114
0.350337
0.352499
0.349824
0.346188
0.343807
0.353314
0.341754
0.343764
0.343662
0.353430
0.351579
0.347761
0.349295
0.343531
0.342168
0.341335
0.347050
0.348252
0.347309
0.350519
0.343362
0.352702
0.343974
0.346163
0.344954
0.346863
0.349111
0.352745
0.345536
0.344721
0.351643
0.345120
0.346212
0.347933
0.343476
0.278094
0.282242
0.277700
0.277741
0.273345
0.272134
0.273502
0.278331
0.276017
0.278150
0.277477
0.709614
0.713696
0.712069
0.712795
0.714895
0.713610
0.709068
0.703985
0.707217
0.707591
0.907235
0.917096
0.914130
0.911453
0.906278
0.904739
0.906710
0.906610
0.909956
0.908207
0.765041
0.764423
0.771323
0.758520
0.762273
0.758753
0.760458
0.763389
0.776692
0.768743
0.631636
0.629327
0.626776
0.646425
0.641166
0.629649
0.638787
0.642755
0.635072
0.633802
0.527030
0.545078
0.532823
0.532423
0.531903
0.531098
0.534760
0.530188
0.537492
0.540633
0.464043
0.467724
0.467134
0.466514
0.472791
0.461385
0.459513
0.458061
0.466354
0.469537
0.421904
0.416685
0.411815
0.418108
0.417221
0.409787
0.412880
0.412866
0.410089
0.418872
0.378753
0.381833
0.377395
0.383717
0.382375
0.382153
0.383689
0.377443
0.380426
0.382142
0.350083
0.349446
0.357198
0.358124
0.351775
0.357895
0.352140
0.352435
0.361557
0.352837
0.335597
0.334257
0.339162
0.331861
0.328119
0.329544
0.332942
0.327834
0.334985
0.331200
0.346626
0.350166
0.342297
0.349178
0.347112
0.347160
0.341662
0.343120
0.344656
0.346227
0.316390
0.320428
0.312686
0.319515
0.314451
0.317595
0.323800
0.315169
0.318489
0.322154
0.306813
0.304289
0.307362
0.302469
0.306433
0.308118
0.307470
0.302155
0.306429
0.302816
0.289642
0.295186
0.297589
0.298236
0.297481
0.293511
0.293292
0.295126
0.292722
0.291463
0.285438
0.286541
0.286453
0.289960
0.285196
0.288221
0.284885
0.283465
0.288638
0.285517
0.348138
0.344598
0.351400
0.343760
0.349586
0.343142
0.352554
0.344495
0.351331
0.349644
0.350217
0.349247
0.342757
0.346403
0.346015
0.353251
0.348266
0.342549
0.343055
0.343066
0.342812
0.345148
0.350582
0.342069
0.347132
0.343882
0.347756
0.352838
0.346873
0.354732
0.346964
0.345815
0.344934
0.348535
0.346291
0.346106
