0.352262
0.340048
0.357486
0.353530
0.341909
0.348717
0.343823
0.350773
0.345337
0.344293
0.348960
0.349634
0.351237
0.350554
0.353935
0.345809
0.342248
0.345198
0.348917
0.350584
0.354438
0.346291
0.343351
0.352644
0.355657
0.348108
0.345498
0.349614
0.357846
0.353279
0.342614
0.348334
0.353565
0.345291
0.345466
0.348182
0.347186
0.341496
0.353732
0.349342
0.342370
0.347504
0.347024
0.349039
0.346469
0.355544
0.350202
0.348245
0.343862
0.350509
0.343142
0.347810
0.345699
0.344654
0.348672
0.340767
0.345796
0.342025
0.347317
0.347404
0.341451
0.344440
0.341081
0.353598
0.348066
0.346531
0.350456
0.348066
0.354031
0.350758
0.351464
0.350120
0.348798
0.353111
0.350764
0.347288
0.345740
0.348771
0.350813
0.346905
0.340794
0.349200
0.348538
0.343156
0.345166
0.345263
0.346168
0.347601
0.343619
0.336215
0.350125
0.348419
0.356200
0.352106
0.357685
0.343887
0.340133
0.355582
0.355205
0.350076
0.348750
0.344764
0.350903
0.351956
0.357137
0.349116
0.344983
0.348508
0.342332
0.351352
0.343501
0.347194
0.350361
0.349352
0.339671
0.352073
0.347446
0.349756
0.349677
0.347407
0.346402
0.354855
0.342188
0.343839
0.343089
0.344997
0.343559
0.349857
0.352396
0.352290
0.351346
0.346319
0.354425
0.353995
0.345686
0.348669
0.346126
0.351532
0.352461
0.346553
0.350752
0.349827
0.350070
0.350718
0.353174
0.344932
0.342799
0.339403
0.349223
0.349952
0.350755
0.347464
0.346400
0.343395
0.352890
0.347611
0.349483
0.347263
0.349692
0.350621
0.354492
0.347348
0.344785
0.342902
0.348612
0.349917
0.345824
0.346841
0.350270
0.347968
0.353189
0.353772
0.348307
0.354192
0.347225
0.358441
0.339548
0.350482
0.336848
0.341373
0.349329
0.342510
0.352605
0.347421
0.346815
0.343899
0.353221
0.347973
0.350477
0.350112
0.355717
0.346866
0.343108
0.340079
0.343233
0.347947
0.348461
0.349139
0.345875
0.348458
0.345304
0.347826
0.353800
0.347191
0.347061
0.345178
0.355331
0.349690
0.338834
0.347360
0.350832
0.345151
0.355344
0.343425
0.354003
0.336689
0.343778
0.350073
0.351115
0.346235
0.341658
0.354256
0.359175
0.347515
0.351804
0.352293
0.342416
0.347874
0.350937
0.345593
0.346166
0.344037
0.352485
0.353962
0.345914
0.345401
0.346672
0.351219
0.349034
0.343552
0.342454
0.348743
0.352907
0.346486
0.347145
0.348770
0.351034
0.351650
0.340344
0.346330
0.343946
0.353017
0.350976
0.356432
0.342136
0.348572
0.352701
0.355528
0.349666
0.350802
0.348938
0.342144
0.359032
0.347800
0.345559
0.353934
0.345970
0.346234
0.347974
0.347427
0.351817
0.342118
0.343041
0.347619
0.340317
0.351445
0.341993
0.345147
0.350991
0.355532
0.344360
0.345198
0.342945
0.347107
0.346999
0.349655
0.349502
0.346119
0.349994
0.340099
0.350883
0.354057
0.349249
0.343217
0.348080
0.351789
0.347801
0.343350
0.350559
0.344809
0.342174
0.348698
0.337317
0.351597
0.351732
0.346148
0.345808
0.337296
0.354604
0.346253
0.346346
0.350687
0.343849
0.349288
0.349817
0.347607
0.341297
0.353552
0.351322
0.335569
0.350769
0.341051
0.352717
0.349573
0.346064
0.344353
0.352884
0.350231
0.350217
0.344415
0.350776
0.347692
0.345759
0.347179
0.352937
0.344072
0.345610
0.347716
0.346722
0.348051
0.354210
0.346344
0.349085
0.342083
0.351530
0.342639
0.353002
0.346123
0.357826
0.349974
0.355856
0.338756
0.347057
0.342503
0.354376
0.356627
0.347758
0.349199
0.346460
0.339633
0.341972
0.346812
0.340688
0.343687
0.342664
0.345824
0.347958
0.349372
0.345731
0.348679
0.355544
0.352034
0.346271
0.351406
0.350373
0.343888
0.350439
0.350529
0.350828
0.346972
0.345085
0.349288
0.349389
0.352020
0.346114
0.348486
0.343051
0.342747
0.348247
0.347137
0.347551
0.351701
0.349063
0.347449
0.347097
0.346055
0.347537
0.349318
0.348399
0.347013
0.348788
0.345362
0.353194
0.353210
0.339502
0.345757
0.343481
0.347698
0.348199
0.346966
0.342714
0.345972
0.350338
0.347881
0.351923
0.346946
0.335398
0.351413
0.344281
0.349336
0.354102
0.351952
0.347373
0.341500
0.344098
0.344272
0.345741
0.346394
0.350521
0.347336
0.342825
0.344578
0.350822
0.347291
0.354100
0.347324
0.348539
0.350796
0.349727
0.352735
0.344875
0.343099
0.351837
0.348133
0.353174
0.347373
0.345092
0.350476
0.349282
0.342718
0.356916
0.350202
0.351569
0.350993
0.347782
0.350524
0.350476
0.351690
0.349956
0.347917
0.342273
0.342460
0.348513
0.337440
0.352292
0.343414
0.353166
0.352730
0.347334
0.344892
0.343452
0.351179
0.344986
0.356077
0.348034
0.344518
0.349208
0.350632
0.348717
0.354054
0.347768
0.354281
0.349913
0.350837
0.353061
0.354060
0.344603
0.345629
0.342627
0.343647
0.351736
0.354227
0.348419
0.346100
0.349541
0.347161
0.343878
0.351049
0.342379
0.346268
0.347556
0.345082
0.349809
0.345248
0.354422
0.355145
0.339367
0.353730
0.350125
0.343192
