0.348022
0.352145
0.345133
0.348477
0.350515
0.347677
0.348805
0.351368
0.345567
0.352354
0.353502
0.346689
0.350264
0.344377
0.348366
0.347678
0.344329
0.351153
0.343384
0.348004
0.345168
0.342584
0.350360
0.346824
0.351069
0.353982
0.341033
0.354958
0.345186
0.350497
0.350586
0.346314
0.344051
0.349663
0.343076
0.344200
0.349155
0.354461
0.344084
0.353279
0.337568
0.349650
0.341232
0.352059
0.341536
0.343747
0.352853
0.354392
0.345293
0.351481
0.350953
0.350980
0.353372
0.357855
0.342211
0.343023
0.353424
0.346220
0.354839
0.336928
0.343367
0.352867
0.346884
0.342681
0.347742
0.348778
0.343705
0.348841
0.344568
0.356876
0.342878
0.357050
0.348202
0.345448
0.339606
0.348275
0.354556
0.342689
0.346166
0.349283
0.346951
0.342887
0.342035
0.352310
0.353724
0.343584
0.349432
0.345076
0.353211
0.348230
0.345684
0.341030
0.350657
0.345740
0.346828
0.352992
0.340630
0.349332
0.349525
0.345399
0.348869
0.354201
0.338851
0.353038
0.351390
0.345528
0.341713
0.351482
0.350731
0.341495
0.346078
0.352280
0.341440
0.347140
0.346890
0.344450
0.341373
0.346908
0.344890
0.347958
0.347828
0.345795
0.348645
0.346071
0.343638
0.351402
0.347909
0.348042
0.352788
0.347628
0.344741
0.345608
0.348609
0.355380
0.350677
0.345427
0.341839
0.354973
0.341449
0.345024
0.352931
0.340714
0.341437
0.351217
0.350427
0.346576
0.341547
0.347708
0.343674
0.346723
0.346071
0.344330
0.347238
0.354119
0.352357
0.345218
0.350422
0.350228
0.348284
0.356456
0.351404
0.341038
0.339309
0.346303
0.343714
0.343215
0.343137
0.342720
0.345502
0.350981
0.343024
0.339883
0.349243
0.347969
0.352467
0.351989
0.345148
0.345971
0.351142
0.352251
0.337537
0.349002
0.344600
0.334816
0.347004
0.352670
0.346425
0.342382
0.344591
0.352556
0.339576
0.340429
0.355270
0.347432
0.345774
0.346955
0.346830
0.355700
0.346837
0.341881
0.343817
0.346761
0.340046
0.348908
0.354827
0.359204
0.341193
0.342250
0.350144
0.346286
0.354030
0.351076
0.357746
0.347564
0.348650
0.339987
0.349495
0.346829
0.349324
0.347074
0.343561
0.345826
0.344182
0.338874
0.350419
0.342409
0.331889
0.357711
0.344978
0.349435
0.350518
0.352301
0.345245
0.345231
0.352682
0.351142
0.338359
0.355789
0.349837
0.354331
0.347352
0.351799
0.347405
0.357524
0.351341
0.340247
0.339219
0.350321
0.346486
0.351116
0.346409
0.345270
0.345369
0.351405
0.340687
0.345403
0.348115
0.349980
0.339718
0.346377
0.349730
0.344267
0.349048
0.346952
0.350826
0.343247
0.348825
0.344491
0.339788
0.338347
0.347769
0.351756
0.342691
0.352456
0.351575
0.347161
0.348273
0.342695
0.343714
0.348076
0.340949
0.352423
0.347351
0.343546
0.346482
0.353817
0.341457
0.346790
0.344635
0.342030
0.352522
0.351301
0.350623
0.346890
0.348864
0.355700
0.339834
0.340849
0.343645
0.341071
0.349525
0.346100
0.345123
0.350691
0.345197
0.343615
0.351969
0.349066
0.353434
0.350701
0.347984
0.345699
0.352323
0.350240
0.347399
0.351965
0.349467
0.342056
0.343663
0.346601
0.344514
0.348460
0.347977
0.352920
0.346906
0.344762
0.349936
0.352474
0.343722
0.355306
0.342134
0.349480
0.353403
0.345168
0.341411
0.352099
0.342715
0.349579
0.350426
0.342226
0.345635
0.342317
0.346002
0.345137
0.339165
0.350567
0.347938
0.351428
0.348349
0.358852
0.344225
0.343085
0.339537
0.356282
0.349457
0.353069
0.342043
0.357306
0.344685
0.352234
0.353499
0.341416
0.352792
0.347701
0.351416
0.343307
0.343802
0.345845
0.347911
0.346595
0.345770
0.350062
0.352343
0.350037
0.340247
0.352769
0.346751
0.346585
0.347146
0.349180
0.350479
0.347166
0.358019
0.349547
0.350400
0.351951
0.345353
0.346213
0.359477
0.351708
0.343283
0.353955
0.345054
0.344856
0.347465
0.350279
0.351467
0.345540
0.348711
0.345407
0.350007
0.345486
0.351635
0.351813
0.349531
0.348891
0.345490
0.349428
0.338388
0.350993
0.347868
0.349784
0.357546
0.347197
0.343329
0.338942
0.341437
0.343906
0.348427
0.344861
0.355891
0.346107
0.350821
0.341483
0.350940
0.347452
0.352523
0.346912
0.349057
0.345875
0.351553
0.352995
0.342267
0.355058
0.343425
0.357827
0.346146
0.341848
0.355530
0.347613
0.349080
0.349851
0.350889
0.339748
0.350458
0.350960
0.346569
0.351858
0.346843
0.343874
0.348687
0.350540
0.339186
0.343430
0.351443
0.354494
0.346647
0.353220
0.348996
0.350763
0.351950
0.350821
0.353424
0.350232
0.348814
0.353091
0.346824
0.342683
0.345951
0.342275
0.343959
0.350950
0.350702
0.342969
0.352678
0.349579
0.354121
0.348342
0.342107
0.354816
0.340028
0.346180
0.346809
0.345099
0.348226
0.344446
0.335763
0.353846
0.350191
0.348218
0.352251
0.352533
0.345662
0.356512
0.343988
0.343371
0.345168
0.348000
0.343724
0.342426
0.351077
0.351626
0.352034
0.346483
0.348904
0.348737
0.349455
0.348969
0.346599
0.347846
0.342074
0.344156
0.352721
0.341881
0.345919
0.350167
0.353817
0.353033
0.340168
0.342689
