0.322237
0.373708
0.329700
0.361446
0.284095
0.346857
0.322483
0.313527
0.333333
0.327318
0.374827
0.323773
0.345616
0.329542
0.293471
0.352247
0.365685
0.327759
0.340495
0.350053
0.335826
0.362509
0.346535
0.348877
0.332044
0.320532
0.367150
0.380316
0.339559
0.348975
0.367202
0.375000
0.364660
0.334761
0.346521
0.361606
0.352242
0.345066
0.382939
0.354314
0.350674
0.358080
0.351090
0.359023
0.358676
0.358947
0.365522
0.346002
0.369904
0.310345
0.308748
0.337181
0.329538
0.336720
0.355469
0.374685
0.355908
0.334927
0.393544
0.390098
0.328003
0.345011
0.358253
0.363736
0.345085
0.330113
0.373737
0.336095
0.333698
0.434114
0.412453
0.333333
0.377565
0.334034
0.335278
0.341804
0.340746
0.333448
0.361894
0.313833
0.368145
0.358880
0.353558
0.382177
0.373413
0.386555
0.338617
0.349889
0.344971
0.382796
0.300170
0.338430
0.355474
0.326343
0.351053
0.372863
0.320310
0.355676
0.374402
0.309589
0.366776
0.350552
0.307883
0.350564
0.321272
0.368691
0.377193
0.395075
0.352981
0.340206
0.405975
0.364341
0.352682
0.375851
0.308212
0.332033
0.350439
0.359189
0.299065
0.321862
0.350847
0.324425
0.339032
0.362745
0.349279
0.338971
0.338691
0.341868
0.294448
0.371558
0.362441
0.357509
0.310559
0.320872
0.335037
0.370577
0.351893
0.294603
0.335972
0.365836
0.353570
0.364489
0.320352
0.390652
0.329496
0.377740
0.293092
0.336240
0.357703
0.352374
0.343560
0.369181
0.321951
0.375090
0.322205
0.327223
0.333333
0.322492
0.330630
0.398551
0.399783
0.377129
0.352414
0.353175
0.336738
0.390688
0.304656
0.351871
0.392708
0.341764
0.367199
0.373573
0.362256
0.294798
0.360943
0.356816
0.393181
0.334848
0.345319
0.323374
0.375046
0.328470
0.389917
0.343000
0.405348
0.360434
0.310247
0.341522
0.366018
0.335357
0.349234
0.341348
0.341142
0.353917
0.368281
0.373810
0.349735
0.343000
0.311141
0.328408
0.355366
0.339833
0.359128
0.359392
0.311645
0.344375
0.348014
0.375185
0.333458
0.307273
0.395962
0.383234
0.359023
0.355161
0.365572
0.345721
0.339855
0.364466
0.367626
0.298839
0.344357
0.337921
0.410047
0.343044
0.366972
0.346094
0.326586
0.375089
0.364352
0.414514
0.379514
0.360539
0.316950
0.385033
0.333225
0.341006
0.349566
0.365028
0.385321
0.335836
0.315567
0.292256
0.317837
0.361041
0.336041
0.368301
0.352402
0.388889
0.338421
0.356715
0.322430
0.358246
0.402722
0.333333
0.345970
0.381298
0.409800
0.349350
0.330853
0.340790
0.329636
0.386757
0.361047
0.308239
0.373519
0.327550
0.330680
0.346298
0.337919
0.333917
0.318779
0.359343
0.344576
0.359697
0.324492
0.357439
0.361250
0.362220
0.320513
0.320619
0.383877
0.382474
0.340574
0.341976
0.343253
0.340470
0.376670
0.337730
0.347113
0.373313
0.352377
0.316517
0.329730
0.348920
0.327527
0.317710
0.361041
0.351469
0.374607
0.373267
0.346206
0.386591
0.360360
0.337466
0.333443
0.362875
0.301748
0.341896
0.378714
0.357195
0.354967
0.335429
0.353022
0.340239
0.368478
0.336585
0.350787
0.377703
0.367856
0.338921
0.314658
0.357585
0.353818
0.378428
0.354256
0.350494
0.334634
0.367089
0.320932
0.366370
0.330113
0.325317
0.372584
0.365537
0.350290
0.326642
0.341548
0.334012
0.343528
0.322909
0.328581
0.345550
0.345654
0.344297
0.314413
0.337767
0.353654
0.376698
0.371112
0.314695
0.331592
0.325710
0.385109
0.328147
0.372669
0.381038
0.353763
0.391047
0.363669
0.396077
0.373145
0.361898
0.361050
0.420437
0.312581
0.366291
0.331542
0.319277
0.328075
0.342522
0.343831
0.335657
0.380988
0.324948
0.351801
0.336694
0.360000
0.409073
0.346883
0.338837
0.349545
0.360073
0.348227
0.379677
0.329212
0.357243
0.335935
0.309740
0.371397
0.345977
0.322040
0.342265
0.330897
0.356942
0.369536
0.386238
0.325106
0.370968
0.361432
0.364092
0.333792
0.348011
0.338506
0.316048
0.341969
0.354815
0.334868
0.361847
0.379107
0.380513
0.350673
0.346975
0.295759
0.349368
0.360927
0.370464
0.307081
0.371988
0.383044
0.316938
0.320832
0.396539
0.367918
0.351313
0.331217
0.368107
0.371264
0.376033
0.339446
0.326679
0.384124
0.371927
0.334248
0.373646
0.365057
0.300037
0.378508
0.390514
0.322783
0.356537
0.325132
0.327467
0.339668
0.339720
0.349359
0.393147
0.370557
0.374681
0.352208
0.377989
0.353144
0.351973
0.350711
0.377832
0.359321
0.389016
0.375409
0.343995
0.354451
0.358164
0.357423
0.337453
0.383493
0.342783
0.376401
0.394310
0.400000
0.341926
0.325683
0.330140
0.356189
0.346642
0.403881
0.362445
0.364099
0.360014
0.333549
0.403145
0.311447
0.365862
0.347096
0.321970
0.390922
0.347950
0.395098
0.315236
0.347320
0.379538
0.354793
0.391882
0.343593
0.330360
0.329647
0.327766
0.354174
0.363379
0.337299
0.329478
0.338919
0.305404
0.371522
0.367495
0.343497
0.351371
0.352149
0.323858
0.330654
0.381481
0.307389
0.398036
0.316838
0.347368
0.360153
0.335861
0.328438
0.332350
0.359954
0.352685
0.311013
0.328416
0.349414
0.339829
0.328952
0.392711
0.322091
0.357117
0.365738
0.365917
0.339459
0.331219
0.356688
0.370007
0.349525
0.364370
0.370799
0.393567
0.365220
0.385940
0.357119
0.350977
0.407020
0.305232
0.354699
0.329615
0.359516
0.306615
0.354474
0.354145
0.364580
0.327646
0.353528
0.353953
0.309684
0.305284
0.315681
0.333567
0.377569
0.350333
0.353204
0.364092
0.355332
0.354628
0.347857
0.386304
0.323298
0.378599
0.375820
0.323254
0.377177
0.325931
0.317391
0.333889
0.381083
0.326834
0.320594
0.362955
0.338418
0.357420
0.348418
0.355556
0.340944
0.356753
0.348697
0.368257
0.344914
0.340103
0.329601
0.352248
0.333808
0.330478
0.339922
0.335502
0.341933
0.332499
0.339513
0.336953
0.372461
0.345153
0.366370
0.422644
0.354387
0.361450
0.380762
0.319077
0.381544
0.376296
0.365121
0.356634
0.338792
0.343382
0.302461
0.347063
0.344220
0.374172
0.351456
0.369557
0.375794
0.350801
0.335598
0.345183
