0.524729
0.523935
0.532533
0.519155
0.522577
0.533504
0.519983
0.528129
0.523162
0.520049
0.531716
0.525369
0.527345
0.531098
0.526484
0.520932
0.524409
0.528140
0.529100
0.520138
0.533526
0.522058
0.523548
0.520458
0.530127
0.526241
0.530877
0.525502
0.524133
0.528747
0.524001
0.531650
0.527555
0.529210
0.524211
0.531749
0.528283
0.533394
0.523383
0.523151
0.531286
0.532643
0.521970
0.525877
0.527091
0.537930
0.526021
0.530325
0.527301
0.526661
0.523294
0.538029
0.519067
0.530469
0.532367
0.521826
0.530877
0.528294
0.528614
0.520723
0.525237
0.530105
0.523427
0.526837
0.537709
0.531683
0.527135
0.527334
0.530425
0.525060
0.523283
0.530149
0.525425
0.528901
0.525458
0.534564
0.529619
0.529420
0.528438
0.527191
0.528471
0.535082
0.530612
0.524928
0.520921
0.529166
0.527367
0.520094
0.524542
0.526043
0.527378
0.520546
0.522621
0.533703
0.515105
0.531550
0.528846
0.525888
0.519420
0.523879
0.528195
0.520182
0.529773
0.525855
0.527411
0.525921
0.526297
0.516771
0.527577
0.528670
0.521363
0.519299
0.527930
0.520877
0.518990
0.523990
0.535524
0.527301
0.525138
0.523052
0.525049
0.534398
0.529034
0.519718
0.525634
0.516749
0.526804
0.523703
0.523383
0.527842
0.520877
0.523217
0.535336
0.528140
0.529906
0.526264
0.526882
0.527334
0.530226
0.528471
0.527312
0.526562
0.523924
0.514972
0.527864
0.529873
0.533824
0.523206
0.535469
0.518537
0.523438
0.528637
0.527456
0.527169
0.526175
0.524586
0.527831
0.530281
0.532952
0.527279
0.528504
0.522610
0.532135
0.532820
0.524641
0.530943
0.522356
0.527853
0.522102
0.526948
0.524453
0.534255
0.518052
0.524807
0.527897
0.527996
0.525601
0.529531
0.517721
0.530712
0.520469
0.523714
0.536870
0.528228
0.530921
0.523350
0.521451
0.522897
0.532588
0.524762
0.532091
0.525447
0.522080
0.537577
0.528890
0.527665
0.524773
0.525612
0.518471
0.528405
0.532709
0.531793
0.525038
0.520094
0.533427
0.522853
0.520414
0.531517
0.520579
0.524266
0.524442
0.523096
0.522400
0.528493
0.525535
0.522654
0.526032
0.530281
0.521882
0.527974
0.528018
0.526352
0.527422
0.535281
0.520016
0.527169
0.525027
0.529045
0.530866
0.522974
0.522643
0.520060
0.523802
0.527588
0.532378
0.533802
0.523261
0.522599
0.530513
0.526407
0.532963
0.526749
0.523637
0.532356
0.517831
0.534255
0.533912
0.526782
0.539376
0.525513
0.518725
0.519277
0.527809
0.524277
0.518979
0.532191
0.524056
0.530480
0.530921
0.532422
0.531683
0.519520
0.526131
0.531352
0.532080
0.521341
0.530579
0.517323
0.527091
0.525204
0.527003
0.515723
0.525160
0.518548
0.527963
0.532500
0.528383
0.527798
0.535027
0.522400
0.524818
0.529045
0.520999
0.531661
0.519133
0.538239
0.508250
0.532345
0.528173
0.521639
0.527367
0.532422
0.526495
0.523913
0.523361
0.529288
0.527787
0.527500
0.527665
0.522974
0.533283
0.522169
0.524939
0.518317
0.522124
0.521286
0.523471
0.524034
0.526937
0.527985
0.525954
0.525292
0.529100
0.523052
0.536252
0.534740
0.523019
0.520999
0.524486
0.525149
0.520668
0.527058
0.526407
0.521142
0.527456
0.526782
0.533052
0.531617
0.528029
0.520370
0.531054
0.532169
0.534266
0.527720
0.531727
0.522820
0.521948
0.523140
0.529486
0.523206
0.534354
0.525524
0.530237
0.526815
0.531407
0.519785
0.531054
0.534950
0.530447
0.526286
0.526837
0.527246
0.522246
0.526341
0.526837
0.525557
0.528350
0.530734
0.537886
0.519520
0.525932
0.526275
0.524144
0.521396
0.528018
0.522676
0.523195
0.518968
0.521374
0.530546
0.530502
0.529244
0.527367
0.523626
0.523758
0.530612
0.519409
0.539431
0.534210
0.529067
0.526760
0.521275
0.531065
0.528228
0.526010
0.528372
0.527356
0.530513
0.526275
0.523924
0.526010
0.536131
0.524299
0.524663
0.526661
0.523791
0.523868
0.524751
0.522687
0.527930
0.532235
0.534619
0.522985
0.526595
0.525656
0.527687
0.520259
0.528857
0.523813
0.520612
0.523714
0.527069
0.526109
0.533372
0.529729
0.530579
0.539089
0.521760
0.518946
0.529531
0.529619
0.524001
0.533018
0.529431
0.524464
0.527820
0.526429
0.530866
0.521473
0.521164
0.522941
0.521981
0.527754
0.525513
0.520480
0.524420
0.522124
0.530049
0.521241
0.521871
0.518184
0.525358
0.524928
0.526286
0.525690
0.523670
0.524707
0.528493
0.526882
0.526219
0.533394
0.527202
0.524575
0.523317
0.516385
0.527312
0.533195
0.527930
0.528802
0.529597
0.530612
0.531561
0.526385
0.520370
0.527014
0.527411
0.525127
0.527765
0.524398
0.520370
0.526992
0.522875
0.518681
0.526021
0.525038
0.531771
0.529398
0.521760
0.530645
0.521694
0.529288
0.523405
0.527809
0.522765
0.522765
0.527985
0.521407
0.527246
0.526032
0.526738
0.518868
0.523537
0.523637
0.525116
0.526815
0.525425
0.519266
0.521959
0.525921
0.524630
0.532831
0.525414
0.528007
0.526396
0.532687
0.523802
0.533957
0.523261
0.529210
0.524475
