0.528661
0.529095
0.530532
0.529828
0.529060
0.530638
0.528860
0.528100
0.528754
0.532373
0.527588
0.533340
0.527957
0.532501
0.530283
0.529124
0.529643
0.532089
0.528533
0.529792
0.535772
0.529892
0.529721
0.530119
0.531932
0.526229
0.528882
0.527566
0.534962
0.526734
0.529785
0.526628
0.530773
0.529109
0.533547
0.533333
0.533362
0.528768
0.531364
0.529308
0.537956
0.528782
0.532075
0.531790
0.533767
0.526713
0.529707
0.525660
0.529380
0.531207
0.527346
0.533120
0.531705
0.523534
0.522532
0.527659
0.531164
0.528661
0.525860
0.534144
0.534606
0.522532
0.533020
0.536548
0.530866
0.524274
0.528412
0.528398
0.534869
0.527780
0.527716
0.524516
0.530695
0.533589
0.529031
0.526521
0.531655
0.530766
0.532174
0.524757
0.532466
0.535893
0.533902
0.526244
0.529870
0.530233
0.523129
0.530268
0.522304
0.530020
0.524544
0.534663
0.528036
0.537828
0.530830
0.529579
0.537337
0.529813
0.525554
0.535516
0.528050
0.527851
0.535687
0.534464
0.532985
0.534350
0.532928
0.528576
0.531634
0.530624
0.528775
0.524572
0.533895
0.527751
0.532252
0.529643
0.534812
0.534336
0.528555
0.527246
0.526400
0.532046
0.529899
0.532423
0.532530
0.524629
0.524786
0.531164
0.531840
0.532452
0.539428
0.526983
0.533177
0.521678
0.520299
0.533127
0.533959
0.525881
0.536548
0.532245
0.527836
0.525703
0.528256
0.526322
0.533881
0.531605
0.533895
0.528505
0.535929
0.527196
0.532608
0.529415
0.522176
0.529380
0.525205
0.525724
0.522809
0.528377
0.531591
0.521579
0.525355
0.533753
0.527147
0.526706
0.536860
0.534905
0.529038
0.534578
0.527680
0.530546
0.530290
0.530212
0.531740
0.529458
0.524032
0.528178
0.530283
0.534756
0.522020
0.529138
0.530652
0.526464
0.530404
0.535516
0.528860
0.527360
0.533582
0.531783
0.532068
0.530859
0.531612
0.530844
0.524402
0.524238
0.531029
0.529529
0.527915
0.527445
0.533788
0.529358
0.530411
0.534194
0.534286
0.524018
0.526500
0.530496
0.536825
0.531406
0.525234
0.528868
0.528427
0.525582
0.527708
0.530034
0.527118
0.536533
0.529323
0.524636
0.527260
0.527196
0.528903
0.531093
0.529209
0.535588
0.533284
0.528107
0.538460
0.523328
0.527822
0.529515
0.527879
0.526862
0.533099
0.531164
0.526293
0.533220
0.530119
0.524516
0.529273
0.523804
0.530091
0.532082
0.528761
0.527659
0.525348
0.532487
0.529195
0.530105
0.528953
0.533988
0.533874
0.529394
0.529017
0.527296
0.530233
0.525916
0.532708
0.527268
0.530176
0.531726
0.528661
0.530048
0.529735
0.530354
0.524132
0.528889
0.526201
0.533234
0.533561
0.533753
0.534322
0.526386
0.533483
0.525319
0.532764
0.532615
0.526770
0.532501
0.528853
0.527353
0.530034
0.527225
0.529109
0.538240
0.526208
0.529308
0.542137
0.529493
0.534805
0.529337
0.525988
0.530731
0.522610
0.530652
0.530382
0.527986
0.530894
0.535531
0.532146
0.534265
0.525554
0.528021
0.531001
0.529159
0.520668
0.531634
0.526087
0.526265
0.522396
0.527218
0.531008
0.530012
0.530745
0.529700
0.527154
0.525042
0.528469
0.528796
0.532821
0.533312
0.533426
0.533099
0.523804
0.525333
0.529707
0.534670
0.531115
0.525959
0.527765
0.524828
0.532480
0.532153
0.529244
0.533362
0.534379
0.532537
0.531079
0.531534
0.534756
0.525646
0.527396
0.536121
0.528213
0.537593
0.534500
0.531740
0.534635
0.530155
0.530268
0.522119
0.537323
0.535730
0.526898
0.525127
0.531292
0.521387
0.530709
0.527723
0.531200
0.525611
0.528960
0.530204
0.531129
0.531911
0.528391
0.528320
0.534798
0.532544
0.527175
0.528519
0.529493
0.535168
0.527687
0.524622
0.531442
0.531122
0.524324
0.530546
0.532146
0.533852
0.528242
0.536007
0.527644
0.535367
0.526820
0.531669
0.530894
0.523044
0.525781
0.526841
0.527445
0.522894
0.529273
0.528050
0.524494
0.527630
0.528882
0.535588
0.529778
0.527908
0.524302
0.527004
0.527253
0.526158
0.533561
0.531115
0.536405
0.527104
0.529401
0.524146
0.530183
0.526059
0.526891
0.531413
0.533113
0.533824
0.534108
0.533127
0.531925
0.537074
0.524466
0.534073
0.524018
0.530517
0.523435
0.527502
0.528668
0.528775
0.534123
0.526948
0.529380
0.531648
0.532231
0.529180
0.535076
0.531108
0.529102
0.528932
0.531058
0.537159
0.527915
0.528235
0.528597
0.529920
0.531236
0.533476
0.532807
0.523989
0.525660
0.527324
0.522738
0.526649
0.536228
0.530098
0.533127
0.529500
0.535026
0.529216
0.528021
0.535275
0.524338
0.529572
0.528932
0.533732
0.528868
0.526087
0.530098
0.529842
0.533163
0.530994
0.532032
0.531200
0.531840
0.532366
0.526784
0.536640
0.530240
0.532850
0.530610
0.531285
0.529692
0.533056
0.533340
0.529472
0.525412
0.528761
0.537543
0.529586
0.527438
0.527445
0.528391
0.527040
0.533547
0.523392
0.531719
0.531328
0.525760
0.526713
0.527659
0.529700
0.531292
0.530766
0.530596
0.532672
0.528100
0.523214
0.534450
0.529244
0.532843
0.533262
0.524466
0.529785
0.532928
0.528277
0.532452
0.529301
0.528142
0.528469
0.537877
0.530788
