0.336569
0.348553
0.347904
0.350385
0.340452
0.345676
0.345003
0.353496
0.353760
0.353819
0.356371
0.349601
0.349473
0.344032
0.345866
0.352941
0.344188
0.347888
0.350872
0.347806
0.352800
0.349410
0.348313
0.350478
0.344452
0.353169
0.345763
0.343441
0.350410
0.350830
0.349150
0.354637
0.353418
0.352276
0.346722
0.344522
0.347837
0.349727
0.349838
0.348246
0.348963
0.356500
0.342629
0.347145
0.345461
0.352737
0.346686
0.346881
0.347014
0.348406
0.342093
0.345699
0.344759
0.346962
0.350503
0.350672
0.350164
0.342198
0.346940
0.350364
0.342897
0.351328
0.353393
0.340546
0.345975
0.346419
0.350820
0.350380
0.353989
0.349449
0.344007
0.347062
0.350120
0.352865
0.344419
0.350982
0.350710
0.350580
0.342758
0.348637
0.347219
0.350333
0.351599
0.349577
0.345233
0.346191
0.349671
0.346172
0.350030
0.345784
0.345063
0.350505
0.357133
0.354814
0.347174
0.345750
0.350477
0.343557
0.351889
0.351421
0.351706
0.349626
0.343500
0.336482
0.347710
0.351852
0.341299
0.340770
0.349326
0.346724
0.357248
0.345229
0.353695
0.343867
0.349964
0.348812
0.351942
0.343698
0.345928
0.340884
0.341560
0.354346
0.352367
0.346127
0.351915
0.348821
0.339740
0.355033
0.343065
0.345149
0.342832
0.343559
0.345289
0.346729
0.349022
0.348549
0.343836
0.348274
0.342908
0.353444
0.348805
0.344863
0.345487
0.346123
0.349276
0.343391
0.346870
0.348973
0.349356
0.346145
0.346747
0.349486
0.344127
0.348054
0.351611
0.360354
0.358576
0.346879
0.353402
0.352531
0.348424
0.349288
0.352637
0.348944
0.354795
0.342701
0.343166
0.347733
0.354380
0.342365
0.351769
0.342213
0.358536
0.350149
0.350864
0.350502
0.348105
0.345946
0.351742
0.347821
0.350440
0.351427
0.341728
0.340917
0.345955
0.351749
0.348978
0.351211
0.351541
0.348251
0.352755
0.353082
0.348310
0.351735
0.347494
0.347868
0.351109
0.347724
0.346858
0.343394
0.352112
0.346425
0.346822
0.343581
0.351369
0.355205
0.344989
0.339774
0.351385
0.346165
0.355392
0.347028
0.351275
0.343700
0.343400
0.345324
0.352243
0.350910
0.355307
0.350325
0.351176
0.349583
0.349106
0.351926
0.348459
0.342408
0.349518
0.345459
0.345264
0.345219
0.351250
0.343482
0.353756
0.349409
0.349808
0.344711
0.358817
0.342869
0.355506
0.349956
0.348300
0.340855
0.351348
0.344691
0.344318
0.341046
0.345756
0.352215
0.344999
0.349258
0.352527
0.347726
0.342375
0.346787
0.348531
0.348368
0.350318
0.352100
0.349356
0.351198
0.346143
0.344696
0.353165
0.346330
0.343772
0.347286
0.348272
0.354580
0.347560
0.344995
0.346409
0.344989
0.349516
0.346477
0.349948
0.348941
0.349992
0.349603
0.352220
0.349271
0.350104
0.352653
0.342105
0.344047
0.347921
0.341116
0.348901
0.348413
0.349051
0.354875
0.351173
0.349619
0.349861
0.356763
0.353921
0.348607
0.350891
0.346580
0.348824
0.343871
0.356652
0.348807
0.342460
0.349316
0.340842
0.348064
0.341189
0.346286
0.349518
0.350165
0.343541
0.345590
0.348140
0.340527
0.341454
0.360435
0.349738
0.352738
0.342185
0.351314
0.349939
0.343877
0.341005
0.352252
0.349085
0.344921
0.352456
0.347129
0.346384
0.346257
0.348747
0.350566
0.359211
0.354157
0.355527
0.348512
0.346278
0.350773
0.342441
0.352813
0.350597
0.349457
0.351795
0.354576
0.356594
0.346719
0.348705
0.340607
0.351792
0.352548
0.350496
0.350606
0.350186
0.351076
0.347179
0.347563
0.343095
0.348926
0.344878
0.346359
0.349297
0.354383
0.353401
0.354050
0.354838
0.350190
0.343551
0.347809
0.343318
0.345695
0.352079
0.341469
0.343138
0.347371
0.355048
0.348023
0.347509
0.346948
0.343587
0.348864
0.346166
0.349941
0.348768
0.352329
0.354686
0.351887
0.346864
0.349647
0.350441
0.357539
0.344822
0.349225
0.341072
0.350919
0.351376
0.347436
0.352144
0.348719
0.347778
0.350750
0.340639
0.344683
0.354149
0.343701
0.344579
0.351659
0.349722
0.346361
0.350995
0.345949
0.348992
0.350294
0.350681
0.345482
0.343570
0.356388
0.343311
0.350297
0.342562
0.345589
0.347311
0.355159
0.346315
0.354365
0.350027
0.349015
0.345118
0.345439
0.346729
0.341972
0.341355
0.344167
0.346161
0.357104
0.352248
0.341085
0.346884
0.356639
0.352825
0.343005
0.348128
0.353449
0.343392
0.346668
0.349724
0.347153
0.352188
0.335237
0.349085
0.349692
0.349469
0.344610
0.350235
0.353287
0.350558
0.343315
0.349110
0.358683
0.345153
0.345228
0.348429
0.347018
0.345695
0.349558
0.342800
0.353534
0.351034
0.344645
0.343298
0.349793
0.354591
0.344152
0.342876
0.343701
0.346930
0.355375
0.349416
0.347474
0.354374
0.347866
0.350049
0.349336
0.351325
0.356035
0.345554
0.348764
0.352282
0.342186
0.341460
0.350501
0.349017
0.345467
0.352542
0.343293
0.350261
0.345126
0.349471
0.347110
0.344419
0.350148
0.353405
0.350410
0.347826
0.348167
0.353436
0.349040
0.349173
0.344124
0.343349
0.348589
