0,015514		0,018619672
0,017844		
0,016983		
0,016576		
0,017271		
0,017168		
0,017623		
0,016271		
0,017452		
0,016616		
0,017079		
0,017023		
0,016899		
0,017197		
0,017458		
0,016573		
0,016692		
0,016381		
0,01753		
0,0167		
0,0168		
0,016568		
0,017848		
0,017574		
0,016926		
0,017373		
0,017148		
0,017885		
0,018359		
0,017177		
0,0176		
0,017557		
0,018472		
0,017079		
0,018578		
0,017361		
0,017234		
0,017075		
0,017997		
0,017476		
0,017938		
0,017099		
0,017243		
0,020352		
0,017167		
0,017518		
0,018286		
0,018146		
0,017178		
0,017581		
0,017048		
0,017315		
0,017849		
0,017388		
0,017476		
0,017521		
0,01751		
0,017447		
0,017661		
0,017892		
0,018007		
0,018535		
0,018475		
0,020059		
0,017895		
0,017149		
0,018313		
0,018115		
0,017839		
0,020024		
0,020243		
0,017648		
0,017827		
0,017804		
0,018359		
0,018023		
0,017685		
0,017495		
0,017745		
0,017535		
0,017619		
0,01768		
0,018079		
0,017208		
0,018025		
0,018148		
0,018209		
0,018154		
0,017176		
0,01825		
0,016942		
0,0184		
0,017972		
0,017562		
0,017982		
0,017906		
0,018679		
0,017939		
0,019009		
0,016682		
0,017995		
0,017797		
0,017174		
0,018098		
0,018591		
0,0187		
0,017746		
0,019464		
0,017325		
0,017784		
0,018609		
0,017041		
0,016505		
0,018496		
0,017905		
0,017965		
0,018533		
0,018323		
0,0186		
0,016372		
0,017909		
0,016571		
0,017941		
0,018297		
0,017491		
0,018938		
0,017906		
0,017418		
0,016938		
0,01841		
0,017556		
0,018359		
0,017455		
0,018424		
0,018831		
0,021756		
0,019248		
0,024476		
0,016983		
0,019916		
0,017307		
0,018128		
0,016944		
0,020678		
0,017564		
0,017659		
0,0183		
0,019075		
0,018649		
0,01741		
0,017305		
0,018016		
0,019855		
0,019631		
0,021133		
0,021499		
0,017949		
0,019244		
0,019252		
0,018718		
0,019019		
0,018444		
0,020543		
0,023348		
0,020193		
0,022639		
0,018359		
0,018755		
0,020346		
0,017756		
0,021523		
0,019755		
0,018282		
0,017742		
0,019476		
0,021903		
0,020938		
0,018805		
0,018085		
0,018298		
0,020616		
0,021725		
0,022052		
0,018384		
0,019855		
0,018643		
0,018612		
0,022459		
0,018887		
0,023543		
0,018647		
0,021803		
0,018456		
0,018301		
0,021839		
0,01938		
0,020575		
0,019016		
0,019426		
0,020529		
0,018182		
0,020961		
0,018532		
0,019267		
0,018059		
0,01851		
0,020207		
0,018854		
0,022454		
0,019026		
0,021776		
0,022037		
0,021117		
0,018958		
0,021432		
0,020632		
0,022066		
0,019331		
0,018536		
0,018664		
0,021341		
0,025977		
0,020613		
0,02049		
0,020645		
0,019183		
0,019494		
0,019763		
0,018234		
0,022438		
0,018687		
0,023275		
0,020149		
0,017696		
0,018095		
0,018967		
0,018245		
0,017994		
0,019342		
0,018872		
0,018749		
0,016951		
0,018636		
0,018687		
0,018117		
0,019696		
0,018283		
0,018778		
0,019409		
0,018208		
0,019308		
0,020074		
0,018426		
0,016843		
0,017222		
0,020567		
0,021221		
0,018656		
0,018199		
0,017984		
0,01864		
0,018251		
0,018088		
0,019985		
0,017819		
0,018746		
0,017969		
0,017822		
0,01795		
0,018119		
0,018039		
0,017805		
0,018065		
0,019564		
0,018428		
0,019589		
0,017563		
0,018357		
0,018912		
0,018042		
0,019514		
0,018225		
0,019039		
0,017357		
0,018566		
0,018508		
0,01875		
0,01799		
0,017987		
0,019286		
0,019412		
0,018287		
0,021019		
0,017583		
0,017842		
0,018584		
0,018472		
0,018296		
0,019335		
0,018042		
0,019608		
0,018779		
0,017387		
0,018527		
0,019191		
0,018218		
0,019884		
0,018272		
0,017694		
0,018978		
0,018138		
0,020405		
0,017715		
0,019646		
0,018102		
0,017983		
0,019242		
0,019028		
0,018996		
0,018225		
0,018315		
0,018767		
0,019364		
0,019259		
0,017401		
0,018703		
0,018081		
0,019438		
0,01861		
0,017731		
0,020262		
0,017513		
0,018427		
0,017982		
0,019795		
0,019687		
0,018195		
0,018116		
0,019003		
0,018592		
0,018169		
0,018119		
0,019599		
0,018129		
0,017659		
0,017739		
0,018133		
0,020433		
0,018753		
0,019863		
0,0176		
0,018862		
0,018067		
0,018239		
0,018684		
0,01827		
0,018668		
0,018618		
0,019807		
0,019481		
0,018475		
0,019153		
0,018064		
0,01948		
0,017187		
0,019852		
0,019707		
0,017618		
0,018799		
0,017932		
0,017638		
0,018461		
0,020235		
0,01881		
0,017146		
0,018904		
0,019966		
0,019165		
0,017865		
0,019738		
0,020523		
0,018788		
0,019046		
0,018713		
0,020261		
0,018441		
0,018471		
0,017131		
0,018192		
0,019399		
0,018851		
0,018873		
0,018061		
0,017436		
0,018565		
0,017566		
0,019408		
0,018682		
0,018562		
0,017456		
0,017622		
0,018594		
0,019003		
0,017604		
0,019725		
0,019225		
0,017519		
0,017933		
0,018999		
0,019915		
0,020454		
0,01855		
0,018914		
0,019151		
0,018147		
0,018284		
0,017637		
0,019019		
0,019048		
0,017256		
0,018121		
0,018751		
0,019399		
0,018373		
0,018129		
0,018644		
0,018215		
0,018212		
0,019185		
0,019647		
0,019646		
0,018568		
0,018447		
0,018648		
0,017793		
0,018022		
0,019975		
0,017661		
0,018256		
0,019604		
0,020416		
0,018117		
0,018909		
0,018739		
0,01762		
0,019089		
0,017866		
0,021075		
0,017981		
0,019621		
0,018172		
0,018309		
0,019039		
0,019221		
0,018723		
0,019426		
0,017878		
0,017548		
0,017157		
0,02053		
0,019905		
0,018545		
0,018701		
0,017743		
0,017987		
0,017897		
0,018651		
0,018899		
0,018777		
0,018445		
0,017618		
0,018732		
0,018469		
0,019713		
0,018097		
0,018209		
0,018077		
0,01936		
0,018785		
0,019575		
0,017492		
0,019131		
0,017723		
0,019811		
0,018885		
0,019144		
0,01822		
0,018726		
0,018149		
0,01768		
0,019993		
0,017878		
0,019377		
0,017977		
0,017644		
0,018027		
0,018756		
0,020081		
0,018129		
0,017971		
0,018268		
0,018438		
0,019802		
0,019817		
0,01849		
0,018542		
0,018368		
0,018872		
0,017725		
0,01953		
0,01895		
0,017849		
0,017761		
0,018594		
0,018968		
0,019407		
0,020748		
0,018193		
0,017786		
0,018506		
0,018061		
0,01844		
0,01933		
0,019668		
0,016878		
0,019193		
0,019503		
0,020168		
0,017809		
0,019554		
0,017952		
0,018709		
0,018577		
0,017832		
0,018814		
0,018215		
0,017511		
0,018049		
0,01788		
0,017884		
0,019306		
0,01827		
0,017716		
0,017897		
0,017513		
0,018912		
0,017889		
0,018046		
0,017724		
0,017475		
0,018622		
0,018836		
0,018389		
0,020734		
0,017523		
0,018974		
0,018209		
0,018088		
0,018259		
0,018553		
0,017623		
0,019331		
0,019839		
0,01849		
0,01785		
0,019858		
0,018445		
0,018737		
0,018177		
0,019535		
0,018883		
0,017461		
0,018219		
0,018267		
0,020874		
0,020348		
0,017553		
0,019923		
0,01778		
0,017682		
0,017894		
0,018196		
0,017761		
0,017265		
0,01805		
0,019276		
0,020023		
0,017752		
0,01946		
0,019806		
0,018107		
0,01723		
0,01744		
0,018764		
0,018125		
0,023648		
0,018035		
0,019052		
0,01744		
0,018118		
0,017945		
0,02001		
0,020443		
0,018275		
0,019208		
0,018089		
0,02041		
0,019255		
0,019102		
0,01826		
0.018017
0.018295
0.018561
0.018189
0.018138
0.018037
0.017721
0.018340
0.016953
0.019576
