0.511744
0.515648
0.519104
0.517056
0.508160
0.505088
0.523072
0.506560
0.545792
0.521536
0.506880
0.514560
0.509760
0.515520
0.522880
0.524224
0.514624
0.516544
0.509568
0.513600
0.533568
0.530688
0.515520
0.529024
0.508224
0.496384
0.513728
0.514560
0.510592
0.510272
0.497728
0.523200
0.517760
0.508800
0.512384
0.525248
0.508096
0.534720
0.518976
0.502976
0.503296
0.498560
0.512192
0.508608
0.502208
0.522304
0.522432
0.521152
0.511552
0.516480
0.517824
0.515904
0.524096
0.526912
0.509952
0.513792
0.515008
0.514880
0.512832
0.513088
0.517184
0.523136
0.507584
0.522496
0.491840
0.518336
0.514624
0.536192
0.520768
0.502976
0.521408
0.501568
0.525376
0.513792
0.505280
0.502720
0.512768
0.505408
0.513088
0.502528
0.523072
0.528064
0.521472
0.513792
0.497920
0.495232
0.491456
0.526464
0.526528
0.499904
0.498496
0.522752
0.535680
0.522112
0.514368
0.519552
0.516480
0.510016
0.506560
0.516352
0.491904
0.495424
0.531776
0.519808
0.520384
0.507648
0.521024
0.532480
0.511104
0.521600
0.508032
0.509440
0.512512
0.505984
0.518528
0.513664
0.498368
0.526208
0.516416
0.522752
0.506368
0.514496
0.510592
0.515584
0.501760
0.518656
0.523520
0.519808
0.522112
0.515520
0.521216
0.521088
0.526400
0.510336
0.505216
0.526720
0.519168
0.528256
0.519424
0.514688
0.495104
0.520192
0.507392
0.525440
0.522176
0.518592
0.526848
0.518336
0.503424
0.542912
0.504384
0.505664
0.499776
0.510720
0.524992
0.502848
0.519488
0.509184
0.495040
0.498752
0.519232
0.518016
0.505024
0.515968
0.529664
0.502464
0.504512
0.527360
0.511872
0.511296
0.498496
0.524032
0.516864
0.511936
0.510464
0.499648
0.520448
0.507392
0.525696
0.516672
0.513920
0.499904
0.521664
0.519680
0.536064
0.500672
0.503616
0.514304
0.514688
0.509952
0.511040
0.512256
0.525568
0.513280
0.527744
0.501888
0.523584
0.500032
0.486848
0.524352
0.531392
0.508480
0.523584
0.520256
0.502912
0.524032
0.504640
0.510976
0.506240
0.510976
0.513216
0.515136
0.513728
0.519936
0.514816
0.513600
0.525056
0.524480
0.507648
0.529728
0.513408
0.502400
0.522176
0.502848
0.527232
0.496320
0.499520
0.515584
0.501376
0.511872
0.529600
0.516096
0.525184
0.485568
0.495360
0.523200
0.502080
0.506688
0.524096
0.499008
0.503488
0.508224
0.513152
0.520128
0.510336
0.545792
0.504576
0.511040
0.499392
0.507072
0.508928
0.528064
0.519104
0.513600
0.509120
0.518912
0.521472
0.506240
0.532672
0.509376
0.511744
0.506752
0.510912
0.493504
0.504448
0.512320
0.507712
0.508800
0.525504
0.502208
0.532096
0.501632
0.522240
0.537280
0.511872
0.508800
0.523648
0.517312
0.498688
0.518464
0.479424
0.507328
0.526592
0.510912
0.514240
0.508032
0.536832
0.518464
0.503680
0.522752
0.516736
0.522112
0.498752
0.499264
0.497728
0.527424
0.511680
0.508096
0.514304
0.516096
0.526976
0.522496
0.525632
0.502080
0.493760
0.510144
0.520128
0.526912
0.511296
0.491456
0.500032
0.519872
0.524160
0.510976
0.521728
0.524736
0.530304
0.509312
0.510144
0.499840
0.506816
0.510080
0.497152
0.523840
0.492416
0.525056
0.508992
0.501440
0.494016
0.510272
0.493824
0.516864
0.514368
0.504704
0.507072
0.512448
0.522304
0.523072
0.529920
0.509888
0.512512
0.521024
0.505984
0.508864
0.508160
0.513728
0.509696
0.521664
0.503808
0.513536
0.515200
0.501312
0.516864
0.502208
0.489216
0.509184
0.524544
0.507520
0.508992
0.531712
0.503936
0.520896
0.510528
0.518976
0.510784
0.516736
0.512960
0.511872
0.511168
0.494720
0.534912
0.505152
0.512064
0.502336
0.507648
0.513408
0.512064
0.498112
0.510400
0.516160
0.536256
0.502528
0.512448
0.508480
0.511040
0.526208
0.501632
0.532096
0.512640
0.520896
0.507456
0.513216
0.498048
0.526720
0.501120
0.523008
0.526784
0.527872
0.518016
0.512704
0.535296
0.519616
0.526784
0.536704
0.521664
0.507904
0.509696
0.513856
0.496448
0.528256
0.487552
0.521856
0.516416
0.513536
0.517696
0.526016
0.504704
0.531520
0.529792
0.508352
0.502208
0.503232
0.504704
0.499712
0.507264
0.504768
0.512128
0.504448
0.523392
0.505728
0.528000
0.523264
0.529024
0.510144
0.520192
0.508672
0.529600
0.515072
0.525248
0.519040
0.505088
0.501824
0.514624
0.510208
0.528832
0.511424
0.488064
0.505408
0.514624
0.511808
0.518208
0.522112
0.499904
0.507136
0.534656
0.515712
0.532352
0.537344
0.514816
0.512512
0.524096
0.513472
0.522816
0.518784
0.534080
0.518720
0.517440
0.521216
0.507712
0.517760
0.512896
0.514048
0.532544
0.513792
0.507520
0.522240
0.522176
0.504512
0.521856
0.522560
0.534720
0.518912
0.521472
0.539200
0.522880
0.526848
0.508672
0.521024
0.510080
0.518848
0.495616
0.482816
0.502848
0.505728
0.518912
0.547968
0.513024
0.538688
0.524288
0.501760
0.520960
0.542848
0.498432
0.494528
0.502848
0.518784
0.531712
0.503296
0.509248
0.542912
0.507968
0.515392
0.530304
0.508800
0.516992
0.523456
0.490496
0.521216
0.520192
0.498624
0.505408
0.500928
0.525376
0.522240
0.497344
0.521024
0.503168
0.517248
0.532352
0.512896
0.510464
0.515968
0.537216
0.506112
0.523712
0.516544
0.502784
0.508992
0.514176
0.518016
0.513664
0.531456
0.515520
0.501504
0.505600
0.514432
0.517504
0.513088
0.504960
0.498816
0.521408
0.511552
0.512960
0.500992
0.523776
0.508480
0.515712
0.509632
0.502720
0.509760
0.515328
0.507008
0.515328
0.517376
0.515392
0.516096
0.511936
0.506432
0.512256
0.507648
0.507520
0.523328
0.511744
0.514752
0.501312
0.491456
0.525632
0.514496
0.524800
0.517952
0.509056
0.526976
0.508864
0.510016
0.510080
0.512960
0.497664
0.506240
0.520192
0.529152
0.521216
0.518080
0.495168
0.529600
0.533888
0.524864
0.524352
0.525056
0.521216
0.505024
0.497728
0.507776
0.529536
0.506816
0.510272
0.500224
0.505600
0.525184
0.510080
0.548416
0.507136
0.515008
0.506240
0.518784
0.523776
0.530752
0.508736
0.506240
0.507904
0.512192
0.506432
0.512320
0.526208
0.534272
0.499200
0.502080
0.513408
0.505984
0.524864
0.537408
0.535936
0.499840
0.525824
0.512512
0.543040
0.509888
0.522240
0.499520
0.519424
0.512576
0.495040
0.502208
0.507520
0.500416
0.550272
0.523968
0.511936
0.514048
0.501504
0.517696
0.534336
0.523776
0.523776
0.515520
0.510656
0.513152
0.522368
0.503232
0.516224
0.480320
0.507904
0.510400
0.531584
0.514944
0.520000
0.507968
0.491968
0.539264
0.494272
0.515264
0.491200
0.509824
0.520320
0.500160
0.518272
0.511744
0.501952
0.523456
0.505152
0.505728
0.513920
0.507072
0.515008
0.521216
0.536832
0.521728
0.508224
0.523072
0.485952
0.509312
0.517440
0.542912
0.497344
0.504896
0.516736
0.515328
0.521664
0.516352
0.516672
0.526144
0.509760
0.503360
0.506560
0.527808
0.501504
0.517504
0.519872
0.544896
0.507264
0.529792
0.534272
0.516416
0.510080
0.502400
0.499008
0.514688
0.531200
0.503808
0.517760
0.512000
0.518976
0.528064
0.509952
0.514240
0.524800
0.502912
0.515136
0.522432
0.519872
0.499328
0.500096
0.508032
0.510656
0.522688
0.501184
0.533760
0.526656
0.505536
0.521024
0.533440
0.514240
0.517184
0.509184
0.488512
0.509760
0.511616
0.522560
0.510656
0.507392
0.505024
0.503616
0.519424
0.484672
0.513600
0.509504
0.523904
0.509568
0.496896
0.497600
0.508096
0.493184
0.503424
0.521408
0.508544
0.512384
0.506112
0.512576
0.508160
0.528512
0.500160
0.500736
0.528704
0.502208
0.524352
0.517248
0.512960
0.509760
0.502976
0.519936
0.513728
0.506560
0.508224
0.494592
0.511424
0.520768
0.528256
0.504896
0.505088
0.509312
0.521664
0.516800
0.516032
0.517312
0.524736
0.520704
0.524736
0.515776
0.502080
0.521728
0.496064
0.492288
0.516096
0.512064
0.528896
0.515584
0.519104
0.526848
0.502016
0.519296
0.521088
0.503552
0.516672
0.529600
0.518016
0.533184
0.513920
0.522048
0.509504
0.512320
0.493440
0.500352
0.517888
0.502784
0.512704
0.518464
0.513664
0.510784
0.501376
0.514176
0.518272
0.524544
0.538496
0.508992
0.519616
0.522240
0.514816
0.523840
0.524800
0.501376
0.503552
0.516288
0.510464
0.509888
0.508160
0.509056
0.517056
0.506752
0.505472
0.549376
0.534912
0.506944
0.520960
0.537280
0.509056
0.503552
0.511296
0.521472
0.513664
0.511296
0.519296
0.507648
0.518592
0.513856
0.513472
0.512960
0.516352
0.511232
0.525824
0.519424
0.504640
0.500288
0.522304
0.537472
0.495744
0.516160
0.515264
0.512256
0.524544
0.514048
0.521792
0.500032
0.500480
0.511168
0.518464
0.521408
0.520448
0.509376
0.519168
0.512064
0.515520
0.524736
0.502912
0.526464
0.508736
0.501312
0.511424
0.516928
0.502400
0.528704
0.526016
0.529024
0.507776
0.503680
0.497600
0.504960
0.535296
0.510016
0.507648
0.519424
0.510848
0.524544
0.529344
0.523904
0.494592
0.516928
0.505600
0.518400
0.510336
0.509952
0.502720
0.534784
0.505344
0.497408
0.493760
0.506112
0.506432
0.513920
0.513472
0.534208
0.497792
0.501376
0.520128
0.507840
0.501824
0.529088
0.517952
0.532992
0.516416
0.523712
0.532480
0.507904
0.527808
0.506112
0.517760
0.520448
0.503168
0.531136
0.520320
0.516096
0.510080
0.510016
0.525312
0.498560
0.517312
0.507072
0.513408
0.500800
0.502144
0.509440
0.499648
0.524992
0.511040
0.526528
0.504448
0.530496
0.504128
0.504064
0.523008
0.510976
0.523520
0.517504
0.512832
0.526976
0.518784
0.513216
0.530880
0.518464
0.528768
0.491200
0.491136
0.519424
0.507200
0.512000
0.495232
0.525952
0.528128
0.526016
0.516480
0.504832
0.521920
0.524096
0.516160
0.505728
0.515904
0.535168
0.510208
0.534656
0.506560
0.518912
0.513728
0.519424
0.526528
0.498688
0.519360
0.517824
0.505728
0.514560
0.495040
0.510720
0.512128
0.495744
0.537088
0.515072
0.519680
0.510656
0.526848
0.517504
0.524672
0.495168
0.534784
0.502016
0.523328
0.516096
0.497152
0.525952
0.520704
0.519616
0.503744
0.503872
0.502592
0.521088
0.526976
0.515328
0.516800
0.545024
0.531840
0.507264
0.517120
0.506496
0.513024
0.505920
0.513728
0.530624
0.522176
0.526208
0.502912
0.511808
0.509248
0.518784
0.528832
0.522496
0.510208
0.513408
0.510592
0.524608
0.530816
0.522880
0.509824
0.508864
0.536256
0.524928
0.504512
0.510528
0.517696
0.523776
0.516032
0.505088
0.505664
0.515712
0.541248
0.519552
0.496640
0.520768
0.522240
0.519808
0.510464
0.509888
0.511808
0.524288
0.526336
0.516608
0.529472
0.508992
0.493120
0.531712
0.505344
0.525888
0.541376
0.525376
0.501952
0.501696
0.495168
0.515776
0.508032
0.499904
0.510144
0.515648
0.511680
0.517568
0.526208
0.500864
0.521472
0.511808
0.516800
0.510656
0.516672
0.518976
0.515584
0.511680
0.496640
0.517504
0.503872
0.517440
0.514816
0.514624
0.490048
0.500800
0.508800
0.507008
0.511104
0.502080
0.521088
0.511104
0.512320
0.516032
0.495552
0.511232
0.505856
0.488448
0.516416
0.516480
0.511936
0.507456
0.518080
0.509120
0.506496
0.496704
0.502336
0.496640
0.500672
0.509056
0.520512
0.502656
0.525632
0.531264
0.506944
0.516416
0.508416
0.541184
0.527424
0.499840
0.526080
0.496064
0.534464
0.528320
0.514176
0.506752
0.506624
0.515648
0.514240
0.507328
0.507584
0.513280
0.520512
0.524864
0.531840
0.521152
0.509952
0.526848
0.506624
0.499328
0.507456
0.525504
0.488000
0.504640
0.520320
0.528320
0.530624
0.515072
0.509952
0.497984
0.518208
0.511424
0.511360
0.537152
0.529088
0.518720
0.502144
0.499968
0.512512
0.507456
0.512704
0.510976
0.501056
0.532352
0.528064
0.515776
0.498432
