0.526249
0.524022
0.516002
0.534195
0.533056
0.528180
0.529913
0.530804
0.520235
0.516250
0.516126
0.519492
0.535309
0.521274
0.533749
0.522561
0.521175
0.526893
0.533452
0.528898
0.522363
0.529739
0.532264
0.532660
0.531299
0.524863
0.532215
0.533477
0.516052
0.524393
0.515755
0.513453
0.527091
0.518527
0.518552
0.525136
0.520730
0.512562
0.528725
0.530878
0.527388
0.516547
0.520829
0.528650
0.511869
0.532363
0.532512
0.521373
0.523081
0.535531
0.512958
0.511745
0.518131
0.526769
0.518700
0.530111
0.529418
0.527041
0.512215
0.522561
0.518725
0.527660
0.521225
0.531670
0.534294
0.533130
0.520779
0.528749
0.528007
0.529937
0.523329
0.512091
0.524022
0.522858
0.533031
0.517339
0.536620
0.530754
0.523824
0.522363
0.522190
0.526893
0.519047
0.532908
0.518675
0.515334
0.525853
0.523873
0.523527
0.524071
0.529566
0.524368
0.520631
0.528007
0.520086
0.524814
0.528329
0.527586
0.521596
0.523477
0.513799
0.530804
0.524591
0.524467
0.522141
0.525383
0.503948
0.524690
0.535729
0.518428
0.520804
0.536744
0.533848
0.515210
0.531150
0.514641
0.528205
0.523527
0.523081
0.522413
0.533502
0.508478
0.541893
0.529319
0.526299
0.527413
0.519492
0.522537
0.522883
0.525210
0.510284
0.514195
0.527536
0.524096
0.534170
0.517462
0.520878
0.528675
0.530482
0.533650
0.518601
0.530111
0.529368
0.526274
0.528353
0.520086
0.521249
0.524071
0.531769
0.527289
0.533997
0.535606
0.518774
0.531398
0.520631
0.530828
0.520655
0.519368
0.521249
0.530086
0.524269
0.515260
0.513354
0.517735
0.536274
0.511596
0.525309
0.527289
0.524517
0.518972
0.521101
0.516720
0.524814
0.518725
0.524368
0.527685
0.520259
0.519344
0.520606
0.521175
0.521769
0.525829
0.531175
0.524294
0.528007
0.521348
0.520705
0.523353
0.517933
0.526843
0.526324
0.522017
0.528923
0.530036
0.529566
0.526843
0.537313
0.530878
0.516101
0.530927
0.525754
0.525853
0.536200
0.524269
0.532388
0.528923
0.519789
0.529195
0.526571
0.530779
0.534170
0.526126
0.528452
0.514393
0.517363
0.539541
0.523155
0.520705
0.539170
0.511349
0.519443
0.530408
0.524541
0.529467
0.533304
0.528601
0.524665
0.526051
0.530086
0.515507
0.525556
0.532165
0.517042
0.524863
0.523081
0.534120
0.522957
0.517363
0.523972
0.524715
0.526621
0.517314
0.524145
0.524442
0.532809
0.535457
0.529294
0.523997
0.519888
0.529715
0.540383
0.522908
0.530581
0.516002
0.523131
0.541521
0.518230
0.511052
0.523947
0.528626
0.516250
0.528551
0.521893
0.528403
0.519517
0.515284
0.506695
0.524987
0.525680
0.531200
0.522289
0.518354
0.523947
0.537214
0.517636
0.526918
0.522586
0.533155
0.528527
0.525111
0.528378
0.533056
0.522462
0.533328
0.526942
0.532660
0.531670
0.528774
0.525284
0.526596
0.516175
0.512091
0.524442
0.531200
0.516126
0.525655
0.530309
0.521918
0.517858
0.516200
0.527437
0.519814
0.516547
0.536398
0.521943
0.528106
0.515161
0.519863
0.535828
0.528279
0.524888
0.524393
0.528477
0.538056
0.538774
0.524814
0.518007
0.522438
0.523155
0.523279
0.510878
0.520284
0.529170
0.528527
0.520928
0.526967
0.520259
0.526348
0.534021
0.521794
0.530234
0.535680
0.535903
0.533229
0.524294
0.508255
0.512685
0.519764
0.524715
0.530457
0.520012
0.533675
0.528650
0.529467
0.524071
0.532215
0.527462
0.527017
0.526299
0.530086
0.524640
0.524938
0.524764
0.526992
0.511126
0.520655
0.525185
0.525754
0.509369
0.531992
0.535036
0.521546
0.521299
0.524789
0.515854
0.524715
0.526596
0.531101
0.520136
0.526348
0.516200
0.514863
0.517487
0.533898
0.521918
0.524938
0.533551
0.528452
0.543229
0.529838
0.528799
0.527190
0.533130
0.529418
0.533823
0.509072
0.527215
0.525952
0.529690
0.525160
0.527982
0.529665
0.519987
0.525903
0.532066
0.526299
0.510408
0.528477
0.520457
0.526918
0.524665
0.529046
0.531992
0.519319
0.516794
0.522858
0.511225
0.533279
0.525061
0.515260
0.524393
0.524368
0.526621
0.519888
0.539591
0.530606
0.524442
0.528106
0.515705
0.532759
0.519789
0.521324
0.522908
0.507883
0.518205
0.524467
0.528898
0.518527
0.526274
0.531868
0.519096
0.519641
0.516893
0.511052
0.531596
0.512537
0.531249
0.529244
0.538130
0.532858
0.533452
0.532734
0.534591
0.526126
0.528452
0.531942
0.516398
0.533130
0.529987
0.523403
0.533551
0.520433
0.526225
0.529393
0.529244
0.511547
0.523774
0.525556
0.512636
0.528229
0.523675
0.530210
0.537289
0.521918
0.523799
0.527017
0.513873
0.523923
0.526249
0.530556
0.517042
0.525680
0.529269
0.526200
0.527314
0.531200
0.529863
0.541546
0.527091
0.524319
0.518750
0.527239
0.514047
0.519517
0.529838
0.521274
0.516472
0.526720
0.526918
0.516497
0.533724
0.520358
0.535135
0.529814
0.530135
0.513948
0.512883
0.528452
0.520309
0.525259
0.522636
0.530160
0.525061
0.530507
0.526447
0.509765
0.531002
0.531621
0.520606
0.520556
0.530729
0.511992
0.515507
0.524888
0.530135
0.526621
0.529962
0.533353
0.526101
0.508799
0.530383
0.508304
0.517982
0.531002
0.527512
0.525061
0.519146
0.520705
0.530977
0.524442
0.531942
0.531942
0.525853
0.526200
0.520556
0.528304
0.532982
0.526126
0.525507
0.534962
0.526324
0.525606
0.525606
0.531744
0.523774
0.524541
0.524987
0.518254
0.535878
0.516918
0.513428
0.531645
0.523205
0.513626
0.537709
0.528700
0.515680
0.527215
0.516893
0.523378
0.525185
0.526299
0.535680
0.522759
0.519715
0.523452
0.521497
0.531720
0.511819
0.535581
0.524418
0.524467
0.514492
0.523477
0.529987
0.532041
0.528527
0.523873
0.524046
0.519492
0.513873
0.529046
0.523576
0.525581
0.521992
0.522165
0.524294
0.526423
0.532710
0.516868
0.522957
0.529096
0.529294
0.518948
0.525631
0.521175
0.521646
0.523155
0.527140
0.526868
0.522264
0.532363
0.524863
0.540779
0.522908
0.520185
0.531373
0.522809
0.513032
0.527487
