0.518044
0.481422
0.521956
0.486933
0.533156
0.486400
0.529778
0.508622
0.497600
0.502400
0.514133
0.514489
0.521067
0.515733
0.500978
0.542044
0.512889
0.531556
0.488178
0.503289
0.499200
0.515911
0.502756
0.514667
0.505422
0.481422
0.515200
0.505778
0.475911
0.511467
0.475911
0.509156
0.457778
0.498133
0.503289
0.509333
0.523378
0.540444
0.481422
0.502756
0.475022
0.514844
0.513956
0.465956
0.488711
0.506667
0.471289
0.495822
0.536356
0.531022
0.518222
0.508267
0.530844
0.489956
0.500622
0.494400
0.493511
0.520711
0.517689
0.473956
0.500267
0.502400
0.480356
0.485333
0.524444
0.533689
0.510400
0.493511
0.486933
0.462756
0.471111
0.488000
0.502400
0.507733
0.518044
0.496711
0.519644
0.515022
0.491733
0.516622
0.508978
0.482489
0.474667
0.504711
0.476089
0.486578
0.493511
0.479644
0.514311
0.496000
0.523556
0.523200
0.487111
0.483200
0.515022
0.499200
0.482311
0.493333
0.483378
0.519111
0.489067
0.499022
0.502933
0.488356
0.486400
0.486044
0.486400
0.483733
0.524800
0.500089
0.464178
0.527467
0.523733
0.496178
0.500089
0.546667
0.526578
0.508800
0.532622
0.542400
0.514311
0.525511
0.488711
0.507733
0.468267
0.515022
0.464533
0.492978
0.505956
0.471289
0.486578
0.485333
0.515200
0.513600
0.521600
0.477333
0.478933
0.517156
0.516444
0.499556
0.515378
0.492622
0.524978
0.509689
0.494222
0.519111
0.530133
0.509689
0.498489
0.516622
0.498311
0.492622
0.510222
0.493867
0.457956
0.523733
0.525333
0.519289
0.482311
0.490667
0.490489
0.511467
0.515556
0.492800
0.504711
0.488711
0.526933
0.527467
0.468089
0.534222
0.489956
0.513956
0.491733
0.522844
0.497956
0.504711
0.490133
0.508622
0.524089
0.505778
0.487289
0.499556
0.490133
0.533333
0.505244
0.524800
0.503111
0.521067
0.502222
0.497778
0.510578
0.488000
0.485689
0.503822
0.466311
0.467022
0.502222
0.533333
0.531378
0.481244
0.521778
0.510578
0.473244
0.479822
0.532800
0.515200
0.492444
0.480000
0.474489
0.488889
0.431467
0.475022
0.465956
0.480533
0.492622
0.521422
0.490667
0.506311
0.494222
0.520533
0.494578
0.490844
0.456533
0.488178
0.503822
0.566578
0.526933
0.496711
0.496711
0.467911
0.482489
0.474844
0.491911
0.491733
0.548978
0.502044
0.532978
0.499200
0.523200
0.520889
0.503644
0.528000
0.516267
0.491911
0.525333
0.467733
0.484800
0.467200
0.477511
0.504356
0.494578
0.506667
0.483378
0.504533
0.520533
0.465778
0.478933
0.492089
0.525511
0.508622
0.512889
0.472533
0.536711
0.500622
0.510222
0.502044
0.491378
0.521067
0.529778
0.507378
0.541511
0.519467
0.511289
0.492267
0.516089
0.472000
0.534933
0.467733
0.513067
0.517333
0.518222
0.517333
0.482844
0.507378
0.525689
0.514844
0.492267
0.512178
0.498844
0.474311
0.482311
0.514489
0.493333
0.501867
0.520533
0.531022
0.491911
0.532622
0.508267
0.500089
0.520178
0.498489
0.513067
0.530489
0.539022
0.509511
0.508444
0.491378
0.472711
0.489244
0.536889
0.480711
0.514667
0.506311
0.490667
0.510222
0.485511
0.526222
0.513244
0.487822
0.504533
0.488711
0.488889
0.486222
0.540978
0.504178
0.500978
0.505600
0.473067
0.520178
0.533689
0.547022
0.496711
0.493156
0.520711
0.522489
0.512178
0.523733
0.499911
0.471822
0.523733
0.509333
0.533867
0.508089
0.557511
0.507911
0.498667
0.497422
0.497244
0.496000
0.510400
0.513067
0.499022
0.502756
0.495644
0.496889
0.496000
0.480533
0.492267
0.471289
0.503111
0.502044
0.487467
0.471467
0.551111
0.505244
0.529244
0.501689
0.495822
0.515911
0.479822
0.510044
0.475022
0.515911
0.513422
0.529067
0.484444
0.462400
0.516089
0.516800
0.508089
0.489778
0.481422
0.484622
0.503289
0.505600
0.523911
0.527467
0.487289
0.501511
0.477511
0.497600
0.535111
0.507022
0.520533
0.480533
0.504178
0.473956
0.476622
0.497067
0.517156
0.500622
0.492622
0.507378
0.514667
0.485511
0.540444
0.496711
0.481600
0.443378
0.488711
0.499556
0.465244
0.506311
0.483200
0.494756
0.537244
0.472178
0.461333
0.513244
0.564089
0.493156
0.483200
0.500978
0.504000
0.506133
0.523378
0.473244
0.513778
0.489778
0.528533
0.499022
0.518044
0.492444
0.500622
0.484089
0.481422
0.498489
0.539200
0.503111
0.505778
0.515200
0.514489
0.482489
0.499200
0.482489
0.495111
0.487289
0.499200
0.468444
0.514489
0.518222
0.487644
0.510044
0.513067
0.466133
0.488711
0.522489
0.533156
0.472533
0.499378
0.517867
0.499733
0.476622
0.507733
0.493689
0.494222
0.496533
0.488000
0.519644
0.492622
0.489778
0.494756
0.488533
0.523911
0.504178
0.548444
0.463467
0.506311
0.500978
0.508089
0.516267
0.505244
0.498667
0.478756
0.523911
0.504178
0.484800
0.502578
0.508089
0.496711
0.538133
0.498311
0.510933
0.491911
0.502933
0.508089
0.537956
0.519822
0.490133
0.491911
0.464889
0.483911
0.486222
0.488178
0.525333
0.486578
0.480000
0.495644
0.470756
0.517333
0.506667
0.510400
0.492267
0.532622
0.481956
0.465244
0.529778
0.523022
0.506133
0.530667
0.520000
0.513956
0.478044
0.527111
0.483378
0.523022
0.481956
0.493333
0.532444
0.502400
0.489600
0.505067
0.528889
0.491911
0.491911
0.499911
0.495644
0.530667
0.500444
0.476089
0.533511
0.493689
0.525867
0.513778
0.507911
0.518578
0.521067
0.496889
0.510578
0.481244
0.485689
0.501156
0.528178
0.516978
0.507911
0.492978
0.481067
0.477156
0.497067
0.511822
0.489778
0.501867
0.477689
0.519644
0.500089
0.514667
0.493867
0.500089
0.496356
0.531556
0.532978
0.452978
0.537956
0.502400
0.498133
0.501156
0.504356
0.483200
0.504000
0.467200
0.521244
0.532267
0.514133
0.496356
0.516444
0.476267
0.498133
0.499022
0.498133
0.503644
0.519289
0.544356
0.497244
0.517867
0.523911
0.516444
0.546489
0.520178
0.505600
0.520711
0.480533
0.489778
0.523733
0.472000
0.480000
0.479111
0.523911
0.521067
0.513067
0.520178
0.496356
0.484444
0.483200
0.506844
0.485867
0.503822
0.488533
0.523378
0.500089
