0.340361
0.354867
0.344111
0.347617
0.340557
0.343485
0.345727
0.349596
0.346885
0.347416
0.350309
0.340795
0.346330
0.347442
0.342807
0.349308
0.345851
0.344408
0.342319
0.345381
0.341534
0.350187
0.351862
0.354601
0.347768
0.342877
0.342797
0.345606
0.344095
0.343810
0.340427
0.340594
0.344643
0.346282
0.342032
0.345525
0.346966
0.347288
0.352095
0.343536
0.343039
0.348732
0.348399
0.343826
0.348009
0.350787
0.344091
0.347460
0.348979
0.345270
0.354407
0.346893
0.346323
0.344442
0.349135
0.352989
0.339071
0.350122
0.343904
0.348059
0.342674
0.342000
0.345546
0.340495
0.346366
0.345265
0.342826
0.351117
0.352440
0.348641
0.349834
0.349666
0.345052
0.346065
0.346674
0.347531
0.347854
0.353092
0.347286
0.349609
0.343420
0.349957
0.345181
0.346740
0.344141
0.344663
0.346799
0.345998
0.348099
0.345922
0.348377
0.345422
0.344985
0.343435
0.345423
0.345818
0.344484
0.343961
0.350371
0.348805
0.341469
0.343845
0.344651
0.346597
0.338804
0.346841
0.344223
0.341653
0.339458
0.344560
0.348400
0.342368
0.343192
0.345562
0.346894
0.342250
0.344106
0.343806
0.347325
0.344482
0.344151
0.341445
0.348260
0.343693
0.340108
0.347637
0.352878
0.341501
0.344053
0.346289
0.343409
0.351777
0.352092
0.346960
0.347202
0.343256
0.353980
0.350144
0.345480
0.347057
0.344037
0.342580
0.344450
0.343152
0.350748
0.346282
0.345862
0.350960
0.344101
0.353709
0.345604
0.341148
0.348523
0.345490
0.336080
0.346392
0.345771
0.346621
0.340266
0.342626
0.345593
0.344670
0.341182
0.347801
0.341791
0.348772
0.349554
0.350191
0.346090
0.345693
0.344300
0.348872
0.355325
0.352214
0.345812
0.344995
0.345399
0.353972
0.346278
0.344109
0.345446
0.342399
0.343181
0.343756
0.344921
0.341571
0.346569
0.348210
0.344066
0.353485
0.343851
0.345628
0.341593
0.345907
0.346393
0.341344
0.343965
0.350484
0.350010
0.341519
0.343202
0.347896
0.343841
0.349173
0.344217
0.350843
0.341553
0.345647
0.343116
0.343020
0.345471
0.348368
0.354212
0.345017
0.350854
0.345368
0.343292
0.342478
0.345555
0.347817
0.349194
0.341075
0.352896
0.343438
0.349649
0.348066
0.347843
0.348018
0.345742
0.346291
0.346283
0.342797
0.343806
0.348829
0.343939
0.340889
0.347777
0.352298
0.348166
0.349262
0.344646
0.348116
0.347846
0.347761
0.342368
0.343561
0.343185
0.343643
0.348076
0.344967
0.348730
0.337352
0.343943
0.348013
0.347901
0.340629
0.346642
0.344935
0.354626
0.340838
0.358852
0.346676
0.350164
0.343727
0.348206
0.342252
0.351111
0.345174
0.344787
0.335795
0.343245
0.344141
0.347321
0.341787
0.346642
0.343156
0.349439
0.348583
0.348181
0.345267
0.346172
0.349988
0.344764
0.351951
0.342821
0.343837
0.342362
0.346899
0.351294
0.347666
0.342356
0.343228
0.358183
0.344096
0.346814
0.353020
0.348790
0.354057
0.345476
0.344072
0.347323
0.341948
0.344929
0.350127
0.345605
0.349208
0.345990
0.342505
0.345078
0.346382
0.340007
0.342708
0.348208
0.348653
0.344714
0.351169
0.350274
0.347601
0.344595
0.344071
0.342695
0.343154
0.337298
0.340211
0.352081
0.348302
0.344205
0.340167
0.341105
0.346565
0.341170
0.344353
0.343621
0.340643
0.350830
0.343596
0.345242
0.342230
0.346976
0.350548
0.347010
0.349036
0.337325
0.345345
0.348770
0.342235
0.342999
0.344547
0.342472
0.338129
0.351253
0.348644
0.347608
0.350637
0.344863
0.345605
0.343285
0.344730
0.340645
0.349233
0.350526
0.349707
0.348431
0.348030
0.350098
0.343616
0.351079
0.347575
0.341364
0.346791
0.347655
0.336536
0.342166
0.345531
0.341130
0.338444
0.344518
0.345617
0.342597
0.336088
0.344602
0.350524
0.346646
0.348351
0.345440
0.349143
0.347387
0.347427
0.343420
0.346023
0.347725
0.346315
0.345655
0.351280
0.349128
0.351878
0.343911
0.346216
0.344647
0.342279
0.349341
0.343355
0.344920
0.351106
0.345728
0.345583
0.348018
0.344095
0.339569
0.347983
0.343828
0.350245
0.350103
0.345105
0.347968
0.346572
0.340735
0.348733
0.346354
0.352560
0.347294
0.349693
0.352209
0.344477
0.339662
0.350652
0.345165
0.347190
0.345223
0.346776
0.348360
0.347494
0.349107
0.343423
0.341965
0.346030
0.357354
0.348261
0.346096
0.348497
0.345905
0.348280
0.349071
0.343864
0.341074
0.347304
0.346643
0.349190
0.349853
0.349575
0.344065
0.343031
0.344379
0.347498
0.345932
0.345472
0.344157
0.344160
0.349017
0.351741
0.344792
0.348100
0.346762
0.346628
0.344102
0.352625
0.346991
0.348519
0.339235
0.348658
0.347618
0.347931
0.350864
0.346599
0.344992
0.345367
0.341683
0.347971
0.344847
0.344167
0.347055
0.343476
0.343791
0.345963
0.349922
0.341316
0.351728
0.350277
0.346604
0.345160
0.347839
0.343548
0.343183
0.338902
0.343270
0.345641
0.350850
0.346891
0.345741
0.347062
0.345369
0.343519
0.346816
0.346421
0.343180
0.346214
0.348474
0.344373
0.344761
0.347060
0.347886
0.340816
0.347618
0.345233
0.346852
0.340679
0.345091
0.345236
0.346989
0.344804
0.345980
0.351272
0.343220
0.342882
0.343518
0.342280
0.348387
0.346542
0.347774
0.343389
0.345722
0.346804
0.348642
0.349011
0.341129
0.342633
0.342074
0.350533
0.343691
0.344700
0.348059
0.353696
0.347043
0.346579
0.348080
0.353455
0.348358
0.339928
0.341935
0.346122
0.348373
0.349841
0.343152
0.345468
0.346049
0.350342
0.347119
0.347703
0.343927
0.346688
0.346268
0.346171
0.345816
0.341782
0.341184
0.343550
0.343510
0.346157
0.341105
0.348827
0.344583
0.342191
0.346833
0.340739
0.337586
0.341932
0.346716
0.350352
0.351355
0.345228
0.342156
0.339133
0.348633
0.344162
0.346642
0.347918
0.344606
0.345413
0.350512
0.346575
0.347459
0.343653
0.351279
0.350064
0.351357
0.345325
0.342206
0.344792
0.348964
0.347394
0.348233
0.352817
0.344723
0.343734
0.346717
0.350656
0.347818
0.352329
0.345541
0.344398
0.347153
0.340885
0.346126
0.344694
0.338496
0.348524
0.349724
0.346135
0.342168
0.346267
0.345969
0.350225
0.347841
0.340649
0.352093
0.351836
0.343803
0.343031
0.347801
0.340846
0.349278
0.342599
0.342582
0.343512
0.337521
0.346591
0.347006
0.345106
0.344242
0.339388
0.338223
0.350119
0.346882
0.345365
0.344043
0.348974
0.353531
0.343594
0.343859
0.347986
0.354453
0.341500
0.344316
0.347372
0.347212
0.345357
0.344591
0.347072
0.348999
0.343748
0.345350
0.348199
0.347763
0.346379
0.348393
0.344009
0.345697
0.343532
0.345340
0.353509
0.346463
0.340564
0.341376
0.346112
0.347195
0.344745
0.350663
0.351832
0.348152
0.350048
0.343527
0.345004
0.348358
0.347497
0.340546
0.347266
0.341395
0.353703
0.343734
0.342893
0.343746
0.342120
0.346322
0.351088
0.343094
0.346678
0.342223
0.350577
0.338321
0.343879
0.345644
0.345257
0.349527
0.344134
0.344685
0.340489
0.341400
0.344521
0.345321
0.346304
0.347832
0.347593
0.353311
0.342835
0.353855
0.341380
0.348473
0.343331
0.346702
0.343296
0.343912
0.341703
0.344662
0.340633
0.343368
0.346308
0.343463
0.343106
0.346996
0.348755
0.346437
0.345332
0.347255
0.348481
0.342510
0.344849
0.342911
0.348844
0.347132
0.347344
0.344679
0.346609
0.347647
0.346486
0.346278
0.341166
0.344434
0.348738
0.342960
0.346215
0.342272
0.345212
0.346021
0.347699
0.337256
0.342284
0.345798
0.344866
0.347870
0.343223
0.348100
0.345503
0.343405
0.345626
0.337781
0.347961
0.346549
0.345452
0.346906
0.340846
0.342963
0.346365
0.348953
0.345785
0.340996
0.337679
0.346470
0.340407
0.353701
0.344876
0.345563
0.348558
0.345935
0.347884
0.344787
0.346107
0.342628
0.340595
0.342200
0.344176
0.344294
0.339290
0.347261
0.348384
0.345801
0.347796
0.346045
0.346390
0.350445
0.346225
0.346788
0.342124
0.342756
0.358393
0.346594
0.341572
0.345143
0.344489
0.345057
0.352103
0.339583
0.346932
0.344812
0.342395
0.345364
0.348746
0.344038
0.349501
0.345882
0.341717
0.346289
0.344647
0.341646
0.345404
0.350357
0.344069
0.341611
0.348491
0.352241
0.353065
0.341801
0.344150
0.349551
0.344579
0.350421
0.349965
0.347519
0.347790
0.347178
0.349034
0.343648
0.347522
0.345558
0.346438
0.341801
0.349903
0.349831
0.348551
0.343208
0.343599
0.343948
0.343899
0.343665
0.348512
0.349286
0.345669
0.353752
0.353207
0.345388
0.344406
0.348811
0.339251
0.349183
0.347791
0.348829
0.348052
0.343013
0.347549
0.343813
0.349243
0.344090
0.343700
0.339318
0.346592
0.347787
0.343760
0.353473
0.340709
0.341550
0.341660
0.347927
0.339993
0.339478
0.349310
0.348156
0.339360
0.351168
0.348257
0.350626
0.344070
0.347174
0.347844
0.346827
0.346899
0.346777
0.348629
0.352012
0.342791
0.343464
0.340383
0.346308
0.345018
0.345242
0.349856
0.346388
0.353571
0.356475
0.347033
0.346039
0.344168
0.344690
0.348042
0.343354
0.344820
0.344881
0.349671
0.345527
0.344769
0.348719
0.342369
0.343890
0.345650
0.344426
0.346266
0.347839
0.349021
0.339951
0.342695
0.350000
0.347698
0.342201
0.354001
0.344838
0.350613
0.349841
0.345839
0.345321
0.340648
0.349195
0.351206
0.344807
0.343803
0.344930
0.343345
0.347929
0.345700
0.345739
0.340081
0.342931
0.342038
0.348397
0.346172
0.347326
0.349266
0.352219
0.342770
0.345166
0.345855
0.342789
0.348088
0.346561
0.346553
0.344576
0.347173
0.342508
0.350214
0.349900
0.340574
0.348014
0.349822
0.351214
0.349641
0.348497
0.348527
0.343276
0.345883
0.351555
0.344322
0.341966
0.345744
0.348736
0.349249
0.347516
0.347774
0.345268
0.347977
0.343315
0.343631
0.348915
0.344359
0.343423
0.348040
0.346144
0.345311
0.347935
0.343329
0.342008
0.341792
0.343119
0.352973
0.348294
0.341956
0.347129
0.344425
0.342427
0.352609
0.349588
0.346664
0.345723
0.345325
