0.342378
0.355685
0.342750
0.353878
0.344739
0.343491
0.356796
0.356747
0.353657
0.357663
0.342156
0.360281
0.358763
0.339873
0.343983
0.348518
0.347765
0.354023
0.353965
0.350981
0.342050
0.346498
0.357655
0.355304
0.353092
0.357649
0.348039
0.349583
0.356308
0.349546
0.346940
0.355900
0.355211
0.348593
0.347497
0.345393
0.346928
0.340728
0.342985
0.358348
0.351283
0.350947
0.353027
0.347151
0.352382
0.336254
0.355218
0.347548
0.349646
0.354472
0.354622
0.340315
0.365038
0.343605
0.347957
0.355620
0.347374
0.349699
0.364771
0.355462
0.354950
0.353585
0.350231
0.356909
0.347291
0.347595
0.346511
0.346024
0.353747
0.344201
0.345012
0.342313
0.349550
0.349757
0.358750
0.355591
0.349596
0.354418
0.352194
0.352399
0.347932
0.339858
0.349856
0.355495
0.359776
0.353336
0.352386
0.358948
0.357567
0.357134
0.350055
0.352826
0.345111
0.344336
0.350747
0.346872
0.349501
0.357722
0.358160
0.355322
0.352356
0.359078
0.358182
0.352958
0.351624
0.353963
0.348908
0.359953
0.353187
0.356737
0.352930
0.348679
0.342121
0.357285
0.355777
0.349813
0.346565
0.353058
0.357140
0.349680
0.346731
0.349650
0.347166
0.360694
0.350062
0.356615
0.345576
0.359994
0.352854
0.348723
0.358472
0.349696
0.340130
0.351536
0.347094
0.354446
0.348772
0.353245
0.346843
0.346763
0.348195
0.348565
0.344379
0.364768
0.355588
0.346574
0.345084
0.351033
0.347281
0.356450
0.339554
0.339952
0.360342
0.347766
0.350625
0.350699
0.353728
0.350512
0.345525
0.338818
0.345049
0.348772
0.353543
0.352571
0.360465
0.349721
0.363162
0.346730
0.354586
0.357275
0.349924
0.342038
0.350349
0.345903
0.345195
0.351088
0.353129
0.347361
0.362214
0.353888
0.348871
0.349786
0.336568
0.357015
0.340526
0.355555
0.351262
0.343810
0.346652
0.351022
0.342785
0.349620
0.358935
0.341218
0.352748
0.348756
0.347355
0.349867
0.364861
0.348018
0.340440
0.344119
0.349408
0.358800
0.346438
0.351671
0.351898
0.347786
0.347334
0.346007
0.346312
0.347098
0.350666
0.355833
0.340341
0.352649
0.353742
0.342811
0.355181
0.338769
0.349004
0.345433
0.349168
0.341135
0.351721
0.352791
0.361756
0.346616
0.351311
0.354185
0.351031
0.354599
0.351961
0.348075
0.345565
0.354610
0.353653
0.347301
0.355061
0.356908
0.340609
0.349740
0.360862
0.346202
0.353653
0.340385
0.346495
0.353909
0.343128
0.344682
0.364130
0.351648
0.347888
0.348800
0.355062
0.347450
0.359141
0.348030
0.347033
0.347983
0.342654
0.359918
0.347990
0.346628
0.346941
0.346297
0.352583
0.359206
0.354832
0.355519
0.350807
0.365329
0.348949
0.363871
0.358950
0.343870
0.351959
0.352642
0.345649
0.348574
0.345286
0.345156
0.356460
0.342212
0.350810
0.347647
0.358908
0.344737
0.351723
0.350183
0.352616
0.346801
0.351041
0.355573
0.355295
0.336155
0.355347
0.358993
0.351706
0.357077
0.348642
0.353633
0.347372
0.357922
0.350005
0.353152
0.345984
0.354922
0.347270
0.356970
0.343721
0.353505
0.345245
0.346177
0.345806
0.346908
0.342042
0.355994
0.362697
0.345657
0.352363
0.352509
0.356761
0.353122
0.353206
0.351373
0.345398
0.347638
0.357400
0.351970
0.342000
0.348439
0.341824
0.345562
0.346715
0.357013
0.349658
0.354411
0.348641
0.360779
0.345031
0.355029
0.344005
0.354033
0.334067
0.361413
0.350750
0.347680
0.351131
0.348769
0.346853
0.339362
0.354362
0.341015
0.348299
0.350239
0.348576
0.348529
0.339482
0.349891
0.346674
0.350160
0.354300
0.352421
0.356132
0.353775
0.350913
0.357728
0.353515
0.358388
0.345747
0.344880
0.360318
0.351848
0.346975
0.354142
0.349774
0.342643
0.350103
0.354613
0.348182
0.356441
0.353632
0.350433
0.360157
0.337783
0.344398
0.351919
0.353306
0.358241
0.351155
0.346008
0.356238
0.355401
0.354200
0.351273
0.345343
0.348800
0.353619
0.355376
0.348728
0.347792
0.352595
0.358646
0.352231
0.344705
0.350072
0.353605
0.353344
0.360520
0.350545
0.349486
0.350837
0.343722
0.337980
0.341890
0.342349
0.342909
0.355595
0.344631
0.345865
0.348942
0.346558
0.346467
0.350064
0.347776
0.346661
0.343015
0.349638
0.347749
0.357943
0.354352
0.342027
0.348694
0.345598
0.352240
0.355988
0.356392
0.357395
0.349055
0.364254
0.351065
0.343090
0.352313
0.339632
0.351080
0.365174
0.351573
0.349527
0.350973
0.351922
0.338742
0.350853
0.351148
0.359902
0.359749
0.344291
0.337877
0.347652
0.347401
0.348920
0.345058
0.347340
0.355619
0.349376
0.348987
0.349938
0.351117
0.340932
0.358228
0.356072
0.354632
0.356394
0.356100
0.346717
0.347226
0.348491
0.348240
0.351291
0.358207
0.355028
0.352207
0.355102
0.351709
0.357558
0.346956
0.354678
0.350206
0.345769
0.352933
0.352819
0.362216
0.345896
0.351312
0.355416
0.353941
0.359627
0.354790
0.358266
0.360789
0.346950
0.353570
0.346649
0.346012
0.347727
0.352445
0.342353
0.349013
0.349553
0.346079
