0.525351
0.534362
0.520631
0.529711
0.529854
0.525395
0.532366
0.525134
0.532068
0.533591
0.528896
0.527379
0.528336
0.528318
0.530283
0.522584
0.531782
0.531471
0.525843
0.532584
0.526583
0.531141
0.533660
0.521166
0.531439
0.533299
0.524673
0.527267
0.529474
0.533995
0.532049
0.533417
0.526228
0.526141
0.532410
0.528255
0.527335
0.533025
0.528442
0.531701
0.532882
0.531004
0.519785
0.529257
0.528498
0.530488
0.528529
0.524767
0.527441
0.531153
0.527515
0.530519
0.532913
0.529369
0.528958
0.534568
0.535407
0.530165
0.532472
0.533896
0.531676
0.529860
0.540438
0.527833
0.531738
0.530270
0.529779
0.527646
0.528821
0.527497
0.529356
0.525333
0.528554
0.530550
0.531707
0.535507
0.527472
0.528790
0.526440
0.525880
0.529617
0.528995
0.533355
0.526750
0.531862
0.527895
0.531527
0.530301
0.527037
0.530911
0.530706
0.533697
0.528150
0.528709
0.524636
0.530749
0.537795
0.526042
0.526197
0.531651
0.529393
0.533168
0.526906
0.531091
0.528958
0.527609
0.530612
0.523747
0.532615
0.530003
0.534785
0.534201
0.523479
0.531595
0.538728
0.531073
0.530127
0.530413
0.529163
0.529953
0.529785
0.526085
0.535382
0.526862
0.532727
0.535513
0.531943
0.531185
0.529686
0.531222
0.528579
0.534456
0.526688
0.525625
0.534841
0.522702
0.529704
0.529095
0.531141
0.529537
0.525768
0.531122
0.529350
0.525606
0.529188
0.532242
0.529076
0.536514
0.532273
0.532515
0.530550
0.531209
0.528585
0.530930
0.529879
0.528355
0.527696
0.535009
0.532360
0.528927
0.529344
0.536489
0.527671
0.527976
0.528193
0.525513
0.532217
0.530855
0.526172
0.529885
0.528691
0.529928
0.530494
0.527702
0.531844
0.522124
0.536726
0.526688
0.536191
0.536315
0.529903
0.537385
0.525774
0.528554
0.526017
0.533063
0.530438
0.529879
0.527086
0.529767
0.526017
0.530009
0.532733
0.531626
0.527864
0.523840
0.534151
0.532739
0.532391
0.532316
0.531091
0.531943
0.528902
0.531502
0.527596
0.530979
0.527621
0.525569
0.531726
0.530687
0.530115
0.531489
0.524767
0.529959
0.531533
0.537385
0.526539
0.526415
0.529139
0.528927
0.537124
0.526290
0.527273
0.527677
0.527466
0.527988
0.530432
0.531029
0.531321
0.533492
0.533094
0.535507
0.530805
0.524443
0.532870
0.530799
0.522484
0.529779
0.529959
0.534126
0.530245
0.529064
0.526452
0.529711
0.533722
0.527223
0.532503
0.535090
0.533989
0.531116
0.526408
0.523081
0.536719
0.529045
0.530339
0.520314
0.525420
0.527522
0.523542
0.530090
0.529518
0.527509
0.521421
0.527870
0.532086
0.526066
0.534941
0.528318
0.529680
0.527435
0.525202
0.530476
0.535102
0.528199
0.533722
0.525351
0.535507
0.534288
0.529928
0.526010
0.530507
0.529400
0.530575
0.530357
0.528660
0.525158
0.530532
0.528548
0.530923
0.526713
0.523728
0.529045
0.533087
0.533977
0.528697
0.529257
0.530140
0.530619
0.521303
0.528193
0.536750
0.526029
0.535500
0.528112
0.524481
0.530245
0.527926
0.531533
0.524512
0.531558
0.530948
0.531328
0.532833
0.530252
0.529680
0.527037
0.536980
0.526054
0.528597
0.533119
0.529431
0.534760
0.527335
0.526296
0.532316
0.526726
0.528865
0.524188
0.530656
0.529736
0.524226
0.528554
0.535500
0.527310
0.529879
0.526396
0.529704
0.528821
0.532453
0.529294
0.524885
0.527864
0.534157
0.534748
0.530743
0.528398
0.527596
0.530015
0.527609
0.531309
0.528311
0.532161
0.528660
0.533038
0.531079
0.525494
0.529866
0.533218
0.529033
0.535071
0.532976
0.533355
0.535494
0.531346
0.530065
0.530762
0.531259
0.527702
0.534033
0.529680
0.526763
0.532173
0.525208
0.532665
0.527491
0.530855
0.526415
0.532721
0.535208
0.528000
0.532347
0.530109
0.529474
0.529935
0.527441
0.533131
0.530102
0.529176
0.525961
0.529505
0.526066
0.529760
0.531626
0.524555
0.532540
0.529238
0.532994
0.531701
0.527944
0.524785
0.530102
0.529418
0.530214
0.530631
0.529250
0.535252
0.532335
0.527453
0.527248
0.529624
0.535413
0.532403
0.529070
0.530787
0.533013
0.524008
0.533150
0.528442
0.526763
0.527204
0.528697
0.527845
0.528287
0.536060
0.534959
0.527951
0.528784
0.531073
0.528989
0.529543
0.528112
0.530948
0.528660
0.528859
0.524661
0.529704
0.527180
0.532049
0.528181
0.528032
0.531464
0.532565
0.525314
0.524847
0.528255
0.529039
0.525706
0.527478
0.531738
0.528604
0.527944
0.532099
0.534381
0.529978
0.531545
0.524903
0.531576
0.529847
0.526396
0.526352
0.532198
0.534412
0.530824
0.538641
0.526912
0.529306
0.535152
0.532217
0.529599
0.529779
0.533684
0.535612
0.531004
0.528262
0.526408
0.529126
0.531477
0.534443
0.533759
0.529437
0.529636
0.526060
0.529002
0.526172
0.529586
0.524580
0.531775
0.529064
0.531539
0.532024
0.527055
0.521278
0.529306
0.527857
0.535382
0.528591
0.531974
0.527609
0.530724
0.526632
0.523964
0.526875
0.530706
0.526639
0.524711
0.529282
0.537304
0.528691
0.527012
0.534704
