0.528234
0.527731
0.530418
0.529135
0.529428
0.529866
0.527910
0.533713
0.527877
0.535012
0.529809
0.532861
0.532958
0.535856
0.533186
0.524704
0.528210
0.526018
0.526587
0.529078
0.530353
0.528583
0.525986
0.529566
0.527187
0.525499
0.530085
0.534354
0.530036
0.529850
0.529955
0.529022
0.530872
0.534468
0.531035
0.527155
0.527869
0.524842
0.531960
0.533242
0.532601
0.529216
0.535012
0.532934
0.531773
0.530028
0.530653
0.532301
0.525807
0.524257
0.527544
0.521814
0.535085
0.529492
0.531627
0.524492
0.532845
0.530296
0.523794
0.526514
0.528973
0.528997
0.535385
0.534127
0.528218
0.527991
0.530580
0.531595
0.527764
0.530815
0.527885
0.524225
0.530239
0.523145
0.529841
0.532382
0.534249
0.526863
0.531708
0.524695
0.537106
0.525937
0.529444
0.526895
0.532179
0.530491
0.523494
0.531173
0.527431
0.533908
0.528178
0.528997
0.532715
0.532942
0.527260
0.529379
0.536992
0.522699
0.533234
0.531124
0.527950
0.532122
0.530004
0.528259
0.527553
0.528559
0.529306
0.530637
0.529557
0.530004
0.531221
0.529671
0.528169
0.536660
0.529338
0.529533
0.531708
0.526416
0.532658
0.528567
0.527504
0.535004
0.530280
0.523169
0.528859
0.526335
0.528405
0.533453
0.531108
0.524249
0.534192
0.523234
0.528040
0.523178
0.529216
0.533340
0.526286
0.524298
0.533478
0.532674
0.534289
0.531830
0.525686
0.526010
0.531335
0.531270
0.534281
0.530856
0.528064
0.529955
0.528786
0.527780
0.526035
0.531051
0.529290
0.527772
0.537317
0.532634
0.530369
0.537301
0.524143
0.528356
0.532268
0.532577
0.532398
0.528169
0.527187
0.524460
0.531051
0.527755
0.526165
0.528137
0.533559
0.528478
0.529046
0.526652
0.532431
0.528072
0.523648
0.525702
0.526611
0.531481
0.530304
0.525832
0.534127
0.527893
0.532082
0.531960
0.523665
0.531294
0.524574
0.531027
0.532877
0.529127
0.534549
0.525458
0.532626
0.534582
0.527804
0.528941
0.532098
0.530296
0.528283
0.533705
0.534931
0.536327
0.529192
0.530126
0.534663
0.530142
0.531489
0.531603
0.534111
0.530004
0.530247
0.533364
0.531465
0.527569
0.531497
0.525702
0.529557
0.523876
0.529038
0.527277
0.529760
0.531911
0.531708
0.530726
0.531522
0.527155
0.530556
0.527496
0.522455
0.525312
0.530126
0.538600
0.530280
0.530077
0.521359
0.529005
0.528900
0.527268
0.532958
0.532203
0.526635
0.535637
0.530109
0.524525
0.529233
0.524963
0.537033
0.531505
0.527861
0.524793
0.535458
0.529330
0.527999
0.523713
0.528194
0.530182
0.527520
0.528819
0.534062
0.528681
0.527390
0.526668
0.528478
0.525117
0.533551
0.532707
0.523454
0.536254
0.534914
0.521725
0.532130
0.533202
0.522098
0.527642
0.527358
0.526335
0.530572
0.535475
0.525142
0.533429
0.531611
0.531319
0.526895
0.527699
0.534208
0.527569
0.530044
0.534720
0.528478
0.530588
0.528502
0.531627
0.528096
0.529906
0.522601
0.524939
0.528648
0.530239
0.531432
0.531854
0.531205
0.533372
0.522504
0.532260
0.532780
0.528040
0.524241
0.530604
0.533429
0.533794
0.530661
0.533194
0.526854
0.528640
0.525718
0.526749
0.535913
0.536944
0.523608
0.531708
0.541481
0.528518
0.530645
0.530239
0.523997
0.528015
0.528462
0.532236
0.536302
0.530361
0.529833
0.530580
0.531538
0.528389
0.523048
0.532057
0.530791
0.530272
0.529103
0.529947
0.531570
0.525580
0.532764
0.521221
0.537918
0.525751
0.535507
0.533072
0.525101
0.533518
0.526165
0.527966
0.530580
0.530556
0.528462
0.532674
0.529785
0.532017
0.521911
0.526887
0.529379
0.529087
0.530531
0.528843
0.523502
0.536311
0.530962
0.530393
0.530150
0.523989
0.534468
0.534005
0.528908
0.526619
0.527220
0.522212
0.524793
0.532536
0.529939
0.529606
0.531173
0.526936
0.534298
0.527853
0.528299
0.528316
0.531562
0.525467
0.528299
0.524557
0.535231
0.527252
0.532950
0.529354
0.529484
0.529281
0.531083
0.532658
0.523908
0.528518
0.532163
0.540856
0.531132
0.532520
0.527966
0.527187
0.532601
0.527512
0.531781
0.526181
0.529671
0.533900
0.532658
0.529257
0.528364
0.530150
0.528965
0.529509
0.530272
0.534233
0.530742
0.522812
0.535020
0.526635
0.521067
0.526018
0.524135
0.531018
0.524574
0.526343
0.525012
0.532950
0.526416
0.527691
0.535807
0.525142
0.523754
0.525515
0.529549
0.533859
0.523819
0.519127
0.533924
0.527520
0.526717
0.532325
0.527171
0.532203
0.524168
0.532828
0.524947
0.533640
0.527764
0.523169
0.526960
0.526587
0.527488
0.529030
0.527617
0.527406
0.532479
0.528859
0.522885
0.525004
0.526416
0.531716
0.532114
0.533405
0.530199
0.529850
0.530036
0.525637
0.532520
0.525783
0.527155
0.519006
0.529679
0.530548
0.531952
0.528624
0.533518
0.526660
0.528153
0.524501
0.525580
0.531132
0.529566
0.533064
0.526562
0.524971
0.524898
0.528567
0.526652
0.533624
0.527350
0.529322
0.525247
0.526083
0.534509
0.524468
0.532755
0.529184
0.523730
0.533056
0.528835
0.533973
