0.348338
0.340130
0.351757
0.364427
0.353658
0.342661
0.339332
0.339467
0.342332
0.334690
0.342551
0.335098
0.346723
0.346249
0.346266
0.342499
0.349070
0.352983
0.336665
0.353236
0.347601
0.356821
0.350351
0.355587
0.361509
0.341736
0.356033
0.346341
0.354891
0.347154
0.347637
0.352981
0.344821
0.339382
0.348730
0.349441
0.343332
0.345183
0.355702
0.340329
0.353015
0.349974
0.344674
0.338615
0.342834
0.342996
0.349946
0.340029
0.334106
0.343300
0.353498
0.337417
0.337405
0.357225
0.352854
0.361532
0.347916
0.347823
0.339290
0.352414
0.350227
0.358988
0.344567
0.344609
0.348026
0.344910
0.348803
0.353633
0.358003
0.355783
0.354781
0.356956
0.360636
0.356193
0.345261
0.351965
0.341852
0.347921
0.342535
0.349595
0.351655
0.365056
0.341469
0.354002
0.357043
0.367474
0.346751
0.349502
0.359396
0.344635
0.338786
0.355662
0.345506
0.350827
0.364800
0.348727
0.346949
0.347428
0.340740
0.342321
0.344877
0.355478
0.344884
0.358792
0.336815
0.346715
0.340399
0.327772
0.353540
0.336928
0.351048
0.334169
0.348181
0.353279
0.356165
0.334654
0.358962
0.346374
0.344693
0.348824
0.354841
0.351247
0.328374
0.357648
0.354618
0.360169
0.340502
0.359573
0.352477
0.348368
0.355338
0.341604
0.342857
0.344377
0.362575
0.355207
0.345486
0.355642
0.351326
0.346077
0.349386
0.352079
0.334450
0.349933
0.344573
0.331312
0.348669
0.344367
0.329325
0.339120
0.355172
0.353537
0.343635
0.350026
0.351924
0.347480
0.356997
0.340003
0.349796
0.340076
0.344664
0.340717
0.357332
0.346805
0.357466
0.341079
0.356181
0.364498
0.350829
0.357234
0.352103
0.348916
0.358920
0.347491
0.347685
0.351276
0.344061
0.355029
0.337874
0.355333
0.363413
0.342555
0.346513
0.361035
0.345368
0.349301
0.362780
0.348726
0.346086
0.342870
0.352335
0.340924
0.341133
0.334374
0.342743
0.348665
0.354796
0.335632
0.347349
0.345113
0.359531
0.346748
0.354883
0.344102
0.348030
0.347793
0.346543
0.353549
0.339637
0.357836
0.348978
0.342553
0.345793
0.343092
0.350388
0.342146
0.353489
0.342357
0.355347
0.326460
0.358494
0.339814
0.352266
0.337828
0.348817
0.354107
0.352639
0.350575
0.331247
0.346143
0.354466
0.354133
0.346092
0.344213
0.354705
0.342550
0.355680
0.342447
0.356686
0.347851
0.348150
0.344298
0.348403
0.344472
0.355333
0.350851
0.343039
0.340326
0.347204
0.344489
0.355930
0.347003
0.348785
0.352870
0.344752
0.345184
0.355562
0.367627
0.338919
0.346108
0.354888
0.354882
0.343870
0.360204
0.326843
0.341234
0.352146
0.357829
0.350509
0.342009
0.355513
0.355713
0.348784
0.353250
0.344262
0.343902
0.340379
0.337413
0.330507
0.360404
0.344150
0.338905
0.350685
0.362621
0.353050
0.357823
0.346880
0.339216
0.340156
0.352051
0.344314
0.350055
0.359546
0.354029
0.351607
0.344174
0.331296
0.343824
0.341246
0.349011
0.347780
0.346248
0.340854
0.347908
0.351495
0.354972
0.335824
0.345148
0.359744
0.361716
0.341807
0.353316
0.354809
0.355326
0.356076
0.345382
0.347383
0.349903
0.349636
0.343935
0.347501
0.359063
0.332398
0.338386
0.339347
0.332494
0.351203
0.342434
0.352231
0.334802
0.349648
0.344618
0.356161
0.346029
0.354744
0.334371
0.346007
0.355200
0.353046
0.346767
0.336116
0.352714
0.351100
0.339564
0.352533
0.345546
0.353337
0.343867
0.345183
0.341856
0.351735
0.339855
0.352190
0.341329
0.342587
0.357675
0.351935
0.345946
0.346478
0.347221
0.354901
0.349779
0.338225
0.351219
0.347796
0.346346
0.331950
0.345925
0.346958
0.353619
0.358554
0.346320
0.350307
0.344376
0.340280
0.357072
0.345216
0.338038
0.352151
0.342955
0.355631
0.347538
0.349665
0.331396
0.363140
0.330946
0.351276
0.351876
0.350619
0.343091
0.349510
0.343037
0.355475
0.357173
0.355364
0.343319
0.336450
0.352686
0.354308
0.367548
0.340000
0.354182
0.357247
0.361755
0.358732
0.342246
0.346838
0.368789
0.341079
0.349179
0.354868
0.337332
0.340388
0.342447
0.341516
0.353627
0.352332
0.347050
0.356705
0.350525
0.352860
0.363544
0.333321
0.348769
0.350882
0.343369
0.365099
0.365071
0.335303
0.353404
0.350437
0.351602
0.348110
0.349618
0.343261
0.350686
0.349616
0.334905
0.340973
0.352238
0.354048
0.348370
0.342648
0.354616
0.351696
0.355900
0.350369
0.346229
0.354669
0.348027
0.358210
0.355213
0.346620
0.347961
0.345862
0.369364
0.348990
0.346797
0.342168
0.354819
0.341634
0.353663
0.362740
0.339296
0.343135
0.333196
0.348118
0.349101
0.339914
0.341961
0.350877
0.348087
0.353452
0.344191
0.340682
0.354313
0.340261
0.338221
0.341965
0.346369
0.340752
0.345023
0.357298
0.341796
0.355840
0.355718
0.335797
0.336571
0.321005
0.349593
0.342164
0.357181
0.333321
0.338951
0.349069
0.343632
0.353542
0.350882
0.334691
0.350351
0.357880
0.351185
0.337282
0.352305
0.331857
0.344378
0.343387
0.343125
0.344833
0.348592
0.349718
0.343613
0.352213
0.342817
0.360287
0.345761
0.347354
0.336911
0.352529
0.357530
0.363595
0.354977
0.339119
0.332209
0.348312
0.351185
0.344985
0.346510
0.346183
0.349978
0.339638
0.343658
0.352679
0.351959
0.355882
0.339487
0.346037
0.350055
0.346513
0.342049
0.353728
0.336545
0.354147
0.347942
0.354986
0.342796
0.345480
0.351637
0.345635
0.351034
0.345896
0.369564
0.342539
0.360712
0.348279
0.345643
0.342690
0.352201
0.355527
0.346403
0.347046
0.354764
0.364750
0.349038
0.336101
0.336754
0.350369
0.346289
0.344821
0.357010
0.334939
0.350755
0.361547
0.351262
0.360725
0.348564
0.360757
0.342857
0.346507
0.345809
0.348093
0.347155
0.344285
0.355981
0.339533
0.343473
0.347760
0.349395
0.363296
0.342092
0.348427
0.350145
0.355744
0.339997
0.355603
0.345087
0.351670
0.352480
0.353438
0.345556
0.358143
0.350822
0.351793
0.347510
0.342810
0.361451
0.348879
0.361824
0.354120
0.345231
0.333672
0.350256
0.349176
0.330724
0.335427
0.353547
0.347892
0.349180
0.348492
0.354446
0.342604
0.345027
0.366813
0.353974
0.336782
0.337710
0.349321
0.342648
0.344377
0.356021
0.331021
0.350762
0.348031
0.345397
0.359018
0.348683
0.338174
0.364947
0.358002
0.344067
0.350731
0.342766
0.336834
0.348178
0.359014
0.352718
0.343087
0.341565
0.334854
0.337233
0.356377
0.357547
0.348599
0.355573
0.354972
0.338521
0.364811
0.350443
0.349200
0.363210
0.346592
0.345657
0.334050
0.342622
0.344675
0.352610
0.344370
0.358156
0.335680
0.356084
0.354590
0.348598
0.354030
0.353756
0.357073
0.353088
0.347450
0.336014
0.340605
0.364462
0.350462
0.352704
0.347894
0.343202
0.340347
0.349413
0.352690
0.345654
0.344318
0.343257
0.354154
0.348716
0.347956
0.354053
0.344951
0.347732
0.346673
0.347811
0.348516
0.344392
0.344447
0.350781
0.365566
0.345219
0.338640
0.345472
0.334688
0.366843
0.355954
0.356307
0.345980
0.354265
0.346165
0.335604
0.354675
0.336207
0.333890
0.351618
0.335738
0.340937
0.356615
0.353374
0.331411
0.349314
0.359912
0.341952
0.342023
0.348292
0.354014
0.344923
0.342604
0.341336
0.363355
0.339335
0.343333
0.337407
0.345483
0.346239
0.345992
0.341179
0.342684
0.347621
0.346822
0.351444
0.346398
0.351504
0.348650
0.353075
0.358911
0.355090
0.349577
0.344680
0.331495
0.351711
0.343451
0.342939
0.355122
0.346737
0.353457
0.348853
0.357568
0.347821
0.340536
0.348130
0.346340
0.349867
0.342452
0.339144
0.348700
0.363138
0.348784
0.360289
0.353230
0.361107
0.343397
0.347732
0.349665
0.338268
0.346907
0.337483
0.344754
0.346170
0.349903
0.343007
0.355236
0.331788
0.354693
0.344844
0.355390
0.349094
0.341820
0.351877
0.351518
0.356647
0.327935
0.351875
0.351158
0.347721
0.363806
0.337648
0.351309
0.352072
0.342694
0.359797
0.351851
0.351593
0.344970
0.352721
0.343608
0.356027
0.354608
0.349048
0.338441
0.343669
0.342674
0.342943
0.351781
0.350928
0.341018
0.351758
0.355955
0.339909
0.360678
0.347594
0.354192
0.360408
0.352330
0.350339
0.359619
0.347020
0.354369
0.358073
0.341970
0.357270
0.364666
0.338479
0.349209
0.348835
0.347899
0.356640
0.356344
0.355536
0.339618
0.353532
0.349880
0.345842
0.349394
0.344843
0.342832
0.343929
0.348011
0.338946
0.346999
0.353272
0.345330
0.346549
0.344779
0.351902
0.355065
0.364919
0.346575
0.348438
0.344738
0.347188
0.341027
0.363698
0.347356
0.357385
0.332929
0.346393
0.347360
0.338728
0.344571
0.341706
0.338049
0.338548
0.348572
0.351324
0.351759
0.353433
0.348088
0.340563
0.348715
0.361240
0.361783
0.351336
0.351085
0.349862
0.349311
0.343105
0.345467
0.352892
0.346894
0.339834
0.348299
0.346200
0.354009
0.342732
0.350959
0.349624
0.346250
0.355839
0.357886
0.342920
0.355700
0.330516
0.356887
0.359848
0.348134
0.351365
0.327668
0.351325
0.355725
0.338767
0.349807
0.353031
0.336617
0.342353
0.349350
0.353895
0.345070
0.366203
0.350459
0.366124
0.353398
0.357678
0.339543
0.348949
0.345870
0.368230
0.358679
0.340695
0.343121
0.341107
0.352475
0.349644
0.359756
0.344769
0.349181
0.356997
0.347377
0.345896
0.347332
0.360754
0.348979
0.354982
0.349457
0.362378
0.335896
0.352510
0.338149
0.344346
0.353285
0.334353
0.352726
0.360160
0.351731
0.352608
0.348842
0.356933
0.344939
0.344357
0.346305
0.348385
0.345625
0.360822
0.350724
0.352426
0.355500
0.354385
0.358849
0.346679
0.347224
0.351333
0.350571
0.352640
0.344281
0.340274
0.349315
0.342070
0.349525
0.342841
0.357043
0.342650
0.334703
0.347204
0.343086
0.355826
0.346759
0.352407
0.360073
0.346957
0.354064
0.350281
0.343190
0.358257
0.356098
0.336455
0.349338
0.338120
0.342211
0.355424
0.353048
0.351725
0.343402
0.342747
0.345537
0.345854
0.342205
0.342119
0.353735
0.329576
0.351304
0.352876
0.347090
0.354240
0.348311
0.338402
0.356089
0.344412
0.355178
0.352952
0.346376
0.342857
0.358544
0.343682
0.355957
0.366215
0.342799
0.338283
0.359450
0.355928
0.355965
0.349896
0.363379
0.345981
0.339096
0.343363
0.346686
0.347587
0.345161
0.342769
0.353598
0.361854
0.353605
0.355299
0.343127
0.353863
0.354464
0.355468
0.357685
0.359168
0.362213
0.351665
0.351411
0.352462
0.335629
0.351882
0.345566
0.338124
0.345215
0.355537
0.345080
0.344899
0.349643
0.344771
0.340798
0.361621
0.340634
0.354665
0.338383
0.355513
0.347527
0.346068
0.347207
0.349405
0.344147
0.347886
0.328946
0.342892
0.362786
0.342860
0.343546
0.345368
0.354625
0.342154
0.362804
0.342887
0.345188
0.351415
0.349676
0.357518
0.340949
0.341736
0.355970
0.340982
0.343824
0.354641
0.356527
0.350111
0.346526
0.351008
0.330688
0.347667
0.358555
0.348564
0.353050
0.337002
0.350069
0.348764
