0.353820
0.367919
0.361486
0.343702
0.361540
0.343617
0.333071
0.376485
0.378676
0.381244
0.370357
0.322628
0.338909
0.355332
0.344535
0.346977
0.350853
0.339820
0.324986
0.357143
0.353169
0.356071
0.352874
0.376072
0.347852
0.331951
0.355733
0.334204
0.368496
0.354605
0.367398
0.346391
0.351674
0.332030
0.354916
0.313412
0.361748
0.340735
0.343732
0.358491
0.353167
0.353416
0.314275
0.346090
0.313614
0.354771
0.364472
0.365600
0.349990
0.351208
0.333458
0.357883
0.320338
0.379303
0.358086
0.354305
0.370312
0.338910
0.348946
0.370184
0.333885
0.345106
0.388911
0.367904
0.337441
0.342427
0.346503
0.374756
0.370305
0.343419
0.355786
0.374611
0.342432
0.351120
0.326905
0.332780
0.353186
0.370769
0.373017
0.355538
0.365264
0.370038
0.365396
0.347214
0.346483
0.378676
0.357001
0.355569
0.336610
0.336118
0.363236
0.331942
0.333529
0.351452
0.318156
0.334424
0.338274
0.343544
0.377127
0.336329
0.349597
0.328116
0.324609
0.343336
0.369468
0.369324
0.382397
0.340561
0.364622
0.373284
0.317315
0.359201
0.354881
0.348392
0.373430
0.363974
0.353965
0.341401
0.346276
0.364473
0.393252
0.337493
0.333392
0.307781
0.347479
0.382610
0.315741
0.328427
0.336606
0.366797
0.346997
0.367752
0.382090
0.355092
0.344314
0.332188
0.351093
0.362880
0.351351
0.343541
0.354970
0.384072
0.351178
0.360380
0.371542
0.340461
0.368401
0.346190
0.369863
0.358215
0.308146
0.368016
0.354269
0.339137
0.358415
0.343031
0.330566
0.373001
0.327353
0.344349
0.367614
0.376195
0.384778
0.367906
0.333828
0.349118
0.356380
0.378007
0.402142
0.337697
0.360678
0.339066
0.358713
0.328663
0.360138
0.371527
0.358274
0.371072
0.354017
0.351475
0.358084
0.338736
0.345102
0.328398
0.352526
0.340967
0.346757
0.373948
0.354061
0.378987
0.373367
0.348238
0.371434
0.351464
0.336628
0.396528
0.326484
0.349172
0.361106
0.333071
0.346219
0.363026
0.330035
0.370197
0.347477
0.354941
0.351196
0.377744
0.348549
0.363707
0.316093
0.336264
0.356218
0.320571
0.377447
0.356334
0.366108
0.355386
0.371214
0.316312
0.367315
0.358877
0.319117
0.357434
0.358984
0.342305
0.325595
0.332142
0.335505
0.351158
0.374320
0.317953
0.385574
0.360404
0.346728
0.378815
0.347201
0.357341
0.382520
0.379338
0.371189
0.353270
0.370259
0.361080
0.358184
0.348429
0.351774
0.365698
0.332713
0.313910
0.349441
0.343706
0.342130
0.342659
0.365506
0.346073
0.360602
0.385759
0.361937
0.353605
0.355451
0.390210
0.361065
0.362427
0.363445
0.341375
0.345494
0.345371
0.339220
0.346294
0.328638
0.373877
0.350277
0.348617
0.342278
0.340047
0.342522
0.345129
0.339681
0.367101
0.360146
0.329370
0.371064
0.341172
0.344078
0.356308
0.341346
0.364886
0.356874
0.349092
0.386002
0.378054
0.329138
0.373824
0.344982
0.371928
0.350452
0.365863
0.404008
0.349495
0.328466
0.363484
0.365868
0.355176
0.350413
0.376696
0.368318
0.345575
0.345532
0.373298
0.318622
0.339630
0.355365
0.355484
0.353993
0.360977
0.318793
0.371787
0.351952
0.355896
0.345698
0.351722
0.331897
0.374277
0.352339
0.398790
0.334589
0.370284
0.332232
0.360971
0.336891
0.356961
0.375582
0.320397
0.362606
0.333028
0.353137
0.356009
0.382632
0.396852
0.326972
0.367483
0.361338
0.372865
0.327740
0.378081
0.356284
0.341616
0.366896
0.365893
0.356210
0.367528
0.378220
0.345892
0.385253
0.355873
0.371893
0.364014
0.345972
0.350242
0.354484
0.343668
0.380762
0.374900
0.373949
0.345024
0.388180
0.343786
0.364212
0.365560
0.348856
0.318508
0.365347
0.372722
0.326874
0.332075
0.335755
0.365524
0.382895
0.366077
0.359205
0.372273
0.360738
0.326742
0.403575
0.340700
0.382399
0.372997
0.358609
0.397326
0.339634
0.360231
0.333459
0.389043
0.348452
0.353066
0.306521
0.333780
0.375765
0.361240
0.385703
0.356483
0.358259
0.371598
0.390714
0.332389
0.345982
0.341420
0.349609
0.354260
0.338995
0.347361
0.332944
0.351057
0.345727
0.366002
0.379372
0.331813
0.362125
0.345320
0.365541
0.362375
0.355071
0.335269
0.335538
0.364706
0.325804
0.336898
0.361866
0.360280
0.370221
0.360821
0.341192
0.348743
0.355612
0.344401
0.355146
0.361373
0.334448
0.346497
0.371076
0.354790
0.341890
0.358010
0.356344
0.372948
0.371632
0.364155
0.325832
0.378253
0.367489
0.341341
0.349750
0.380409
0.362327
0.352402
0.372545
0.340402
0.398423
0.378958
0.347370
0.349455
0.351000
0.357322
0.347204
0.365793
0.353464
0.339656
0.329955
0.376992
0.332264
0.367016
0.346601
0.383519
0.370530
0.410189
0.355493
0.340486
0.343715
0.380890
0.362966
0.376145
0.357428
0.341641
0.304740
0.350930
0.372817
0.349027
0.343060
0.369624
0.342284
0.382371
0.329949
0.337972
0.348663
0.323849
0.350437
0.328836
0.347242
0.379416
0.360665
0.360779
0.372809
0.380428
0.324467
0.366408
0.357982
0.364120
0.373539
0.386252
0.352333
0.361358
0.356906
0.381554
0.350554
0.359523
0.351318
0.385743
0.325590
0.361111
0.334133
0.363865
0.383081
0.370069
0.366423
0.331822
0.379071
0.339797
0.390239
0.343002
0.348459
0.359642
0.349927
0.395323
0.363151
0.337481
0.346265
0.382610
0.353146
0.329207
0.375175
0.343298
0.357459
0.369290
0.370169
0.339052
0.308357
0.347779
0.339782
0.360815
0.344051
0.336154
0.356376
0.387689
0.377307
0.403910
0.349435
0.331749
0.344227
0.343377
0.352077
0.366601
0.425198
0.369455
0.352185
0.370030
0.358147
0.356064
0.346672
0.349739
0.381211
0.329623
0.371187
0.396968
0.367707
0.361944
0.343220
0.367248
0.353411
0.328855
0.364096
0.358332
0.321282
0.333652
0.382476
0.357694
0.345348
0.345863
0.349413
0.386243
0.330070
0.352243
0.355403
0.369032
0.359340
0.339403
0.333956
0.353603
0.321693
0.360825
0.357581
0.346927
0.381738
0.367172
0.349711
0.331833
0.370298
0.357439
0.351451
0.373281
0.384722
0.340786
0.400039
0.374975
0.370451
0.376530
0.380265
0.354126
0.355382
0.373682
0.375048
0.379796
0.357129
0.340958
0.348502
0.357252
0.380241
0.333584
0.318147
0.368081
0.371904
0.345938
0.340698
0.379304
0.369371
0.345423
0.330383
0.365444
0.361084
0.335639
0.377692
0.360893
0.357917
0.384454
0.358929
0.349409
0.355140
0.358615
0.332559
0.379284
0.335014
0.367114
0.340935
0.375201
0.375857
0.372205
0.318258
0.340031
0.378584
0.334284
0.332674
0.353727
0.360277
0.369853
0.353551
0.352941
0.375460
0.334141
0.344354
0.370230
0.380924
0.369763
0.367962
0.374085
0.340742
0.314221
0.349606
0.324319
0.371975
0.313489
0.362615
0.373244
0.378921
0.325947
0.377980
0.346587
0.369433
0.349335
0.363672
0.353552
0.388719
0.342652
0.337321
0.332722
0.366971
0.372292
0.362869
0.384786
0.367526
0.348270
0.343442
0.381180
0.357992
0.358475
0.345886
0.334244
0.340828
0.371506
0.349530
0.349497
0.378536
0.343524
0.359609
0.373896
0.365009
0.378281
0.366369
0.364390
0.351522
0.369116
0.317906
0.341308
0.359682
0.349684
0.329755
0.344732
0.327032
0.392291
0.383757
0.346815
0.339195
0.363758
0.320646
0.361393
0.357483
0.348624
0.344130
0.373014
0.325118
0.361470
0.371626
0.352078
0.357980
0.346250
0.345569
0.355245
0.331968
0.369602
0.342067
0.364961
0.366444
0.361377
0.347154
0.325676
0.382566
0.340672
0.337011
0.345534
0.370293
0.379324
0.348586
0.353689
0.340549
0.348644
0.363111
0.340629
0.349316
0.349665
0.352740
0.352350
0.367540
0.341753
0.344529
0.358621
0.349388
0.340381
0.332469
0.365545
0.391886
0.416170
0.340922
0.383069
0.328450
0.369057
0.351341
0.371628
0.320322
0.390787
0.358597
0.340312
0.363131
0.336177
0.317015
0.337534
0.380397
0.323992
0.348943
0.333880
0.343044
0.351341
0.368988
0.371020
0.363979
0.349694
0.332586
0.334440
0.369930
0.380386
0.339706
0.362463
