0.356709
0.340945
0.365263
0.359652
0.354606
0.355041
0.371535
0.372470
0.357006
0.379905
0.360031
0.350846
0.340360
0.379122
0.356364
0.346996
0.389458
0.336470
0.338368
0.344150
0.355213
0.370812
0.361927
0.378275
0.341403
0.372688
0.362087
0.353763
0.352836
0.375171
0.338034
0.344078
0.350683
0.358921
0.348980
0.330523
0.361446
0.339676
0.355573
0.352769
0.351056
0.352467
0.347608
0.366155
0.360791
0.353127
0.369024
0.346326
0.379600
0.356500
0.362420
0.342764
0.365862
0.356847
0.370361
0.341972
0.353040
0.348168
0.346757
0.350301
0.348014
0.364734
0.337032
0.336602
0.339670
0.336997
0.345694
0.364283
0.389381
0.354197
0.353585
0.355772
0.336067
0.340070
0.359030
0.391037
0.354359
0.360506
0.367121
0.362020
0.369500
0.329533
0.344695
0.365516
0.347015
0.372262
0.356293
0.347700
0.369332
0.349000
0.353783
0.342539
0.347260
0.351330
0.349627
0.369066
0.364825
0.353683
0.346009
0.356017
0.362588
0.361976
0.371106
0.357520
0.375226
0.356634
0.360188
0.353357
0.355305
0.355881
0.326902
0.354144
0.363589
0.346202
0.356552
0.360647
0.356265
0.343111
0.352394
0.357543
0.348987
0.351669
0.353721
0.328649
0.355407
0.348036
0.337968
0.364665
0.358668
0.365368
0.343016
0.364244
0.337316
0.389994
0.359335
0.354073
0.349662
0.334769
0.336835
0.340368
0.334744
0.343919
0.353886
0.354431
0.340512
0.339298
0.350041
0.366221
0.358897
0.328282
0.379511
0.354858
0.380846
0.338134
0.364471
0.340520
0.358673
0.364043
0.339190
0.356737
0.357275
0.356040
0.349815
0.331026
0.328003
0.342119
0.355310
0.343903
0.370697
0.349534
0.362237
0.338802
0.369227
0.363067
0.353054
0.338408
0.401013
0.346820
0.353126
0.369072
0.347916
0.345006
0.363448
0.349795
0.352123
0.332141
0.365047
0.382642
0.369941
0.367835
0.338384
0.347497
0.348910
0.356417
0.353535
0.351071
0.368996
0.353928
0.334068
0.341082
0.337351
0.374346
0.367831
0.373599
0.342039
0.350413
0.355537
0.353163
0.331587
0.352981
0.374325
0.374345
0.350746
0.359109
0.361496
0.346373
0.360339
0.352160
0.347414
0.343032
0.353145
0.356961
0.350086
0.359081
0.349652
0.370564
0.340986
0.337829
0.365164
0.358210
0.337593
0.342212
0.375349
0.352348
0.340390
0.346784
0.355796
0.375481
0.341007
0.366400
0.363451
0.383115
0.369436
0.356523
0.341892
0.362296
0.347834
0.356646
0.354512
0.350061
0.356592
0.362306
0.339859
0.361408
0.350570
0.346130
0.350100
0.348888
0.348466
0.359418
0.355314
0.361848
0.355826
0.358101
0.364705
0.366780
0.357377
0.359739
0.336096
0.355514
0.346424
0.334091
0.364311
0.376498
0.374195
0.328922
0.362191
0.374356
0.354633
0.350235
0.358068
0.363765
0.340007
0.363937
0.357604
0.341296
0.354817
0.358138
0.363122
0.340409
0.348363
0.340506
0.345223
0.361695
0.349715
0.352809
0.367312
0.345768
0.348053
0.345578
0.336420
0.361988
0.340468
0.344131
0.361073
0.353248
0.354985
0.356567
0.357759
0.342473
0.360371
0.346977
0.375844
0.342377
0.354641
0.373611
0.346138
0.361895
0.339988
0.374472
0.346735
0.376097
0.351225
0.356542
0.358210
0.334485
0.349154
0.360729
0.368275
0.366505
0.342373
0.359731
0.350733
0.366689
0.358053
0.364639
0.352453
0.359597
0.350764
0.371404
0.362778
0.367464
0.363788
0.361604
0.349443
0.370529
0.371455
0.356109
0.375217
0.352229
0.353144
0.340957
0.364089
0.373588
0.330621
0.358294
0.367127
0.365309
0.366664
0.327922
0.342826
0.337851
0.361226
0.334503
0.374989
0.363904
0.363341
0.344578
0.362376
0.372622
0.356519
0.353668
0.372790
0.360237
0.338920
0.345137
0.356582
0.358880
0.350727
0.367297
0.374168
0.374605
0.354212
0.355699
0.346403
0.355725
0.346954
0.348865
0.357853
0.333192
0.356747
0.360229
0.354308
0.361247
0.353501
0.338909
0.352901
0.372047
0.344573
0.371231
0.356060
0.343287
0.357574
0.358494
0.342469
0.366775
0.370434
0.352644
0.368089
0.371044
0.370703
0.356688
0.364931
0.348637
0.366991
0.352441
0.366140
0.330113
0.356133
0.342736
0.355878
0.358800
0.355862
0.371105
0.361349
0.365239
0.335689
0.364173
0.347115
0.378807
0.344907
0.372109
0.349060
0.364470
0.368824
0.340894
0.339064
0.375637
0.333982
0.353966
0.352411
0.345987
0.340145
0.332052
0.352271
0.357902
0.355684
0.350943
0.323011
0.339944
0.364551
0.361536
0.364666
0.368341
0.348107
0.352686
0.348396
0.343792
0.359181
0.383743
0.358386
0.349819
0.345612
0.349484
0.351026
0.367019
0.344851
0.357857
0.337386
0.365656
0.336995
0.362075
0.349067
0.369243
0.382550
0.348608
0.347346
0.347315
0.366601
0.361688
0.355760
0.386731
0.354045
0.345627
0.330646
0.338445
0.362445
0.352411
0.339432
0.361674
0.349874
0.350604
0.351067
0.366474
0.364517
0.341132
0.355329
0.353525
0.346656
0.359416
0.347513
0.368008
0.341608
0.360278
0.353255
0.356888
0.362206
0.354137
0.344816
0.351080
0.350633
0.348673
0.350724
0.351728
0.369180
0.357943
0.368588
0.365530
0.358941
0.360681
0.366021
0.324195
0.359102
0.333588
0.342112
0.343406
0.365990
0.380379
0.358119
0.362854
0.354875
0.345132
0.363534
0.345465
0.367049
0.335192
0.354391
0.355565
0.347563
0.349556
0.361680
0.338388
0.372093
0.329634
0.328943
0.370227
0.355627
0.353868
0.357764
0.361479
0.346020
0.372587
0.344328
0.348251
0.343080
0.342025
0.349511
0.342383
0.375848
0.361605
0.367915
0.363700
0.357515
0.333056
0.348802
0.324929
0.346111
0.320997
0.353102
0.355278
0.334379
0.363559
0.339705
0.357726
0.361284
0.358650
0.353025
0.358106
0.358258
0.345107
0.344135
0.357791
0.331671
0.357356
0.391546
0.357330
0.349327
0.354619
0.351113
0.358034
0.355221
0.340078
0.344154
0.373969
0.325180
0.355559
0.360706
0.357772
0.341486
0.378439
0.340160
0.353292
0.319904
0.354537
0.357162
0.345600
0.336185
0.346229
0.348561
0.348903
0.262669
0.265431
0.266940
0.258696
0.263598
0.285044
0.268118
0.263784
0.275599
0.264874
0.277570
0.258884
0.272785
0.256355
0.262539
0.266107
0.264687
0.273273
0.276596
0.262818
0.260345
0.271284
0.263228
0.265291
0.275209
0.256394
0.265624
0.270210
0.262361
0.270808
0.267761
0.261129
0.265967
