0.530198
0.528698
0.530530
0.530702
0.532800
0.533730
0.528947
0.534007
0.530087
0.531986
0.530879
0.538287
0.538292
0.531637
0.536249
0.537351
0.539228
0.536482
0.535756
0.532811
0.538868
0.536648
0.538879
0.538984
0.539560
0.538563
0.535037
0.536864
0.536830
0.540019
0.539394
0.538973
0.538552
0.540091
0.540767
0.534345
0.538752
0.540839
0.537218
0.536814
0.533348
0.535740
0.535568
0.535203
0.534389
0.537240
0.536116
0.537467
0.538525
0.537810
0.537517
0.537152
0.540185
0.535070
0.537539
0.539643
0.534649
0.540900
0.537091
0.532800
0.528066
0.538287
0.537993
0.535413
0.536432
0.533293
0.536122
0.540761
0.536576
0.529439
0.532473
0.537943
0.537379
0.540938
0.538873
0.537251
0.536039
0.543657
0.537428
0.537877
0.528360
0.535297
0.539660
0.544166
0.536460
0.533963
0.535513
0.539997
0.533453
0.541913
0.536432
0.537489
0.529628
0.534494
0.540401
0.535031
0.537916
0.534345
0.543230
0.537428
0.536338
0.539139
0.540069
0.537711
0.535496
0.533608
0.539803
0.539150
0.534389
0.539278
0.539992
0.540889
0.540850
0.537091
0.539493
0.536199
0.536249
0.537583
0.537855
0.539289
0.541182
0.538087
0.530752
0.541420
0.539388
0.538104
0.539261
0.540047
0.538951
0.534815
0.541243
0.538574
0.531527
0.539466
0.536376
0.535302
0.539444
0.540977
0.540944
0.538198
0.534079
0.540778
0.536565
0.538165
0.535385
0.534594
0.539383
0.539560
0.537893
0.536642
0.536803
0.539798
0.539527
0.535114
0.542439
0.534328
0.542865
0.536476
0.537960
0.540285
0.532894
0.536227
0.531377
0.540246
0.539914
0.541254
0.535275
0.538087
0.539089
0.535164
0.537749
0.534190
0.535740
0.540357
0.533154
0.536731
0.534677
0.538580
0.534234
0.536493
0.540922
0.536205
0.537722
0.538148
0.538835
0.539554
0.537395
0.537904
0.532185
0.538574
0.538342
0.542627
0.535214
0.536670
0.538403
0.533343
0.538657
0.533409
0.533708
0.538729
0.538541
0.538392
0.540562
0.536127
0.536509
0.537074
0.536006
0.537085
0.536581
0.538995
0.535142
0.539693
0.535806
0.540800
0.537334
0.536078
0.534898
0.536360
0.537235
0.534167
0.533448
0.538519
0.543679
0.541005
0.536266
0.536050
0.532573
0.548307
0.538037
0.543435
0.539455
0.535651
0.529738
0.539992
0.536133
0.543092
0.538525
0.538054
0.536133
0.533785
0.535491
0.532075
0.537229
0.542433
0.537606
0.541985
0.530530
0.535142
0.541171
0.533658
0.535596
0.535413
0.536454
0.536709
0.534156
0.536476
0.539787
0.530237
0.540628
0.535026
0.530436
0.537993
0.536991
0.537628
0.531095
0.539172
0.537860
0.534937
0.540091
0.533857
0.535125
0.535247
0.540379
0.535839
0.538868
0.539444
0.537124
0.540628
0.535956
0.537711
0.532645
0.539183
0.533470
0.534278
0.540529
0.535413
0.536083
0.534217
0.536764
0.536864
0.538015
0.541498
0.528299
0.537694
0.532346
0.536963
0.539161
0.533708
0.535037
0.534965
0.531604
0.535585
0.532379
0.532811
0.538812
0.533536
0.537273
0.540429
0.537650
0.537334
0.540750
0.539648
0.536244
0.530032
0.538093
0.536869
0.531842
0.536947
0.536936
0.538619
0.538192
0.538281
0.539853
0.534749
0.537589
0.535087
0.539222
0.533448
0.530724
0.534162
0.543718
0.531621
0.532662
0.538275
0.534328
0.537644
0.534035
0.543972
0.535286
0.541354
0.533952
0.541514
0.535225
0.535684
0.533514
0.541813
0.541403
0.539986
0.537844
0.536432
0.530790
0.533802
0.540440
0.536277
0.537373
0.537633
0.537954
0.533365
0.532003
0.532789
0.537738
0.536006
0.540385
0.533835
0.537805
0.534051
0.536448
0.534610
0.534898
0.535164
0.537118
0.538281
0.534815
0.539311
0.540855
0.537235
0.537517
0.537844
0.535015
0.536454
0.536509
0.532595
0.536930
0.532025
0.533409
0.532927
0.542289
0.534068
0.537467
0.539787
0.539410
0.538696
0.534871
0.540152
0.532556
0.538597
0.538303
0.542007
0.536460
0.534417
0.539892
0.541553
0.543624
0.532302
0.534671
0.539698
0.532828
0.534566
0.535330
0.538713
0.537733
0.532938
0.539278
0.535596
0.533398
0.536747
0.538419
0.534228
0.537190
0.533913
0.538702
0.539610
0.540224
0.539194
0.541553
0.542156
0.536969
0.533254
0.534051
0.538657
0.538685
0.534173
0.542743
0.537395
0.536421
0.537666
0.538071
0.535358
0.535557
0.536039
0.535845
0.529312
0.530176
0.534815
0.536194
0.533780
0.537672
0.540241
0.538796
0.538835
0.535186
0.541913
0.536952
0.539504
0.537550
0.541725
0.541625
0.533392
0.537190
0.535441
0.541697
0.540983
0.540484
0.538037
0.532861
0.535956
0.536205
0.537345
0.533891
0.539167
0.537644
0.531338
0.538502
0.537495
0.533730
0.535037
0.537268
0.533365
0.536365
0.535003
0.537794
0.541176
0.539449
0.536083
0.538912
0.533857
0.537367
0.533985
0.535186
0.530984
0.537500
0.542389
0.535900
0.540545
0.533481
0.535048
0.540601
0.538015
0.534024
0.539504
0.535906
0.534549
0.534810
0.539355
0.535446
0.534710
0.542334
0.533752
0.534837
0.535081
0.531504
0.533874
0.531006
0.528448
0.532202
0.526677
0.527922
0.530929
0.525725
0.528266
0.537257
0.524407
0.534898
0.533774
0.528930
0.528482
0.527402
0.531571
0.531648
0.528626
0.532257
0.523211
0.533830
0.532390
0.537522
0.527983
0.535967
0.531731
0.526527
0.525282
0.526140
0.532601
0.527723
0.532961
0.529849
0.529367
0.524313
0.526516
0.529251
0.531150
0.531012
0.531167
0.524340
0.530779
0.528897
0.530547
0.528698
0.531798
0.530984
0.527624
0.527009
0.534799
0.534511
0.525171
0.524651
0.525337
0.527723
0.529965
0.528144
0.531300
0.530137
0.531632
0.535873
0.527513
0.526035
0.527053
0.532158
0.527873
0.529069
0.535590
0.528144
0.529445
0.526389
0.528587
0.532761
0.529196
0.528803
0.530907
0.533985
0.535469
0.526206
0.529617
0.534727
0.526367
0.529240
0.536781
0.530635
0.531405
0.529063
0.529700
0.526256
0.529307
0.528736
0.531931
0.534278
0.530979
0.524501
0.535308
0.531056
0.533758
0.529545
0.529783
0.526898
0.527795
0.530165
0.528714
0.531648
0.531593
0.529113
0.529976
0.532861
0.531997
0.531671
0.537052
0.529954
0.529976
0.534738
0.533763
0.527186
0.529484
0.531300
0.533077
0.527612
0.528653
0.535862
0.527679
0.527557
0.533996
0.530010
0.532562
0.530519
0.534035
0.530120
0.527441
0.532125
0.537107
0.526090
0.526195
0.528764
0.527225
0.532545
0.525021
0.534223
0.535452
0.530054
0.533575
0.534644
0.530342
0.533675
0.527242
0.533298
0.533287
0.533315
0.535773
0.529938
0.530131
0.528858
0.532257
0.529761
0.530242
0.523433
0.529417
0.534832
0.533348
0.531682
0.528786
0.531510
0.532745
0.528432
0.529445
0.528183
0.527153
0.529246
0.527873
0.534239
0.529428
0.522187
0.529063
0.530857
0.524213
0.528144
0.539134
0.537550
0.531206
0.531787
0.531920
0.531056
0.527103
0.528703
0.532479
0.527884
0.528997
0.528559
0.531787
0.528000
0.527009
0.523765
0.529262
0.532108
0.534494
0.530004
0.527845
0.534201
0.530569
0.535457
0.530414
0.530475
0.530547
0.528626
0.525802
0.525691
0.529268
0.528642
0.531648
0.526760
0.534361
0.529318
0.533431
0.535668
0.529030
0.527839
0.526882
0.528891
0.530386
0.528576
0.531654
0.531787
0.530048
0.529196
0.529124
0.528531
0.527540
0.531100
0.531084
0.530536
0.525575
0.530331
0.532545
0.531045
0.526073
0.524091
0.526394
0.528587
0.524656
0.531338
0.525271
0.528592
0.529030
0.533885
0.525603
0.534206
0.525343
0.521462
0.530176
0.526394
0.524269
0.531687
0.527590
0.526804
0.526572
0.530979
0.531305
0.531493
0.532180
0.529666
0.528753
0.527363
0.527181
0.529810
0.529749
0.531853
0.526212
0.527629
0.534378
0.532972
0.535945
0.528985
0.529129
0.528111
0.534743
0.530076
0.529561
0.529279
0.526394
0.527446
0.528432
0.528194
0.531898
0.526040
0.531671
0.530497
0.531781
0.532811
0.530691
0.534123
0.528675
0.531842
0.523045
0.525448
0.531654
0.529041
0.535103
0.527363
0.528775
0.528997
0.531460
0.529002
0.533863
0.527712
0.533586
0.529268
0.532822
0.526682
0.531803
0.534599
0.526981
0.527878
0.533077
0.534356
0.530447
0.530967
0.531272
0.523455
0.528581
0.530148
0.525049
0.526068
0.537362
0.533603
0.529451
0.529982
0.528017
0.531743
0.531776
0.531355
0.527009
0.529899
0.535153
0.530475
0.528781
0.531344
0.524291
0.535391
0.529395
0.530807
0.530563
0.525232
0.529976
0.528299
0.528786
0.528808
0.529030
0.531427
0.528997
0.532562
0.530198
0.528089
0.530065
0.533558
0.524966
0.528554
0.536836
0.531333
0.528648
0.530646
0.527673
0.525636
0.528360
0.526937
0.531394
0.528747
0.525824
0.532125
0.535989
0.528122
0.533160
0.521938
0.528864
0.526954
0.529251
0.533437
0.529556
0.520709
0.521456
0.531228
0.537069
0.525802
0.534638
0.523654
0.534893
0.527369
0.536919
0.530491
0.531471
0.525985
0.533093
0.526311
0.527264
0.529290
0.523648
0.533553
0.533143
0.532916
0.530641
0.531488
0.529179
0.531128
0.532473
0.532684
0.533719
0.528543
0.530370
0.536664
0.528050
0.529434
0.529262
0.533785
0.531023
0.526610
0.527435
0.532451
0.534494
0.525929
0.530674
0.537473
0.528100
0.526931
0.527070
0.529550
0.531493
0.532208
0.526970
0.528089
0.532711
0.529999
0.536260
0.524944
0.532252
0.536138
0.528017
0.530026
0.528227
0.527712
0.534090
0.532656
0.532435
0.532479
0.532523
0.526367
0.531516
0.540916
0.532562
0.527457
0.527762
0.531233
0.529273
0.527646
0.525171
0.534046
0.529024
0.531853
0.532855
0.530082
0.529146
0.529024
0.528465
0.529766
0.534561
0.530048
0.526483
0.524900
0.530131
0.528609
0.527380
0.532656
0.528072
0.529644
0.526638
0.525968
0.528255
0.528504
0.535978
0.529240
0.526478
0.536404
0.532357
0.535983
0.531538
0.523737
0.536066
0.524756
0.538098
0.531643
0.525038
0.524789
0.529251
0.532335
0.532872
0.531006
0.537916
0.527480
0.536332
0.532379
0.526549
0.532036
0.529262
0.530403
0.529971
0.531765
0.531582
0.526195
0.529700
0.534262
0.530098
0.530087
0.529617
0.528642
0.527983
0.533885
0.527513
0.524806
0.528875
0.527015
0.532651
0.527751
0.527275
0.531349
0.530170
0.526461
0.529893
0.530364
0.532407
0.531831
0.529617
0.533149
0.527474
0.530375
0.531023
0.531161
0.532396
0.533044
0.532257
0.537080
0.532113
0.525127
0.527391
0.532595
0.528437
0.529749
0.527839
0.530868
0.519839
0.528941
0.526555
0.532185
0.531726
0.529971
0.527961
0.535817
0.527734
0.536598
0.528255
0.525957
0.534937
0.529700
0.533088
0.527917
0.528631
0.526826
0.528293
0.527945
0.529550
0.528017
0.529844
0.534173
0.528985
0.534096
0.528659
0.529046
0.528548
0.531942
0.535385
0.528349
0.528089
0.527834
0.534024
0.523837
0.530026
0.533403
0.535718
0.535142
0.530646
0.532496
0.526682
0.527269
0.530491
0.531217
0.533099
0.533952
0.532257
0.527380
0.531294
0.527900
0.530718
0.527048
0.529550
0.528421
0.534804
0.533260
0.531305
0.525647
0.527873
0.530951
0.530353
0.529511
0.532374
0.530342
0.529201
0.527064
0.534394
0.534965
0.523798
0.533630
0.527031
0.532623
0.530735
0.527922
0.525459
0.532905
0.530342
0.531366
0.525044
0.532352
0.535751
0.535003
0.534073
0.530801
0.522608
0.532789
0.529102
0.529146
0.529185
0.529190
0.530331
0.528902
0.534799
0.526638
0.529600
0.534837
0.530746
0.525730
0.527075
0.526062
0.526145
0.527568
0.535972
0.529312
0.528188
0.528365
0.521628
0.527253
0.525619
0.529976
0.532612
0.533271
0.529201
0.531067
0.526400
0.534810
0.536022
0.526610
0.531842
0.529932
0.530358
0.533127
0.530203
0.529246
0.529882
0.530536
0.530187
0.534738
0.528055
0.534273
0.525808
0.533304
0.533885
0.532385
0.530303
0.530109
0.527214
0.530187
0.532512
0.527989
0.531931
0.534311
0.530264
0.530397
0.528936
0.532794
0.529727
0.527081
0.530774
0.532972
0.529401
0.526782
0.530071
0.537362
0.526223
0.530082
0.523023
0.523493
0.526478
0.528138
0.529749
0.530558
0.523665
0.529871
0.534494
0.526234
0.530215
0.527120
0.531045
0.528138
0.531482
0.524944
0.526649
0.531909
0.526345
0.530835
0.531593
0.528836
0.527612
0.529877
0.530447
0.529722
0.531156
0.534007
0.527723
0.533116
0.531671
0.530458
0.523372
0.531405
0.526644
0.530342
0.535330
0.535773
0.531122
0.538558
0.529982
0.528587
0.530657
0.530746
0.530176
0.528094
0.537522
0.528227
0.534577
0.536437
0.533857
0.533985
0.536875
0.530635
0.537921
0.532479
0.525963
0.531095
0.532844
0.529063
0.526284
0.526057
0.524706
0.530480
0.532274
0.527003
0.532418
0.529866
0.531887
0.525049
0.535197
0.532617
0.533957
0.530397
0.528006
0.529932
0.528592
0.530131
0.532844
0.533055
0.534394
0.529904
0.526776
0.534898
0.534450
0.525808
0.537246
0.531333
0.531765
0.533619
0.531073
0.530608
0.532540
0.530209
0.527906
0.526937
0.534383
0.530093
0.531848
0.530657
0.531311
0.532839
0.529550
0.530907
0.533686
0.531654
0.535059
0.530154
0.528066
0.526051
0.526893
0.526300
0.525691
0.526262
0.526334
0.532490
0.532053
0.525763
0.531305
0.525880
0.530403
0.529655
0.531078
0.527740
0.529589
0.537185
0.527900
0.527684
0.527956
0.525248
0.529860
0.528908
0.534029
0.527812
0.529035
0.522397
0.525381
0.527192
0.529024
0.526843
0.527463
0.524213
0.531233
0.529711
0.532584
0.525797
0.532313
0.532047
0.535136
0.530680
0.533298
0.534311
0.524252
0.532329
0.524927
0.526212
0.532257
0.530198
0.530331
0.531338
0.528842
0.526040
0.528410
0.534970
0.529622
0.531637
0.532324
0.532800
0.523416
0.527247
0.529943
0.534832
0.531637
0.530065
0.531017
0.528770
0.532734
0.525702
0.529844
0.525625
0.533420
0.525525
0.529694
0.527535
0.527911
0.527546
0.532639
0.532318
0.530419
0.533149
0.529118
0.528183
0.537046
0.530480
0.529002
0.528161
0.534804
0.528188
0.528897
0.527734
0.525431
0.530237
0.528011
0.529024
0.530430
0.532634
0.528709
0.533691
0.529268
0.529617
0.529500
0.532490
0.529085
0.524927
0.533974
0.528537
0.531826
0.528576
0.525808
0.532761
0.528321
0.533331
0.532030
0.528758
0.525481
0.530048
0.526666
0.523460
0.526533
0.522591
0.533653
0.530724
0.527961
0.524280
0.536365
0.531349
0.528498
0.522115
0.527313
0.527673
0.534350
0.532761
0.528603
0.529993
0.530264
0.529179
0.531532
0.529318
0.533752
0.522126
0.529124
0.525453
0.537522
0.530325
0.527347
0.523925
0.528947
0.525869
0.530624
0.536410
0.529522
0.531532
0.525304
0.529041
0.529888
0.527662
0.532407
0.526704
0.529849
0.533215
0.530995
0.534295
0.528504
0.529683
0.531134
0.527696
0.531394
0.530048
0.530663
0.527269
0.529096
0.526555
0.530696
0.537678
0.528050
0.526123
0.531433
0.529744
0.530873
0.528293
0.526007
