0.348083
0.366492
0.347318
0.337419
0.348917
0.347992
0.345530
0.356993
0.339216
0.345538
0.347043
0.342052
0.353628
0.347637
0.341742
0.346987
0.352769
0.348491
0.350549
0.355671
0.352520
0.355875
0.345885
0.344832
0.347850
0.356155
0.346295
0.351991
0.346140
0.351013
0.347852
0.361425
0.346810
0.358987
0.343993
0.350083
0.347957
0.350442
0.347707
0.341258
0.349801
0.346741
0.354931
0.355066
0.361453
0.343438
0.345067
0.348692
0.340953
0.340664
0.342749
0.348701
0.343185
0.347924
0.349394
0.358407
0.353336
0.362568
0.345251
0.342524
0.353401
0.356933
0.350577
0.359670
0.352033
0.352133
0.343863
0.348719
0.347753
0.358163
0.345724
0.344041
0.342863
0.365197
0.352083
0.352181
0.359932
0.340169
0.346192
0.338483
0.349186
0.360821
0.351980
0.340699
0.345744
0.351969
0.350832
0.351227
0.343835
0.351517
0.342725
0.348308
0.357148
0.353544
0.348243
0.350545
0.340004
0.354586
0.350117
0.357907
0.356923
0.348340
0.358994
0.349272
0.349510
0.341148
0.357271
0.344050
0.355790
0.350677
0.356606
0.347261
0.358103
0.347710
0.350414
0.351589
0.352476
0.347926
0.354367
0.344455
0.347357
0.343388
0.360579
0.350011
0.352278
0.343220
0.367491
0.350095
0.354876
0.358415
0.347133
0.362354
0.343709
0.350729
0.351025
0.355245
0.347866
0.347414
0.342902
0.344304
0.346977
0.333957
0.355397
0.357262
0.340656
0.353053
0.353773
0.344738
0.344708
0.357917
0.349582
0.358128
0.340041
0.352815
0.352789
0.348647
0.342276
0.366917
0.343999
0.348134
0.355352
0.352960
0.349353
0.346717
0.327885
0.345698
0.349374
0.350075
0.342237
0.357301
0.355617
0.350540
0.344755
0.348422
0.351480
0.347839
0.339924
0.344987
0.351380
0.352362
0.350983
0.360577
0.340071
0.354786
0.350822
0.349256
0.345976
0.356490
0.350856
0.345076
0.363698
0.352438
0.348835
0.358511
0.340424
0.342315
0.358001
0.345898
0.343197
0.354820
0.345626
0.360764
0.339416
0.342359
0.341118
0.346506
0.346161
0.348173
0.345696
0.349816
0.352676
0.341360
0.352985
0.348873
0.359219
0.344483
0.346191
0.350686
0.358906
0.343597
0.345413
0.346921
0.353396
0.362647
0.343209
0.340223
0.352648
0.352360
0.354915
0.347213
0.357039
0.342710
0.352766
0.352935
0.353681
0.347683
0.351151
0.337083
0.352378
0.343973
0.346986
0.347790
0.348819
0.353086
0.338686
0.353695
0.356714
0.336584
0.359739
0.335894
0.349251
0.348139
0.344064
0.354162
0.341428
0.358677
0.343956
0.343340
0.343468
0.345581
0.347047
0.356692
0.361237
0.347850
0.357865
0.345974
0.362567
0.343790
0.341331
0.343150
0.364358
0.352510
0.349001
0.354480
0.351269
0.359955
0.341940
0.348609
0.339900
0.349828
0.353276
0.335875
0.348266
0.353854
0.355419
0.358577
0.342280
0.348918
0.343936
0.352578
0.354823
0.349871
0.351887
0.343203
0.353098
0.361077
0.346266
0.336188
0.354418
0.345511
0.350498
0.339701
0.353236
0.360118
0.346915
0.354323
0.337243
0.363910
0.344671
0.347275
0.358512
0.342643
0.350949
0.359925
0.342766
0.354535
0.350067
0.352086
0.353363
0.345017
0.354871
0.347710
0.363220
0.338683
0.351914
0.357460
0.345642
0.344706
0.352568
0.353387
0.351081
0.343826
0.342031
0.360367
0.357437
0.355966
0.336579
0.342621
0.344091
0.337600
0.344416
0.342864
0.351128
0.343527
0.357775
0.349809
0.355099
0.348306
0.353702
0.340837
0.354381
0.359719
0.343784
0.352273
0.341974
0.341516
0.339805
0.352519
0.348279
0.352811
0.343935
0.355714
0.343757
0.347462
0.341112
0.348514
0.355937
0.338655
0.350098
0.354615
0.345630
0.346650
0.354302
0.341876
0.356504
0.346462
0.341091
0.350026
0.339234
0.353275
0.350092
0.355109
0.358072
0.345910
0.348283
0.348859
0.328712
0.353830
0.344194
0.337795
0.351313
0.347856
0.338854
0.351377
0.350632
0.347892
0.349571
0.347121
0.345161
0.359182
0.325414
0.357962
0.342727
0.350182
0.359790
0.351239
0.344816
0.350311
0.344469
0.349752
0.348497
0.349589
0.357132
0.345516
0.356068
0.353236
0.351353
0.350371
0.356223
0.350653
0.350727
0.335912
0.348223
0.343120
0.357849
0.350715
0.354382
0.364289
0.349600
0.354311
0.351148
0.348706
0.346742
0.349541
0.353966
0.351048
0.355529
0.346921
0.347525
0.342541
0.348014
0.347309
0.353017
0.341533
0.348312
0.341113
0.362690
0.351199
0.344722
0.344316
0.360935
0.352060
0.349371
0.349932
0.350005
0.361079
0.351757
0.349432
0.347017
0.337747
0.352270
0.343006
0.343282
0.345271
0.358109
0.355672
0.341609
0.350207
0.360282
0.337931
0.353666
0.339504
0.355600
0.348213
0.353234
0.359944
0.353908
0.361177
0.353195
0.340525
0.346480
0.365882
0.349251
0.345133
0.348308
0.350424
0.348723
0.342370
0.346100
0.348640
0.351271
0.354845
0.358457
0.346987
0.348716
0.344368
0.348817
0.353689
0.345384
0.352156
0.359823
0.345153
0.346964
0.342136
0.349076
0.354843
0.354294
0.345003
0.358299
0.364793
0.355900
0.360988
0.352321
0.341158
0.356116
0.354892
0.355573
0.350533
0.338922
0.346108
0.351008
0.345182
0.341935
0.344869
0.353062
0.345493
0.356360
0.348935
0.349830
0.347853
0.357275
0.340746
0.346859
0.344485
0.352718
0.346995
0.349320
0.354147
0.337523
0.349198
0.338088
0.346696
0.343191
0.346872
0.347104
0.352847
0.349449
0.355504
0.357838
0.355620
0.360297
0.347282
0.345045
0.346615
0.345924
0.339500
0.346495
0.349926
0.340473
0.352882
0.351838
0.352553
0.348642
0.349055
0.352602
0.353888
0.342028
0.344240
0.346422
0.352144
0.355774
0.341665
0.337964
0.351059
0.341146
0.347149
0.345917
0.342313
0.344188
0.343494
0.345267
0.331312
0.343424
0.354215
0.353486
0.359905
0.341226
0.361946
0.338885
0.348941
0.342149
0.351818
0.349043
0.342131
0.340044
0.348916
0.344029
0.342030
0.336684
0.346070
0.357179
0.352212
0.349065
0.352539
0.344191
0.342111
0.344854
0.352357
0.349286
0.345799
0.347775
0.344269
0.349937
0.354013
0.358028
0.343087
0.359654
0.352058
0.353328
0.351976
0.354191
0.349219
0.347949
0.346489
0.346233
0.351379
0.353030
0.349270
0.352462
0.353909
0.357515
0.356206
0.345798
0.340876
0.339799
0.344616
0.349726
0.343134
0.340637
0.356990
0.339708
0.345725
0.351190
0.345579
0.345980
0.355056
0.349727
0.351835
0.350573
0.358279
0.343150
0.346042
0.344724
0.345730
0.343938
0.349662
0.358542
0.347232
0.338657
0.351263
0.348911
0.356565
0.352611
0.351036
0.344408
0.352553
0.352995
0.342632
0.343461
0.349984
0.349839
0.346945
0.339176
0.346307
0.349869
0.349328
0.347126
0.355199
0.355535
0.357910
0.357273
0.347899
0.350031
0.360312
0.351501
0.339309
0.344197
0.340638
0.360128
0.349807
0.353622
0.343128
0.337299
0.353438
0.340497
0.341755
0.350127
0.340627
0.351676
0.351496
0.351189
0.355120
0.360279
0.350741
0.353629
0.350186
0.362265
0.361403
0.343950
0.353374
0.348939
0.345565
0.351179
0.353366
0.345304
0.356656
0.350894
0.358378
0.346232
0.339529
0.347815
0.354236
0.336332
0.348640
0.349530
