0.347397
0.359501
0.360484
0.328885
0.337017
0.351001
0.332010
0.340499
0.362356
0.371098
0.356417
0.354584
0.339807
0.356078
0.349286
0.345870
0.339903
0.347865
0.335468
0.350758
0.339841
0.344641
0.354446
0.350883
0.350245
0.339637
0.344433
0.339721
0.360257
0.365666
0.369919
0.345449
0.352477
0.356151
0.345823
0.362179
0.344852
0.363821
0.332569
0.333364
0.357957
0.353970
0.347733
0.335987
0.355513
0.333225
0.342568
0.358906
0.352860
0.343270
0.358570
0.350859
0.340181
0.353538
0.331934
0.361068
0.355229
0.344198
0.358316
0.347433
0.355060
0.359368
0.352075
0.350000
0.348698
0.344631
0.344724
0.345052
0.342959
0.343998
0.348673
0.359370
0.355817
0.342833
0.347713
0.355342
0.335009
0.343236
0.353636
0.349460
0.347443
0.351670
0.355842
0.361496
0.344023
0.364793
0.347517
0.349020
0.347454
0.351910
0.358168
0.352938
0.334268
0.334521
0.359985
0.357497
0.348606
0.352146
0.359749
0.366873
0.351527
0.347447
0.339530
0.342347
0.346148
0.350372
0.361837
0.351401
0.339771
0.355789
0.345278
0.335255
0.333086
0.351621
0.348385
0.362832
0.355811
0.357241
0.347229
0.345163
0.335993
0.363628
0.336363
0.335609
0.350562
0.345926
0.352392
0.347449
0.341964
0.341534
0.344393
0.368249
0.354901
0.342496
0.347204
0.353009
0.341950
0.349267
0.339866
0.338033
0.349418
0.339870
0.340394
0.362807
0.335145
0.346231
0.369866
0.350777
0.343279
0.340844
0.333920
0.331023
0.355647
0.341376
0.357564
0.355824
0.352318
0.333556
0.353815
0.334516
0.349700
0.347120
0.351977
0.360233
0.349165
0.368668
0.358762
0.351077
0.339012
0.355129
0.355104
0.358929
0.355374
0.364222
0.351994
0.352080
0.362624
0.345010
0.340465
0.347977
0.365797
0.345556
0.343243
0.361014
0.353319
0.351422
0.347626
0.349603
0.351589
0.344233
0.341986
0.352442
0.335392
0.340992
0.361066
0.334085
0.339875
0.343016
0.352453
0.355012
0.343440
0.343940
0.345751
0.348425
0.341624
0.345360
0.343952
0.350982
0.352120
0.341914
0.341087
0.343338
0.349930
0.335435
0.349297
0.353886
0.355271
0.362504
0.331956
0.351614
0.349090
0.355033
0.352161
0.340657
0.345401
0.344025
0.341275
0.332424
0.346096
0.358765
0.342250
0.342744
0.352243
0.342938
0.355558
0.343158
0.360138
0.344943
0.353961
0.343365
0.329385
0.346077
0.350916
0.364593
0.350878
0.340082
0.346334
0.353047
0.349552
0.337601
0.341975
0.349380
0.348759
0.360867
0.348190
0.334400
0.347949
0.354579
0.343018
0.357166
0.354797
0.342980
0.357695
0.339329
0.358902
0.342684
0.352694
0.346346
0.344053
0.353012
0.346476
0.361236
0.359599
0.337956
0.362884
0.347614
0.350021
0.340901
0.344635
0.342069
0.347496
0.341335
0.363180
0.344549
0.348067
0.340892
0.335754
0.346393
0.353360
0.352855
0.354129
0.355358
0.358269
0.336284
0.360493
0.350991
0.347911
0.345632
0.353886
0.359962
0.340889
0.359745
0.356270
0.346638
0.349552
0.346410
0.355643
0.356806
0.334211
0.353793
0.347685
0.354763
0.354550
0.342212
0.343685
0.355186
0.348815
0.357133
0.348268
0.365356
0.355039
0.361989
0.351887
0.341076
0.338782
0.350023
0.373805
0.339807
0.346419
0.347137
0.349501
0.356621
0.339615
0.333008
0.359503
0.362180
0.350987
0.348255
0.360536
0.338295
0.342234
0.335003
0.354247
0.329251
0.343315
0.334155
0.348616
0.348018
0.358181
0.345022
0.354973
0.345436
0.337248
0.347893
0.368620
0.348324
0.352201
0.354174
0.359493
0.360629
0.323372
0.348061
0.342481
0.345109
0.342354
0.342846
0.341763
0.343151
0.354716
0.339760
0.350324
0.365463
0.356962
0.347381
0.351750
0.360100
0.334710
0.347260
0.347382
0.344016
0.329948
0.340579
0.345791
0.341390
0.344601
0.371809
0.347371
0.345805
0.337523
0.346797
0.346163
0.342820
0.356912
0.358498
0.343273
0.364859
0.353329
0.347056
0.356256
0.338595
0.350568
0.350613
0.343275
0.352319
0.352986
0.347709
0.350828
0.339708
0.348748
0.366143
0.363259
0.341232
0.344990
0.351266
0.331606
0.343565
0.353030
0.358643
0.344612
0.346218
0.356571
0.352910
0.361214
0.358887
0.352360
0.339705
0.350056
0.344312
0.357586
0.357455
0.345031
0.355387
0.344634
0.349542
0.348419
0.356788
0.347761
0.338509
0.331493
0.344017
0.351893
0.365655
0.348088
0.341315
0.337939
0.345540
0.359872
0.349459
0.349477
0.346827
0.343292
0.347570
0.358090
0.343557
0.338836
0.372962
0.342989
0.350398
0.350587
0.337472
0.352460
0.342888
0.343023
0.342597
0.354929
0.347454
0.349694
0.340058
0.359626
0.344577
0.354780
0.350410
0.353458
0.345077
0.340218
0.339127
0.337974
0.349102
0.350599
0.349195
0.353707
0.347214
0.366766
0.340512
0.345370
0.342783
0.347168
0.344408
0.353439
0.354723
0.346334
0.344670
0.352590
0.340388
0.344196
0.360335
0.350659
0.349368
0.357880
0.345978
0.360313
0.351510
0.358271
0.355153
0.353049
0.369459
0.350301
0.347286
0.347644
0.349912
0.329120
0.364370
0.358909
0.355560
0.342469
0.351100
0.346364
0.342445
0.355681
0.366754
0.342776
0.345686
0.350122
0.355382
0.338213
0.338519
0.346858
0.353663
0.343045
0.344676
0.355358
0.344237
0.354954
0.353356
0.354572
0.353214
0.343241
0.348607
0.350054
0.329709
0.338930
0.353473
0.338356
0.355211
0.351165
0.343998
0.340028
0.344111
0.337598
0.367506
0.354385
0.341403
0.356562
0.355838
0.341650
0.332772
0.340357
0.341502
0.338697
0.366091
0.356160
0.354936
0.344562
0.344555
0.346002
0.342396
0.356163
0.344288
0.357094
0.343932
0.356209
0.360234
0.362744
0.346258
0.331683
0.354641
0.363181
0.341129
0.345976
0.354441
0.354944
0.344531
0.347232
0.351323
0.350325
0.354664
0.344774
0.360683
0.346901
0.350062
0.354269
0.337341
0.346053
0.352571
0.348559
0.337623
0.344864
0.352905
0.336479
0.347740
0.354550
0.340571
0.343834
0.352252
0.340386
0.350685
0.354947
0.359057
0.367106
0.334663
