0.227192
0.207231
0.192108
0.197027
0.222198
0.239217
0.221562
0.213909
0.199486
0.236602
0.193474
0.184496
0.196728
0.257447
0.214271
0.232544
0.223961
0.239981
0.228487
0.202414
0.226561
0.196676
0.214808
0.200751
0.235767
0.228810
0.236373
0.203278
0.235860
0.209081
0.191914
0.222213
0.188639
0.216422
0.228821
0.239904
0.238343
0.240242
0.267636
0.239513
0.195293
0.204215
0.234381
0.225090
0.232955
0.269602
0.209106
0.210475
0.196664
0.275949
0.221840
0.210253
0.194756
0.219961
0.229052
0.207119
0.203308
0.225567
0.208390
0.235157
0.241851
0.208645
0.236938
0.223332
0.197534
0.256160
0.209428
0.195036
0.232811
0.222577
0.275321
0.239513
0.253967
0.253446
0.232713
0.226716
0.209043
0.281841
0.288178
0.185185
0.266556
0.273934
0.206918
0.230561
0.241045
0.229028
0.217315
0.205725
0.196195
0.202039
0.210861
0.200891
0.222957
0.213325
0.226850
0.228628
0.204056
0.243218
0.235584
0.232147
0.195265
0.225860
0.183438
0.212183
0.181964
0.259350
0.240562
0.236041
0.205465
0.218392
0.256410
0.217546
0.270911
0.214097
0.219868
0.233937
0.246252
0.225564
0.196581
0.258027
0.186383
0.250419
0.239874
0.208808
0.212189
0.186168
0.212226
0.252937
0.242610
0.224371
0.178123
0.197289
0.199739
0.186778
0.188262
0.292428
0.207142
0.269547
0.225004
0.213693
0.207414
0.199369
0.185244
0.216784
0.293178
0.203066
0.185421
0.248093
0.206042
0.184808
0.231476
0.256496
0.236725
0.231378
0.203934
0.229051
0.263327
0.299767
0.244620
0.251676
0.193804
0.202118
0.285014
0.187946
0.239039
0.189146
0.220413
0.251740
0.188977
0.196489
0.191992
0.270024
0.182591
0.243909
0.218133
0.266801
0.227405
0.206899
0.232788
0.189794
0.223956
0.212618
0.274917
0.194308
0.253882
0.240374
0.188375
0.236822
0.230508
0.185315
0.252011
0.216398
0.286959
0.244865
0.271692
0.218981
0.208593
0.182770
0.211608
0.192171
0.203367
0.204526
0.238306
0.306140
0.202021
0.198000
0.230971
0.223128
0.222290
0.263677
0.196818
0.205656
0.215484
0.205268
0.209662
0.217141
0.203617
0.215171
0.240239
0.173441
0.174814
0.241402
0.176942
0.224786
0.231512
0.295573
0.238338
0.227065
0.216749
0.195718
0.200418
0.239302
0.258228
0.241915
0.208039
0.185607
0.192842
0.253821
0.187368
0.216972
0.181607
0.200124
0.186712
0.197757
0.223562
0.220779
0.185370
0.217532
0.239284
0.235849
0.204791
0.193854
0.205988
0.235046
0.204510
0.191441
0.188374
0.239235
0.202956
0.198112
0.279929
0.264208
0.218803
0.236338
0.222978
0.200182
0.284252
0.195375
0.228713
0.179817
0.186480
0.193764
0.239997
0.196571
0.200909
0.199726
0.219951
0.229715
0.197703
0.211944
0.248275
0.212098
0.209318
0.228290
0.251514
0.231163
0.194836
0.208373
0.211997
0.186920
0.213398
0.241989
0.221949
0.231750
0.211865
0.199480
0.174231
0.256071
0.195094
0.199810
0.241739
0.237696
0.202079
0.213217
0.266110
0.234231
0.181556
0.221504
0.234637
0.214931
0.218104
0.219846
0.193099
0.209581
0.213519
0.227540
0.273042
0.205205
0.185784
0.269073
0.202410
0.218623
0.196273
0.235401
0.280615
0.186564
0.232605
0.181978
0.211043
0.200365
0.244097
0.224461
0.236536
0.215953
0.225354
0.243037
0.266190
0.210568
0.178717
0.229783
0.223432
0.209767
0.245384
0.305104
0.208142
0.204359
0.190720
0.188746
0.214428
0.197528
0.224437
0.204762
0.209265
0.235133
0.221533
0.226862
0.223950
0.218080
0.240694
0.284790
0.236294
0.214076
0.208004
0.246520
0.206717
0.191178
0.183272
0.275576
0.221158
0.227372
0.207699
0.260884
0.215248
0.252290
0.282969
0.186959
0.195697
0.215905
0.208701
0.226539
0.296744
0.223861
0.219617
0.212392
0.208336
0.252721
0.232540
0.212998
0.212678
0.258731
0.236759
0.191977
0.205356
0.205390
0.191040
0.180996
0.233447
0.202620
0.199712
0.235544
0.229678
0.210959
0.223704
0.275163
0.224301
0.229334
0.214180
0.222537
0.275477
0.179511
0.216532
0.203091
0.190772
0.177725
0.196171
0.275315
0.210253
0.254767
0.218414
0.218433
0.210641
0.216128
0.238276
0.218631
0.219921
0.222238
0.232311
0.190841
0.262261
0.211237
0.186135
0.279185
0.219244
0.206128
0.237767
0.198571
0.236615
0.205900
0.204254
0.185171
0.221832
0.218050
0.169653
0.204826
0.240172
0.180741
0.194627
0.291923
0.210892
0.231327
0.210279
0.208530
0.227266
0.230172
0.204489
0.333240
0.291740
0.186871
0.223067
0.202730
0.263250
0.232996
0.188204
0.237072
0.200823
0.266678
0.199353
0.226454
0.256154
0.180283
0.242962
0.182051
0.223752
0.224073
0.251247
0.206371
0.187742
0.220980
0.202545
0.200525
0.236820
0.225394
0.230690
0.212404
0.201403
0.274923
0.189178
0.290891
0.212965
0.251832
0.231360
0.202753
0.275096
0.199730
0.227928
0.210745
0.231143
0.250444
0.213885
0.198587
0.208008
0.251098
0.240292
0.210432
0.180987
0.216009
0.261952
0.243279
0.203155
0.208858
0.200418
0.233667
0.235774
0.237027
0.226245
0.269500
0.232517
0.302114
0.242403
0.183607
0.241534
0.194724
0.279693
0.234724
0.224440
0.218646
0.229196
0.210272
0.258250
0.273706
0.205386
0.218063
0.222359
0.209977
0.221934
0.205021
0.228744
0.227249
0.213956
0.266239
0.219414
0.201823
0.195218
0.238904
0.224162
0.227299
0.227770
0.258983
0.206046
0.201490
0.214040
0.255600
0.214570
0.287570
0.212144
0.204476
0.189928
0.192137
0.196332
0.216003
0.200281
0.203262
0.240270
0.305900
0.191744
0.195623
0.205354
0.213981
0.215751
0.199697
0.222492
0.234110
0.209420
0.207766
0.222447
0.199329
0.211109
0.248405
0.208521
0.214258
0.253605
0.179543
0.239341
0.225707
0.213070
0.226821
0.198924
0.197296
0.210123
0.238300
0.240683
0.195169
0.201112
0.189239
0.206151
0.213833
0.212393
0.222174
0.298043
0.253747
0.177845
0.218145
0.181806
0.200787
0.225368
0.224605
0.212057
0.196948
0.279639
0.283469
0.172618
0.242414
0.181908
0.190587
0.242503
0.223579
0.235519
0.197684
0.246286
0.203740
0.205847
0.206327
0.203539
0.205903
0.195947
0.189352
0.182815
0.194579
0.206666
0.214227
0.202557
0.221758
0.208225
0.188603
0.282953
0.234512
0.201836
0.231105
0.264298
0.199483
0.194939
0.261390
0.219934
0.189596
0.179349
0.239965
0.196736
0.240767
0.240705
0.191712
0.231177
0.246966
0.229043
0.209507
0.238383
0.308979
0.218616
0.195746
0.263835
0.217426
0.206475
0.218034
0.218891
0.209257
0.235478
0.251261
0.206489
0.235266
0.311816
0.221299
0.247768
0.218865
0.214924
0.228837
0.205172
0.189509
0.188699
0.190625
0.200478
0.255551
0.238009
0.204652
0.218961
0.196966
0.220078
0.234167
0.251313
0.319943
0.243733
0.226707
0.185809
0.221482
0.201037
0.200252
0.200494
0.211739
0.176352
0.268021
0.210228
0.275574
0.234603
0.204650
0.244480
0.200791
0.205491
0.228331
0.197035
0.231343
0.211050
0.181502
0.209326
0.261695
0.234811
0.199666
0.272628
0.201221
0.234622
0.249334
0.204533
0.235938
0.197891
0.206213
0.244573
0.211997
0.206059
0.220060
0.224763
0.242913
0.214305
0.188682
0.238971
0.247874
0.187828
0.210022
0.222811
0.207883
0.204597
0.221526
0.229157
0.213224
0.224296
0.177020
0.301612
0.249268
0.205826
0.176987
0.208492
0.208789
0.281437
0.217101
0.197940
0.182975
0.196051
0.226847
0.227655
0.220893
0.186867
0.219381
0.254470
0.275541
0.238828
0.188941
0.205419
0.229325
0.197752
0.234133
0.231803
0.221608
0.284831
0.176432
0.264338
0.223596
0.220799
0.283888
0.181279
0.254548
0.172139
0.246150
0.217428
0.264612
0.259206
0.203999
0.202675
0.214124
0.202003
0.247690
0.257241
0.225669
0.250753
0.228642
0.249223
0.235130
0.225543
0.233284
0.311933
0.199030
0.203051
0.211591
0.214615
0.255054
0.255698
0.243110
0.173002
0.271576
0.225419
0.216205
0.222123
0.256555
0.227892
0.205360
0.190219
0.246551
0.214940
0.236148
0.211102
0.208517
0.247201
0.218174
0.194127
0.198678
0.211406
0.206863
0.227503
0.219265
0.234409
0.246932
0.212836
0.192843
0.222068
0.208651
0.242552
0.254283
0.189666
0.252845
0.225831
0.212711
0.198717
0.221953
0.199399
0.181007
0.224920
0.190764
0.226182
0.244571
0.251154
0.210024
0.221311
0.226434
0.226846
0.215247
0.214771
0.218443
0.220685
0.289150
0.187180
0.191785
0.320886
0.202941
0.271927
0.201997
0.216878
0.210508
0.241455
0.220720
0.224300
0.240306
0.238612
0.189007
0.236450
0.194716
0.240700
0.221262
0.219156
0.194235
0.178872
0.186235
0.182346
0.199156
0.208462
0.179327
0.216475
0.242078
0.197006
0.215095
0.255421
0.272030
0.209126
0.176911
0.200700
0.194871
0.201599
0.207965
0.221378
0.193168
0.188872
0.230415
0.186072
0.217665
0.195925
0.250410
0.199605
0.206118
0.219391
0.204447
0.253781
0.234710
0.193847
0.217876
0.224849
0.186325
0.230678
0.174545
0.182824
0.203007
0.198398
0.224337
0.225232
0.207436
0.180647
0.224010
0.228578
0.183453
0.189436
0.204419
0.184813
0.251828
0.263755
0.293920
0.213725
0.209941
0.191587
0.231239
0.207478
0.245690
0.197974
0.236200
0.213245
0.266052
0.213102
0.218361
0.274243
0.253108
0.208139
0.255821
0.239142
0.202224
0.289970
0.236917
0.269567
0.179494
0.213341
0.214183
0.175728
0.221408
0.208536
0.250250
0.185911
0.203781
0.297449
0.210722
0.214895
0.227764
0.283979
0.220105
0.238611
0.233799
0.226526
0.222437
0.199366
0.230043
0.220362
0.202589
0.202225
0.260345
0.206299
0.217811
0.201420
0.262771
0.241238
0.199959
0.210275
0.235539
0.279783
0.188187
0.185002
0.189521
0.239484
0.258113
0.200266
0.200611
0.234347
0.276324
0.201412
0.199660
0.213500
0.261069
0.225213
0.171835
0.287277
0.197493
