0.124813
0.112341
0.118289
0.116609
0.114957
0.115202
0.118283
0.118191
0.121144
0.119883
0.121777
0.123863
0.123203
0.132050
0.124235
0.118512
0.119118
0.123669
0.119025
0.119123
0.127656
0.120883
0.123567
0.127734
0.118450
0.120221
0.123426
0.123241
0.123248
0.122438
0.123356
0.118088
0.123088
0.122633
0.117063
0.119232
0.120547
0.119161
0.122297
0.124291
0.118726
0.120997
0.118079
0.124052
0.122454
0.118439
0.121233
0.121899
0.121518
0.119177
0.120845
0.120591
0.123253
0.118491
0.123254
0.121951
0.120082
0.122009
0.116474
0.119510
0.120320
0.117051
0.123289
0.123616
0.122719
0.123578
0.120466
0.125801
0.125173
0.120317
0.119088
0.119325
0.119337
0.122671
0.124757
0.122510
0.123589
0.123129
0.123548
0.129493
0.126109
0.122808
0.128484
0.125355
0.132973
0.133191
0.122340
0.124624
0.127398
0.121732
0.126073
0.125335
0.129256
0.138958
0.131840
0.132829
0.132448
0.137911
0.132967
0.130181
0.134728
0.130365
0.132922
0.132158
0.131648
0.132361
0.129924
0.129177
0.127781
0.131271
0.129330
0.129410
0.124468
0.125646
0.128068
0.134417
0.128984
0.129392
0.130914
0.129056
0.132951
0.131739
0.132612
0.132359
0.133451
0.134820
0.132166
0.133758
0.130372
0.130948
0.131637
0.134616
0.130239
0.131318
0.127112
0.124337
0.128514
0.129031
0.125122
0.127255
0.129081
0.133004
0.130261
0.131501
0.128837
0.135449
0.131960
0.127179
0.134452
0.134492
0.130680
0.135340
0.133531
0.137313
0.132168
0.133815
0.134159
0.130648
0.132716
0.126987
0.131430
0.131129
0.131625
0.133350
0.129174
0.131369
0.127695
0.127448
0.129056
0.128374
0.127789
0.126486
0.128293
0.134806
0.129584
0.143023
0.133669
0.135792
0.131588
0.130953
0.130583
0.128500
0.129983
0.134616
0.130334
0.120811
0.124816
0.126716
0.125040
0.129555
0.122559
0.122782
0.123201
0.135199
0.134107
0.135354
0.131143
0.135163
0.132002
0.129110
0.124427
0.126005
0.120670
0.119868
0.124225
0.125537
0.121541
0.121112
0.124625
0.122088
0.126215
0.127416
0.123756
0.124457
0.122497
0.122424
0.122119
0.122260
0.123699
0.131980
0.121277
0.123213
0.126511
0.122861
0.125699
0.124512
0.125034
0.124836
0.122465
0.125588
0.126073
0.121760
0.123528
0.125349
0.121467
0.121464
0.124910
0.119475
0.121470
0.121738
0.123859
0.122810
0.124286
0.125617
0.123651
0.124175
0.120610
0.119402
0.122903
0.122254
0.125302
0.126469
0.132005
0.125936
0.125559
0.128919
0.126354
0.133120
0.130474
0.119473
0.121150
0.137205
0.126272
0.120381
0.122705
0.120842
0.118803
0.122012
0.122396
0.123726
0.125432
0.122933
0.120751
0.123210
0.122582
0.118869
0.127930
0.124567
0.121275
0.136518
0.122869
0.120502
0.128632
0.122520
0.125439
0.126894
0.131815
0.120010
0.125490
0.125130
0.119913
0.125723
0.125212
0.120520
0.123665
0.124122
0.119627
0.123876
0.123623
0.120170
0.124529
0.120274
0.118439
0.121408
0.120252
0.125485
0.125068
0.125706
0.119437
0.123644
0.124248
0.129587
0.126384
0.136081
0.131523
0.124393
0.126695
0.128796
0.126620
0.121316
0.122765
0.129121
0.122536
0.128888
0.121788
0.124154
0.121179
0.133102
0.130078
0.126219
0.126123
0.126156
0.127359
0.127781
0.132333
0.124982
0.124572
0.128649
0.125552
0.120848
0.124212
0.121332
0.121430
0.123203
0.122182
0.119109
0.125500
0.122678
0.121528
0.123501
0.124232
0.124042
0.124086
0.121355
0.126798
0.124799
0.119221
0.122113
0.127469
0.120708
0.127744
0.122178
0.119904
0.129018
0.121786
0.121160
0.126667
0.122666
0.120189
0.125318
0.121105
0.121241
0.124666
0.121087
0.121002
0.127422
0.123228
0.122028
0.126901
0.128022
0.119309
0.122802
0.121086
0.126043
0.122089
0.124088
0.121295
0.119715
0.123570
0.119472
0.121109
0.128320
0.123030
0.121320
0.125388
0.123470
0.122807
0.123490
0.125619
0.121644
0.127419
0.130105
0.123150
0.131339
0.126900
0.125612
0.128364
0.128386
0.122577
0.127466
0.128222
0.126982
0.123066
0.128024
0.122244
0.123143
0.133898
0.128719
0.132852
0.130958
0.135103
0.133032
0.130904
0.134466
0.125962
0.128110
0.132370
0.126853
0.130079
0.132574
0.131759
0.125350
0.127858
0.130935
0.134950
0.135183
0.132201
0.131163
0.134011
0.123293
0.122140
0.127352
0.125103
0.125766
0.129885
0.132889
0.137547
0.117953
0.125344
0.120161
0.122785
0.131623
0.131314
0.134553
0.128690
0.127978
0.130960
0.132664
0.137073
0.135950
0.132695
0.130421
0.122080
0.128677
0.141420
0.128518
0.126311
0.120109
0.118003
0.121259
0.137292
0.132810
0.131420
0.130607
0.128605
0.135127
0.131080
0.132289
0.120958
0.121606
0.123276
0.117840
0.120376
0.129810
0.130230
0.119608
0.133368
0.129957
0.134115
0.125721
0.131290
0.121415
0.131601
0.131778
0.137668
0.130358
0.131881
0.120141
0.121186
0.137743
0.130394
0.130673
0.131625
0.121607
0.132567
0.121870
0.118195
0.131531
0.129824
0.124779
0.127671
0.133656
0.135708
0.135061
0.127568
0.131063
0.129202
0.125150
0.125415
0.127791
0.130374
0.132173
0.135281
0.133232
0.137548
0.131797
0.133272
0.131325
0.124262
0.123489
0.119163
0.123255
0.120168
0.118477
0.122624
0.120422
0.119301
0.120388
0.120326
0.121050
0.130655
0.132299
0.138148
0.127149
0.130853
0.138245
0.129520
0.125409
0.119555
0.119091
0.120611
0.122022
0.122012
0.117416
0.128871
0.121964
0.132991
0.134204
0.126553
0.130576
0.120044
0.132411
0.129388
0.135749
0.134802
0.129606
0.138434
0.123194
0.127163
0.129993
0.129938
0.129959
0.124675
0.128432
0.124026
0.120291
0.120003
0.129888
0.133662
0.132261
0.129600
0.131318
0.126048
0.131062
0.131719
0.129551
0.125427
0.120760
0.128533
0.131249
0.129279
0.131468
0.128418
0.123849
0.132228
0.128169
0.133428
0.121967
0.129574
0.128873
0.137886
0.127720
0.135382
0.139615
0.129303
0.119947
0.121900
0.121435
0.120587
0.116393
0.124510
0.132487
0.129178
0.128235
0.130644
0.137304
0.120081
0.119917
0.132932
0.131583
0.127842
0.129366
0.123226
0.129852
0.119924
0.130310
0.128895
0.134249
0.132031
0.129808
0.132375
0.130595
0.129626
0.140383
0.130722
0.131776
0.132559
0.132938
0.139215
0.131831
0.130437
0.129701
0.130746
0.130361
0.131779
0.128595
0.133016
0.133612
0.132350
0.128929
0.128163
0.128386
0.127168
0.119541
0.129335
0.116926
0.130823
0.127012
0.120512
0.121002
0.123653
0.116699
0.123679
0.124079
0.118787
0.120411
0.122273
0.121473
0.119128
0.122889
0.128695
0.120050
0.125923
0.129470
0.129404
0.133387
0.133765
0.125235
0.133329
0.130989
0.130213
0.134350
0.129427
0.131375
0.133361
0.134495
0.130866
0.134560
0.130909
0.131174
0.135596
0.133589
0.134852
0.136860
0.131023
0.132097
0.122307
0.127775
0.121770
0.129247
0.131292
0.125368
0.128658
0.134421
0.131081
0.131962
0.132020
0.130192
0.133764
0.133958
0.132322
0.131364
0.128508
0.125910
0.131919
0.131111
0.126597
0.131179
0.130427
0.125732
0.132249
0.131222
0.129750
0.131079
0.129781
0.125057
0.128955
0.138088
0.122507
0.130010
0.132336
0.135031
0.129777
0.123023
0.122163
0.126593
0.127943
0.130305
0.128807
0.129878
0.131997
0.132114
0.134996
0.131690
0.130038
0.131874
0.132197
0.133398
0.132476
0.122677
0.116707
0.130445
0.124091
0.127140
0.126776
0.123626
0.130369
0.123218
0.121056
0.123242
0.133876
0.130637
0.126983
0.130805
0.128883
0.129052
0.124252
0.126518
0.129730
0.125907
0.125886
0.130571
0.123090
0.125421
0.133632
0.132378
0.143526
0.136047
0.133582
0.132755
0.132002
0.135320
0.130610
0.131799
0.129872
0.135271
0.128526
0.128116
0.137200
0.128751
0.125787
0.125354
0.127710
0.127674
0.127332
0.125095
0.127269
0.122311
0.126138
0.130120
0.125918
0.130286
0.125782
0.134649
0.131208
0.129697
0.126643
0.120270
0.122195
0.126571
0.127766
0.120586
0.120793
0.120184
0.122945
0.125168
0.124557
0.118961
0.126669
0.125328
0.125142
0.123776
0.121686
0.126012
0.124101
0.123196
0.125779
0.129114
0.130815
0.132637
0.130017
0.129658
0.127401
0.139893
0.126879
0.127897
0.131057
0.128901
0.135499
0.132000
0.133222
0.133972
0.130915
0.132840
0.131335
0.130185
0.132537
0.135455
0.129999
0.131197
0.131772
0.129406
0.134589
0.129779
0.132559
0.132751
0.130047
0.133227
0.129535
0.132036
0.131165
0.130966
0.132612
0.132229
0.129078
0.134554
0.131302
0.136392
0.129749
0.138494
0.130434
0.134157
0.129922
0.130740
0.130056
0.128431
0.129913
0.127611
0.130433
0.129241
0.128708
0.130496
0.126877
0.129288
0.129631
0.127731
0.130114
0.128693
0.130346
0.128901
0.136170
0.128969
0.141933
0.127839
0.131759
0.129996
0.131022
0.126534
0.119999
0.124858
0.130613
0.131834
0.128929
0.131555
0.131018
0.136588
0.125926
0.130390
0.142997
0.142671
0.130918
0.133076
0.134002
0.128903
0.131592
0.133103
0.130928
0.121734
0.131696
0.129505
0.132135
0.132358
0.129956
0.129446
0.126829
0.124574
0.123276
0.124465
0.126268
0.125417
0.130519
0.134310
0.130215
0.127716
0.126203
0.125856
0.128805
0.131045
0.123185
0.127810
0.122981
0.121595
0.122460
0.119395
0.125564
0.125789
0.120690
0.132868
0.129874
0.131125
0.133972
0.130511
0.132136
0.132276
0.126453
0.128680
0.128559
0.130214
0.124659
0.126197
0.131086
0.126232
0.134704
0.124840
0.128678
0.129738
0.131749
0.129114
0.132751
0.128120
0.128932
0.122849
0.130049
0.137683
0.131521
0.133035
0.132337
0.127747
0.130982
0.135327
0.132670
0.132724
0.130972
0.132074
0.130214
0.124361
0.123800
0.126936
0.121995
0.132034
0.120649
0.126995
0.138433
0.131894
0.133885
0.130701
0.129203
0.135262
0.128732
0.130375
