0.423803
0.429517
0.422549
0.422247
0.420930
0.434247
0.414105
0.427565
0.429263
0.423644
0.426787
0.420660
0.427057
0.428914
0.431707
0.430342
0.426231
0.424914
0.426374
0.427628
0.426073
0.429200
0.427295
0.423120
0.427581
0.418422
0.433057
0.426168
0.428660
0.422247
0.423295
0.422406
0.427073
0.422247
0.426612
0.423850
0.422358
0.426977
0.427073
0.420930
0.427628
0.418977
0.424771
0.421930
0.426739
0.421501
0.427168
0.427438
0.430628
0.429723
0.428834
0.427009
0.419136
0.422835
0.433215
0.433961
0.424469
0.427565
0.430057
0.426152
0.432358
0.424977
0.435834
0.434406
0.427755
0.422120
0.429152
0.416978
0.425930
0.428961
0.426342
0.425755
0.429342
0.426247
0.430009
0.421930
0.433295
0.422755
0.428565
0.429136
0.427803
0.432961
0.427660
0.424073
0.423708
0.430200
0.423358
0.425676
0.429295
0.432628
0.424358
0.434041
0.426041
0.427660
0.429469
0.425342
0.424041
0.427882
0.429501
0.428009
0.429342
0.428279
0.426930
0.428247
0.417073
0.420565
0.431946
0.422819
0.426469
0.422708
0.428803
0.425057
0.425295
0.419041
0.427914
0.421533
0.430707
0.426612
0.424327
0.423216
0.428025
0.428660
0.429739
0.423835
0.420596
0.422819
0.426692
0.424977
0.434342
0.426374
0.427803
0.423263
0.422501
0.425787
0.435803
0.430993
0.430501
0.427406
0.424803
0.424596
0.429628
0.426454
0.424866
0.435771
0.419295
0.429977
0.420533
0.423755
0.432438
0.427184
0.418724
0.422866
0.425501
0.424581
0.424628
0.427946
0.430422
0.431057
0.430692
0.426596
0.426803
0.433961
0.427628
0.430215
0.422073
0.428739
0.430501
0.425850
0.432596
0.416978
0.431247
0.425311
0.424200
0.418120
0.425200
0.419898
0.425469
0.423200
0.433295
0.424612
0.429168
0.422406
0.425596
0.427469
0.419470
0.427612
0.424962
0.436390
0.423358
0.424041
0.431438
0.419216
0.428136
0.422676
0.425961
0.424057
0.422073
0.422279
0.420089
0.427946
0.425327
0.429898
0.427819
0.428803
0.435628
0.421835
0.431168
0.432073
0.417041
0.424962
0.424104
0.433707
0.424311
0.426390
0.434057
0.421470
0.428771
0.427755
0.424438
0.428374
0.425739
0.427390
0.423676
0.432088
0.423628
0.427644
0.425882
0.429834
0.418628
0.424279
0.432168
0.434565
0.430692
0.424469
0.428834
0.426533
0.421485
0.428501
0.429628
0.427438
0.431866
0.432517
0.427025
0.427168
0.431184
0.425723
0.430930
0.425628
0.430787
0.424612
0.424263
0.422152
0.421739
0.428247
0.429755
0.422501
0.428168
0.430311
0.423962
0.420009
0.427279
0.433930
0.424215
0.421311
0.427136
0.423850
0.426692
0.432961
0.425660
0.427898
0.427787
0.426596
0.430247
0.425977
0.420930
0.424152
0.417470
0.428231
0.428374
0.430168
0.431977
0.427692
0.417692
0.422089
0.417708
0.425644
0.427850
0.426311
0.421104
0.430946
0.424581
0.422358
0.429469
0.424739
0.424215
0.428358
0.429946
0.430834
0.421946
0.426898
0.426549
0.425263
0.425533
0.423089
0.423565
0.428898
0.431533
0.432453
0.421104
0.414771
0.426517
0.429628
0.420644
0.424819
0.438818
0.426088
0.434120
0.422803
0.424692
0.422739
0.426009
0.426501
0.423771
0.423803
0.430247
0.425628
0.429025
0.425152
0.426723
0.423628
0.422819
0.428057
0.434231
0.426104
0.426120
0.428168
0.426327
0.425501
0.424993
0.432739
0.426438
0.434501
0.426342
0.428358
0.429263
0.428723
0.424009
0.426009
0.425485
0.426898
0.427358
0.425866
0.428565
0.426120
0.427279
0.433866
0.422358
0.432406
0.420104
0.416390
0.423977
0.434485
0.419295
0.425485
0.419882
0.422374
0.420787
0.431295
0.427025
0.424692
0.430977
0.432453
0.430406
0.427104
0.424771
0.426184
0.427438
0.420216
0.438263
0.429374
0.424025
0.429088
0.424866
0.425565
0.421819
0.425406
0.432866
0.428993
0.430469
0.428390
0.428295
0.427247
0.423628
0.425819
0.427374
0.421104
0.424168
0.426374
0.424692
0.425787
0.427469
0.420009
0.428707
0.432438
0.428152
0.421882
0.422311
0.427882
0.426866
0.427771
0.422041
0.423581
0.427739
0.425200
0.433961
0.427834
0.426247
0.427231
0.428898
0.428628
0.425819
0.430565
0.421850
0.418422
0.425946
0.426485
0.424549
0.425676
0.426390
0.425565
0.427834
0.430041
0.426692
0.426517
0.428692
0.423803
0.429184
0.431485
0.426342
0.427565
0.432453
0.425596
0.425692
0.423311
0.426422
0.426819
0.419708
0.426834
0.424501
0.424898
0.424485
0.424057
0.437263
0.426025
0.416089
0.430041
0.424882
0.423263
0.432168
0.432501
0.423612
0.424628
0.425390
0.428739
0.425692
0.427787
0.421104
0.422850
0.426231
0.425644
0.429723
0.425692
0.426596
0.431041
0.424628
0.423993
0.425438
0.415390
0.423930
0.423469
0.425374
0.427961
0.421946
0.424692
0.425533
0.422295
0.431977
0.428136
0.424835
0.426898
0.421850
0.425882
0.424311
0.418946
0.423565
0.425708
0.425374
0.426898
0.424644
0.427977
0.431533
0.424263
0.427596
0.426977
0.427803
0.413898
0.427692
0.426374
0.427057
0.429755
0.423454
0.418565
0.429485
0.434961
0.421438
0.423279
0.431834
0.435009
0.421977
0.431834
0.426819
0.428644
0.428215
0.426104
0.426247
0.426581
0.434453
0.425041
0.422343
0.434676
0.425041
0.426247
0.423073
0.430628
0.420803
0.420723
0.420803
0.431104
0.430311
0.428358
0.425485
0.428850
0.437199
0.431358
0.431073
0.423216
0.424120
0.429565
0.426819
0.420104
0.431231
0.424215
0.419438
0.432311
0.423009
0.426136
0.418104
0.427692
0.417628
0.418930
0.425295
0.429692
0.427787
0.428660
0.429501
0.429850
0.420231
0.426787
0.423803
0.431707
0.424882
0.432612
0.421104
0.421596
0.428644
0.427930
0.431326
0.421771
0.424596
0.435263
0.425644
0.423819
0.427946
0.430247
0.430771
0.420660
0.430946
0.426485
0.420327
0.427517
0.425073
0.420533
0.418152
0.428485
0.427755
0.421327
0.423819
0.427961
0.430327
0.426819
0.424565
0.427596
0.429660
0.426866
0.424977
0.424120
0.420168
0.428247
0.435374
0.426755
0.427581
0.424739
0.426882
0.431707
0.425835
0.427771
0.425803
0.424342
0.431739
0.423787
0.425136
0.431771
0.416517
0.423914
0.421406
0.429501
0.424819
0.419898
0.428676
0.428073
0.424469
0.426168
0.427279
0.426850
0.429311
0.428454
0.427803
0.428898
0.424073
0.426025
0.427009
0.420374
0.425311
0.425961
0.428723
0.421803
0.424009
0.429390
0.424850
0.423200
0.421263
0.423977
0.425200
0.428406
0.429200
0.431184
0.428692
0.421850
0.431501
0.431961
0.425739
0.425977
0.424168
0.425692
0.418597
0.426454
0.425073
0.434025
0.430390
0.422374
0.424946
0.428374
0.421787
0.430517
0.429406
0.431215
0.424295
0.430311
0.425708
0.426723
0.427676
0.423247
0.427311
0.422295
0.425977
0.425009
0.424454
0.423660
0.423247
0.419755
0.421596
0.426073
0.428073
0.414660
0.419708
0.422231
0.429946
0.429120
0.422612
0.420835
0.428882
0.429977
0.427755
0.432326
0.429311
0.431120
0.420882
0.425168
0.431358
0.430311
0.427914
0.431342
0.427311
0.433453
0.422723
0.427977
0.431644
0.426803
0.422104
0.424120
0.426342
0.424120
0.430946
0.424184
0.422358
0.433231
0.423469
0.420771
0.424342
0.428374
0.429898
0.424549
0.424073
0.427914
0.426485
0.427501
0.424104
0.426628
0.429834
0.428739
0.426200
0.432946
0.434533
0.422565
0.423533
0.425930
0.424057
0.435977
0.428850
0.428850
0.421422
0.425755
0.422628
0.421755
0.431374
0.430866
0.422819
0.427342
0.428247
0.424057
0.417819
0.425327
0.420549
0.425422
0.428755
0.420771
0.425469
0.428517
0.426231
0.432374
0.432342
0.421755
0.433707
0.425946
0.425898
0.426057
0.418882
0.426517
0.422898
0.431231
0.425628
0.423406
0.424089
0.430739
0.430660
0.429279
0.424771
0.420581
0.427073
0.428549
0.425819
0.419723
0.421708
0.423168
0.424454
0.431898
0.422771
0.427612
0.426057
0.422311
0.422962
0.429009
0.420835
0.423628
0.424390
0.427549
0.428136
0.427581
0.425533
0.423755
0.429977
0.424200
0.421739
0.425803
0.422660
0.426168
0.424946
0.420803
0.419295
0.420533
0.425152
0.424089
0.429231
0.428136
0.424930
0.428739
0.423152
0.423438
0.423184
0.423358
0.437644
0.425454
0.425993
0.426088
0.428580
0.428993
0.431374
0.433771
0.430819
0.427898
0.426263
0.424644
0.419660
0.422549
0.424422
0.420025
0.425596
0.426184
0.427660
0.429533
0.422168
0.433628
0.425898
0.429231
0.427295
0.430898
0.427739
0.426755
0.425136
0.428596
0.421231
0.428120
0.431009
0.426215
0.423390
0.421168
0.420914
0.429501
0.432898
0.428565
0.432485
0.427231
0.431628
0.427327
0.424644
0.425596
0.425184
0.424089
0.430374
0.423914
0.427501
0.425088
0.428215
0.421612
0.426485
0.433326
0.429342
0.423803
0.428834
0.431279
0.422168
0.423708
0.425723
0.427501
0.423755
0.433263
0.429882
0.425866
0.423946
0.425993
0.428771
0.429073
0.424454
0.424247
0.423263
0.424247
0.418962
0.424025
0.426025
0.427977
0.427517
0.424723
0.425866
0.428311
0.424692
0.428850
0.437723
0.431438
0.425327
0.422708
0.427438
0.426073
0.424787
0.426914
0.428977
0.430374
0.429819
0.421914
0.420390
0.431453
0.427422
0.420247
0.423755
0.425104
0.428374
0.424390
0.425215
0.424406
0.421835
0.427834
0.422438
0.422469
0.423406
0.429231
0.427311
0.429025
0.419803
0.430977
0.422057
0.425882
0.428866
0.421089
0.424469
0.427612
0.423962
0.421993
0.421485
0.438644
0.426263
0.426104
0.420819
0.428311
0.424311
0.422835
0.422469
0.421993
0.439533
0.423374
0.425596
0.424342
0.422771
0.430295
0.423581
0.426358
0.425517
0.429961
0.429771
0.427041
0.426088
0.420676
0.418216
0.419723
0.418485
0.424533
0.423295
0.425422
0.430676
0.423057
0.428882
0.432596
0.422422
0.424152
0.428565
0.419311
0.429120
0.430580
0.433168
0.422390
0.433882
0.427295
