0.231393
0.222584
0.220441
0.221060
0.216949
0.227060
0.224235
0.231441
0.216346
0.203473
0.249075
0.253282
0.229949
0.216346
0.236234
0.211187
0.220060
0.202790
0.220425
0.226155
0.210949
0.236869
0.227885
0.249377
0.191537
0.201314
0.212870
0.247917
0.199806
0.221981
0.254409
0.194933
0.238631
0.225600
0.216219
0.185124
0.192330
0.226092
0.192156
0.221743
0.236028
0.233488
0.208584
0.193711
0.202775
0.174092
0.225219
0.242456
0.236964
0.195743
0.212076
0.229425
0.242139
0.212155
0.212536
0.248837
0.229377
0.226235
0.244044
0.190076
0.187965
0.241996
0.214171
0.225727
0.242028
0.172632
0.226615
0.230234
0.200378
0.233409
0.190251
0.213790
0.185061
0.187695
0.221743
0.204854
0.232044
0.192045
0.201536
0.252853
0.200616
0.194981
0.233584
0.210663
0.217568
0.195648
0.208822
0.204616
0.242790
0.239774
0.229441
0.235218
0.215997
0.221806
0.213409
0.207584
0.243393
0.204790
0.225711
0.197600
0.244028
0.211393
0.237869
0.217838
0.256456
0.213901
0.204346
0.222584
0.214917
0.217822
0.207997
0.218743
0.190711
0.240949
0.215711
0.210473
0.194791
0.217441
0.223742
0.190822
0.255742
0.198775
0.207314
0.224171
0.242742
0.233869
0.221235
0.213489
0.186330
0.217536
0.253075
0.240076
0.194299
0.246107
0.257742
0.183410
0.238695
0.193267
0.195267
0.210505
0.238076
0.236457
0.258599
0.222806
0.168918
0.243329
0.261520
0.212219
0.231187
0.255774
0.202013
0.213187
0.199679
0.212457
0.223536
0.230901
0.207838
0.149744
0.207251
0.186997
0.238742
0.236853
0.184616
0.247028
0.219393
0.257964
0.221298
0.207568
0.252567
0.215203
0.255298
0.180934
0.254012
0.186965
0.232488
0.213282
0.218473
0.230996
0.217171
0.248218
0.210568
0.224409
0.182505
0.239266
0.180934
0.197044
0.221187
0.184584
0.168569
0.253361
0.183537
0.215282
0.189505
0.228758
0.190981
0.193172
0.219457
0.233441
0.205378
0.246139
0.208394
0.243377
0.218870
0.169077
0.215203
0.241218
0.218124
0.227854
0.207219
0.199616
0.232425
0.233472
0.229012
0.238012
0.214552
0.217981
0.216790
0.212600
0.194314
0.248377
0.238980
0.192918
0.261583
0.228361
0.213568
0.182854
0.202790
0.208314
0.206219
0.249869
0.235536
0.209203
0.194362
0.214489
0.217600
0.227393
0.239933
0.201489
0.233219
0.215663
0.245948
0.230568
0.236758
0.229314
0.225139
0.216330
0.235218
0.215838
0.213663
0.200219
0.227949
0.244822
0.224774
0.210695
0.224536
0.259266
0.250933
0.200902
0.228758
0.233711
0.196759
0.194108
0.225901
0.205648
0.198251
0.243583
0.164394
0.234060
0.217917
0.245837
0.216965
0.244361
0.219377
0.212933
0.230457
0.243742
0.208124
0.207362
0.240457
0.232838
0.193267
0.203632
0.228250
0.195029
0.209711
0.204552
0.228679
0.216870
0.236298
0.234203
0.220838
0.206552
0.206394
0.194172
0.212171
0.226060
0.273123
0.199346
0.223901
0.234266
0.204140
0.228980
0.227473
0.219536
0.171188
0.204584
0.247679
0.228234
0.217489
0.221552
0.206394
0.234504
0.239203
0.233266
0.247028
0.215901
0.183584
0.223235
0.244520
0.169775
0.223885
0.223473
0.251266
0.209028
0.186775
0.250218
0.214885
0.243790
0.229695
0.234726
0.205028
0.221409
0.187156
0.223076
0.245536
0.205727
0.179902
0.240917
0.260139
0.188235
0.220155
0.213536
0.205441
0.178807
0.217949
0.219187
0.229869
0.238917
0.215854
0.235044
0.222917
0.215346
0.219282
0.214600
0.209790
0.209060
0.202140
0.231599
0.201267
0.181473
0.199775
0.205457
0.229234
0.218917
0.241028
0.236790
0.243107
0.204648
0.240361
0.203076
0.226361
0.193600
0.207362
0.199251
0.193299
0.247567
0.244218
0.189013
0.228393
0.227155
0.173521
0.209806
0.210536
0.229282
0.212108
0.192505
0.199997
0.231536
0.211584
0.203616
0.189997
0.247710
0.223457
0.222028
0.245520
0.247567
0.222473
0.218092
0.231123
0.205330
0.219282
0.218425
0.208251
0.183092
0.204441
0.234838
0.214028
0.224108
0.177870
0.223266
0.239266
0.223917
0.250774
0.254536
0.237964
0.180108
0.244901
0.198124
0.217219
0.218727
0.226139
0.219076
0.259599
0.204298
0.208441
0.229409
0.207505
0.258917
0.197425
0.218663
0.242695
0.205584
0.194822
0.231552
0.206949
0.231012
0.222647
0.213616
0.206711
0.244901
0.212441
0.218965
0.271980
0.228917
0.188156
0.255821
0.244012
0.183346
0.205473
0.223139
0.240266
0.225536
0.214695
0.194124
0.242568
0.169807
0.190045
0.245901
0.221298
0.239583
0.199759
0.216568
0.238171
0.199521
0.246996
0.192489
0.235520
0.215885
0.182489
0.249075
0.193378
0.260694
0.238710
0.214425
0.197362
0.230203
0.254567
0.220012
0.205790
0.254171
0.191489
0.187394
0.199537
0.238536
0.242028
0.170839
0.231155
0.219901
0.246329
0.181965
0.188187
0.231806
0.190695
0.246996
0.203695
0.225727
0.202648
0.187791
0.226568
0.244901
0.229917
0.209616
0.236679
0.230060
0.227409
0.227647
0.216806
0.190711
0.205251
0.240837
0.242980
0.219139
0.196378
0.218711
0.230187
0.212854
0.204044
0.155410
0.200568
0.240330
0.180457
0.231663
0.163442
0.222616
0.214711
0.194775
0.212679
0.223742
0.190473
0.196187
0.238726
0.236203
0.193949
0.217330
0.232584
0.223822
0.213378
0.239996
0.209949
0.183267
0.216663
0.224695
0.252948
0.204568
0.227298
0.220250
0.187251
0.189505
0.228409
0.213012
0.249171
0.187791
0.223108
0.150299
0.228727
0.248948
0.239853
0.236187
0.238012
0.225155
0.214854
0.215060
0.206774
0.176473
0.233774
0.234980
0.241933
0.211854
0.227552
0.241155
0.222298
0.216758
0.225108
0.198251
0.219346
0.208155
0.218044
0.221409
0.229123
0.245361
0.176124
0.240377
0.209965
0.217092
0.214473
0.204409
0.239060
0.233631
0.201013
0.202822
0.208267
0.254964
0.234012
0.241901
0.223981
0.230409
0.213885
0.220473
0.156521
0.184283
0.224822
0.209774
0.246552
0.237869
0.232139
0.219854
0.223806
0.227758
0.203775
0.171680
0.270250
0.196171
0.224250
0.258345
0.188441
0.209219
0.187156
0.241282
0.215838
0.224060
0.223155
0.220250
0.227869
0.222631
0.249091
0.218536
0.254742
0.229552
0.225266
0.210647
0.239631
0.201346
0.220377
0.248187
0.183156
0.213679
0.242060
0.196156
0.183172
0.214758
0.223917
0.200330
0.225028
0.246552
0.273472
0.218282
0.244139
0.213600
0.212600
0.225615
0.206394
0.184394
0.222108
0.213044
0.228854
0.159458
0.229361
0.240266
0.187584
0.221346
0.215711
0.214758
0.203330
0.229076
0.213409
0.195076
0.205473
0.232965
0.158109
0.225362
0.199108
0.202775
0.225695
0.213568
0.215457
0.260234
0.240742
0.228234
0.232615
0.221616
0.200870
0.220425
0.201743
0.231203
0.227838
0.198743
0.199457
0.144220
0.215298
0.230838
0.249869
0.216933
0.232758
0.226615
0.231171
0.214171
0.244456
0.186727
0.226584
0.193648
0.198711
0.247806
0.186203
0.208774
0.220838
0.227806
0.228060
0.193759
0.232996
0.246441
0.231123
0.178140
0.181569
0.218695
0.202727
0.246901
0.223727
0.232425
0.231107
0.192743
0.209267
0.222758
0.206187
0.228361
0.237330
0.221869
0.222806
0.201584
0.238568
0.251869
0.218393
0.220282
0.238647
0.228393
0.206521
0.225933
0.252758
0.233012
0.174965
0.215806
0.228790
0.246583
0.170299
0.184410
0.223409
0.265551
0.234028
0.222139
0.169648
0.218679
0.223409
0.230838
0.229933
0.226917
0.199965
0.222901
0.249218
0.227838
0.195298
0.195918
0.212409
0.231949
0.220838
0.231663
0.259821
0.217076
0.212616
0.209647
0.182283
0.243536
0.198156
0.213108
0.219330
0.170140
0.248758
0.192806
0.262980
0.199965
0.224774
0.183854
0.211203
0.223076
0.213647
0.216679
0.248774
0.207822
0.184680
0.209251
0.189775
0.224441
0.229917
0.210282
0.233647
0.202489
0.175045
0.232314
0.234123
0.214171
0.202870
0.201013
0.193616
0.231520
0.243869
0.194219
0.240536
0.227441
0.213235
0.168283
0.227060
0.212013
0.238234
0.207108
0.221838
0.202251
0.220457
0.222885
0.187172
0.196505
0.236218
0.256932
0.229901
0.227584
0.212727
0.223615
0.220409
0.196568
0.218139
0.224869
0.229441
0.228980
0.195537
0.193632
0.235917
0.196679
0.205235
0.216028
0.235076
0.216473
0.211187
0.236504
0.233377
0.241631
0.205759
0.200283
0.195981
0.219473
0.214806
0.206441
0.204457
0.251313
0.205457
0.194156
0.205346
0.189441
0.241679
0.236123
0.170458
0.233155
0.167585
0.254361
0.226076
0.228393
0.194124
0.225377
0.204584
0.219822
0.204886
0.261345
0.210854
0.225885
0.211219
0.233361
0.207647
0.240091
0.243409
0.223473
0.235203
0.225631
0.241599
0.261821
0.237203
0.206870
0.212060
0.222711
0.199108
0.190394
0.219504
0.256694
0.226901
0.255028
0.232346
0.208060
0.234028
0.220711
0.245060
0.203632
0.246615
0.236853
0.222790
0.212854
0.233314
0.208076
0.248520
0.244869
0.197330
0.222155
0.240409
0.240631
0.223568
0.251647
0.201267
0.246806
0.253948
0.243869
0.225854
0.214314
0.229107
0.220298
0.257536
0.201235
0.206171
0.229457
0.255139
0.219822
0.240393
0.199743
0.212616
0.193711
0.238472
0.232488
0.221869
0.215949
0.216504
0.208092
0.228822
0.226869
0.227695
0.213346
0.244234
0.236171
0.175140
0.188949
0.234425
0.198362
0.208679
0.226996
0.180092
0.212314
0.205441
0.245837
0.226774
0.209060
0.251377
0.225393
0.208632
0.206013
0.236584
0.224171
0.169267
0.230647
0.208441
0.237711
0.169918
0.226584
0.219854
0.211140
0.215536
0.213219
0.220457
0.195060
0.223727
0.212092
0.232568
0.213266
0.222742
0.221901
0.239250
0.174934
0.201536
0.233536
0.226155
0.213759
0.196124
0.222250
0.233885
0.240536
0.188299
0.189283
0.191251
0.249314
0.209901
0.217822
0.227123
0.233726
0.216568
0.196806
0.210520
0.253377
0.185759
0.216520
