0.125243
0.122690
0.121333
0.124088
0.124137
0.119490
0.125225
0.123919
0.122134
0.124429
0.122694
0.125764
0.124958
0.120864
0.119568
0.122713
0.123077
0.123833
0.120728
0.124383
0.124539
0.127663
0.120877
0.125821
0.126290
0.130192
0.120991
0.121569
0.122084
0.126945
0.122881
0.122238
0.125251
0.126006
0.128139
0.124518
0.125785
0.122416
0.121311
0.122554
0.125348
0.127822
0.129143
0.126966
0.121927
0.127660
0.125111
0.124884
0.122116
0.121080
0.122589
0.122407
0.125275
0.123541
0.121899
0.124140
0.126468
0.127186
0.123348
0.125037
0.123499
0.123515
0.117598
0.121346
0.124717
0.124765
0.121204
0.125809
0.124804
0.124144
0.121966
0.126347
0.125476
0.122067
0.121295
0.124182
0.122939
0.124803
0.122222
0.121875
0.126818
0.123437
0.124003
0.126661
0.125759
0.122237
0.121926
0.125028
0.122384
0.124450
0.124855
0.120424
0.120264
0.124633
0.122926
0.125648
0.125585
0.120006
0.123175
0.125348
0.122186
0.121007
0.122058
0.123462
0.126161
0.125491
0.124022
0.123508
0.124311
0.127633
0.123635
0.123791
0.123647
0.124886
0.125005
0.126671
0.122830
0.123526
0.125613
0.125530
0.123897
0.122713
0.121630
0.126620
0.127821
0.125497
0.123280
0.126391
0.122022
0.120728
0.125334
0.124766
0.129499
0.124362
0.122742
0.122086
0.124585
0.123705
0.124799
0.123290
0.122659
0.123051
0.124295
0.121913
0.125076
0.124958
0.124519
0.126007
0.119623
0.122543
0.124033
0.125371
0.126833
0.124491
0.123953
0.124513
0.122691
0.122399
0.122651
0.127065
0.124847
0.122385
0.123975
0.122934
0.124591
0.122024
0.123442
0.124604
0.126367
0.126570
0.121057
0.125359
0.123854
0.125541
0.122555
0.128449
0.123932
0.126322
0.125357
0.122650
0.125527
0.127837
0.124678
0.123761
0.121845
0.122903
0.124827
0.121267
0.125187
0.123414
0.121188
0.125705
0.124940
0.122723
0.125764
0.123596
0.122974
0.124493
0.124953
0.122844
0.122070
0.124391
0.125774
0.123746
0.122281
0.122216
0.125276
0.124059
0.124990
0.125089
0.121225
0.122310
0.123709
0.123032
0.119103
0.127217
0.123903
0.123381
0.126402
0.122758
0.123667
0.123152
0.125056
0.120270
0.125370
0.124267
0.123849
0.123117
0.125275
0.123868
0.121534
0.120096
0.125525
0.126543
0.127808
0.121837
0.123183
0.122685
0.122696
0.124141
0.122721
0.122647
0.125822
0.124331
0.122547
0.123634
0.123577
0.127280
0.122550
0.126799
0.123312
0.126260
0.126722
0.122943
0.125134
0.122323
0.121038
0.123202
0.123474
0.125392
0.123556
0.123637
0.126581
0.123950
0.124563
0.125903
0.122275
0.123804
0.123429
0.120484
0.123187
0.123754
0.126061
0.124381
0.123308
0.121099
0.126535
0.124245
0.125611
0.124128
0.123535
0.127371
0.123162
0.121728
0.126843
0.125224
0.121350
0.120895
0.123596
0.124125
0.126995
0.122139
0.121004
0.122090
0.124598
0.123615
0.122568
0.122094
0.125494
0.123220
0.124139
0.125523
0.123503
0.122416
0.127750
0.123163
0.119616
0.120683
0.125518
0.127818
0.122921
0.123619
0.128033
0.125616
0.119909
0.120437
0.123144
0.128618
0.123748
0.122104
0.122806
0.124749
0.124504
0.126030
0.123810
0.127466
0.124089
0.123801
0.126246
0.127955
0.127074
0.125927
0.121395
0.126616
0.124115
0.124893
0.122901
0.125005
0.121195
0.118035
0.126517
0.122087
0.123529
0.124060
0.122578
0.123510
0.123797
0.123291
0.123778
0.121101
0.124981
0.123444
0.121333
0.123110
0.121215
0.122338
0.122628
0.121100
0.124457
0.129417
0.125342
0.125489
0.128634
0.122771
0.124750
0.125705
0.123651
0.123804
0.125748
0.123748
0.119549
0.124830
0.123765
0.126133
0.121520
0.120670
0.120725
0.126275
0.123176
0.124764
0.125328
0.119632
0.125565
0.123569
0.123349
0.126525
0.122804
0.123136
0.120612
0.121976
0.123263
0.121559
0.125520
0.122489
0.123231
0.125707
0.126071
0.122999
0.123075
0.124884
0.122832
0.127244
0.124070
0.123036
0.121858
0.126265
0.125724
0.125459
0.121072
0.123785
0.126669
0.122911
0.123349
0.124272
0.124287
0.121058
0.124004
0.129254
0.122830
0.122056
0.122600
0.122760
0.125861
0.124388
0.126104
0.124084
0.124201
0.124431
0.124930
0.124165
0.122542
0.123759
0.122387
0.124074
0.119742
0.126292
0.125818
0.120990
0.122003
0.123622
0.122004
0.122142
0.123644
0.123964
0.120529
0.125697
0.129264
0.125804
0.123018
0.122530
0.121378
0.125430
0.119138
0.124627
0.128481
0.124497
0.126382
0.126903
0.125500
0.124119
0.123126
0.121187
0.124403
0.122691
0.124911
0.122333
0.126461
0.123536
0.123152
0.125932
0.121597
0.122301
0.124647
0.125203
0.127654
0.121818
0.124426
0.127360
0.125955
0.128003
0.126423
0.124879
0.125005
0.124720
0.120818
0.121932
0.120816
0.125385
0.126882
0.123331
0.127817
0.122806
0.124196
0.126392
0.125014
0.124720
0.125564
0.125637
0.125556
0.122167
0.122926
0.122900
0.124132
0.124498
0.124518
0.128432
0.124290
0.127615
0.124698
0.122068
0.128046
0.126356
0.123402
0.121155
0.124289
0.123561
0.122951
0.120302
0.123754
0.122510
0.121197
0.120274
0.122285
0.126280
0.124153
0.125544
0.121333
0.127269
0.125075
0.121344
0.124841
0.122216
0.123171
0.120162
0.124250
0.126688
0.124929
0.122607
0.122833
0.122096
0.122958
0.121808
0.120498
0.124190
0.121990
0.123655
0.125823
0.125411
0.122202
0.128537
0.125258
0.127105
0.127077
0.122926
0.124653
0.123701
0.125546
0.126109
0.126943
0.127420
0.123386
0.125005
0.126452
0.121566
0.122658
0.120933
0.129934
0.125409
0.123670
0.124053
0.127690
0.122510
0.127893
0.124431
0.123014
0.122774
0.122212
0.127992
0.123850
0.120597
0.125037
0.123104
0.119320
0.122777
0.120380
0.126594
0.123278
0.122669
0.125524
0.122188
0.126848
0.124594
0.125683
0.122430
0.123826
0.127147
0.125838
0.124360
0.124304
0.124024
0.124757
0.123984
0.125679
0.124159
0.122358
0.125112
0.126516
0.125537
0.122607
0.128394
0.123432
0.124668
0.123336
0.121222
0.122372
0.124935
0.122269
0.124336
0.119816
0.123825
0.124440
0.120910
0.126672
0.125548
0.127161
0.123397
0.125318
0.127164
0.122672
0.125032
0.125795
0.125070
0.125265
0.119961
0.122269
0.126700
0.123330
0.121313
0.128532
0.127422
0.124563
0.128795
0.124090
0.124460
0.123177
0.127418
0.124621
0.121544
0.127438
0.125947
0.127995
0.122983
0.123152
0.121378
0.121228
0.123247
0.125333
0.123979
0.121795
0.127545
0.125345
0.126244
0.126632
0.122823
0.128166
0.124093
0.123637
0.117832
0.123511
0.126043
0.123898
0.124870
0.125654
0.125871
0.125642
0.122649
0.125397
0.122280
0.127703
0.126172
0.121177
0.124320
0.125144
0.126555
0.122778
0.127652
0.127707
0.124649
0.125708
0.125165
0.127141
0.121335
0.121769
0.127852
0.127449
0.121650
0.125485
0.121102
0.126723
0.125259
0.123353
0.121710
0.123307
0.120131
0.124376
0.121166
0.125094
0.124393
0.125000
0.121985
0.124782
0.125005
0.124252
0.123077
0.125150
0.123317
0.123079
0.123842
0.125522
0.123016
0.121742
0.126684
0.123536
0.124008
0.128829
0.121529
0.122718
0.126297
0.122728
0.124574
0.121695
0.124836
0.121196
0.125784
0.126689
0.123603
0.125716
0.123968
0.123043
0.123653
0.124986
0.120399
0.125183
0.125610
0.123899
0.124469
0.121650
0.119707
0.125879
0.124769
0.125650
0.127279
0.125066
0.120432
0.122236
0.122564
0.126586
0.124317
0.120534
0.124457
0.127417
0.123563
0.124250
0.126371
0.124833
0.125203
0.126320
0.122310
0.122444
0.119163
0.122403
0.124271
0.121359
0.125321
0.124404
0.125438
0.126108
0.122586
0.125436
0.123712
0.127168
0.124911
0.124673
0.122011
0.121222
0.120910
0.124958
0.128128
0.123170
0.122745
0.126701
0.122490
0.125188
0.125731
0.124864
0.124035
0.125925
0.125056
0.123612
0.123694
0.122828
0.123909
0.126391
0.123834
0.122789
0.124220
0.122307
0.126327
0.122422
0.125407
0.122337
0.125164
0.124878
0.123313
0.123517
0.122202
0.126998
0.125457
0.128066
0.124406
0.126787
0.124598
0.117447
0.124977
0.121774
0.123209
0.125211
0.126214
0.121826
0.127025
0.119614
0.123601
0.121842
0.123193
0.122070
0.122322
0.121463
0.123536
0.123867
0.121708
0.122510
0.124136
0.124778
0.122460
0.121994
0.126521
0.124790
0.124618
0.123372
0.124829
0.126932
0.120319
0.123882
0.121884
0.124331
0.119498
0.125798
0.126609
0.127838
0.128324
0.128194
0.124796
0.124586
0.124981
0.123866
0.124105
0.123878
0.125060
0.122025
0.119963
0.122729
0.125947
0.122789
0.125734
0.124285
0.121732
0.126106
0.126544
0.124364
0.126708
0.124717
0.125313
0.126881
0.126948
0.122967
0.123516
0.124219
0.123184
0.123293
0.120128
0.124037
0.124335
0.125573
0.126091
0.124696
0.122106
0.123472
0.126053
0.123779
0.123705
0.123755
0.123927
0.122995
0.125037
0.125253
0.127058
0.124266
0.123194
0.125298
0.122687
0.124118
0.124598
0.125755
0.128484
0.124309
0.126101
0.119302
0.122586
0.124011
0.124892
0.123621
0.124837
0.124281
0.121802
0.123585
0.122446
0.120352
0.125089
0.125845
0.121110
0.123737
0.125585
0.127205
0.123292
0.122462
0.124995
0.123894
0.125252
0.129741
0.123915
0.126099
0.124061
0.120862
0.123290
0.121206
0.127641
0.123866
0.121722
0.124671
0.121837
0.124135
0.126541
0.125009
0.124388
0.123999
0.127059
0.122317
0.117894
0.125191
0.126206
0.125641
0.121702
0.124794
0.124104
0.123497
0.126382
0.117150
0.126345
0.122068
0.126543
0.127314
0.121436
0.122386
0.123413
0.122799
0.122268
0.119959
0.124554
0.125615
0.122062
0.125626
0.125477
0.127783
0.122897
0.125844
0.123536
0.126083
0.125614
0.125685
0.122514
0.127607
0.124018
0.124519
0.124125
0.126762
0.122867
0.119568
0.124009
0.121822
0.122251
