0.138796
0.135736
0.138636
0.134152
0.131343
0.134445
0.134843
0.130004
0.133092
0.131470
0.132693
0.137250
0.138524
0.138063
0.135405
0.130189
0.129141
0.128099
0.130293
0.134048
0.129014
0.139097
0.129071
0.128846
0.132783
0.130495
0.128705
0.130284
0.129463
0.129251
0.127824
0.130593
0.130073
0.127859
0.128667
0.128044
0.129552
0.128580
0.136952
0.130559
0.128629
0.127398
0.129036
0.129893
0.132471
0.131175
0.130595
0.129164
0.128098
0.129135
0.129877
0.132724
0.130554
0.127951
0.127734
0.134178
0.130570
0.127639
0.128526
0.128133
0.130129
0.128585
0.128063
0.127927
0.129429
0.129158
0.129375
0.128150
0.129317
0.128760
0.128971
0.128984
0.129552
0.129620
0.128270
0.125559
0.129179
0.131104
0.129995
0.129735
0.126108
0.129800
0.130095
0.136176
0.130210
0.129050
0.127600
0.132268
0.129591
0.131650
0.139698
0.130446
0.128783
0.130501
0.134080
0.131967
0.130831
0.129271
0.127082
0.134262
0.131285
0.128400
0.127968
0.128589
0.129682
0.127840
0.129891
0.129110
0.130961
0.128295
0.127395
0.128509
0.128973
0.126717
0.128221
0.129848
0.127378
0.126636
0.126895
0.129742
0.129163
0.129743
0.126332
0.128710
0.127479
0.129289
0.128432
0.129578
0.124206
0.128520
0.129985
0.128157
0.128174
0.128466
0.129320
0.127794
0.128588
0.127802
0.127633
0.129046
0.128220
0.127596
0.127783
0.130253
0.127854
0.129198
0.129783
0.129418
0.128813
0.128088
0.130313
0.127721
0.127798
0.128499
0.128938
0.127380
0.128893
0.129513
0.129509
0.128201
0.127298
0.129862
0.128754
0.127634
0.128063
0.129518
0.129546
0.127651
0.128388
0.128613
0.128567
0.128586
0.129216
0.136124
0.128905
0.128379
0.128258
0.127880
0.128934
0.130037
0.127742
0.128627
0.127444
0.130960
0.131546
0.129893
0.128678
0.128541
0.128782
0.129690
0.128867
0.127273
0.129062
0.128156
0.126972
0.131503
0.126750
0.129980
0.127617
0.129087
0.125878
0.130993
0.127719
0.129329
0.128446
0.125184
0.126385
0.122375
0.123890
0.119646
0.124635
0.117440
0.124554
0.119329
0.119699
0.118701
0.121029
0.121478
0.114997
0.124683
0.118788
0.118943
0.122538
0.122590
0.122735
0.117412
0.118450
0.120908
0.119039
0.122074
0.122667
0.122123
0.118512
0.119017
0.120427
0.118939
0.123733
0.120684
0.126151
0.121451
0.120287
0.122553
0.126623
0.122539
0.118849
0.120110
0.127366
0.122140
0.122598
0.122707
0.133488
0.116339
0.125832
0.118933
0.123670
0.130208
0.124178
0.123067
0.124223
0.135760
0.127161
0.126240
0.126520
0.129555
0.124005
0.125891
0.127259
0.130615
0.128258
0.126489
0.127007
0.128744
0.127527
0.127557
0.128647
0.130191
0.130063
0.126537
0.128283
0.132047
0.128515
0.128954
0.127018
0.129884
0.129745
0.136547
0.126250
0.130623
0.128169
0.126654
0.124929
0.130029
0.128444
0.131894
0.132527
0.135716
0.135582
0.131158
0.124808
0.133576
0.134208
0.131114
0.136726
0.134255
0.132108
0.128183
0.130098
0.128243
0.129715
0.128055
0.131082
0.125351
0.127898
0.127335
0.130723
0.130630
0.129811
0.125091
0.126166
0.131880
0.133960
0.126435
0.129389
0.129244
0.131403
0.124747
0.125712
0.130145
0.132175
0.125861
0.125897
0.127537
0.130146
0.128154
0.127608
0.127582
0.132886
0.125585
0.127862
0.127141
0.130969
0.130226
0.126705
0.128242
0.128351
0.126057
0.127348
0.128321
0.138654
0.130445
0.125070
0.127222
0.130424
0.127767
0.128728
0.129921
0.132532
0.129688
0.124535
0.126668
0.133681
0.133586
0.130051
0.128088
0.130237
0.126737
0.129444
0.126850
0.129938
0.126525
0.128088
0.125984
0.131333
0.129207
0.124839
0.131502
0.129837
0.128302
0.130274
0.131304
0.130708
0.129634
0.124527
0.127483
0.129948
0.130529
0.129194
0.129734
0.135180
0.128261
0.121578
0.123259
0.128728
0.134582
0.126928
0.127475
0.130309
0.130756
0.133803
0.131204
0.129775
0.135158
0.126048
0.127383
0.126991
0.130549
0.127952
0.129878
0.126590
0.133079
0.126311
0.126186
0.126439
0.134459
0.130475
0.128297
0.127566
0.131056
0.126939
0.124657
0.130726
0.130824
0.134898
0.134125
0.133429
0.129285
0.132884
0.129695
0.137026
0.129600
0.135815
0.129279
0.126495
0.124511
0.128390
0.129453
0.128396
0.127349
0.133759
0.127463
0.128705
0.124850
0.129007
0.127148
0.127351
0.134675
0.133724
0.131803
0.134248
0.133674
0.131010
0.133966
0.129186
0.130945
0.133271
0.133272
0.132853
0.124792
0.124979
0.129186
0.127375
0.128786
0.127357
0.133893
0.126146
0.123489
0.128704
0.131026
0.128152
0.126810
0.126224
0.128680
0.126807
0.127980
0.128589
0.130907
0.126081
0.126625
0.127910
0.136063
0.128805
0.128971
0.126838
0.127946
0.136293
0.132092
0.131098
0.129137
0.129968
0.131702
0.131783
0.133221
0.139215
0.131320
0.134030
0.129985
0.136379
0.136224
0.131741
0.138490
0.134053
0.137899
0.137441
0.136127
0.131069
0.132466
0.135508
0.130005
0.134073
0.132728
0.129978
0.136605
0.137071
0.137217
0.137273
0.136921
0.129111
0.137799
0.129117
0.137025
0.133731
0.129039
0.131252
0.138469
0.129615
0.132499
0.130653
0.130047
0.129041
0.129398
0.128671
0.130483
0.129550
0.130304
0.130519
0.136264
0.132889
0.131171
0.130879
0.129530
0.130870
0.129867
0.132419
0.129071
0.131769
0.129393
0.131144
0.132053
0.124119
0.129141
0.131343
0.128890
0.130479
0.129375
0.128598
0.133200
0.130832
0.130880
0.131236
0.132394
0.130644
0.131085
0.138083
0.130694
0.128921
0.131508
0.132587
0.132126
0.127805
0.130128
0.130509
0.131888
0.129791
0.129933
0.136326
0.128649
0.130576
0.130466
0.129555
0.131320
0.130105
0.130293
0.131882
0.130513
0.128824
0.130962
0.130149
0.130454
0.129745
0.132827
0.128967
0.128481
0.128602
0.131305
0.131432
0.130125
0.130032
0.128761
0.128404
0.129641
0.130304
0.131882
0.129862
0.136566
0.130305
0.126919
0.129915
0.132497
0.129129
0.133565
0.131682
0.130794
0.128855
0.130585
0.130998
0.131492
0.129302
0.130427
0.131970
0.136106
0.128029
0.129347
0.130725
0.130037
0.129684
0.131264
0.128319
0.128981
0.128055
0.131152
0.129383
0.130940
0.132154
0.128851
0.128597
0.131786
0.130438
0.128807
0.133318
0.129721
0.124197
0.124040
0.125374
0.118262
0.122627
0.123318
0.122805
0.122731
0.123404
0.123602
0.118497
0.123675
0.123853
0.120846
0.120152
0.124452
0.126705
0.120342
0.120178
0.122436
0.120083
0.121778
0.122861
0.121612
0.119209
0.123315
0.121071
0.123544
0.125054
0.123484
0.121482
0.117984
0.127993
0.125372
0.121840
0.122633
0.126535
0.124036
0.116974
0.122345
0.123045
0.120752
0.120344
0.124718
0.123702
0.118603
0.124280
0.121048
0.120522
0.119961
0.123537
0.122782
0.117859
0.129853
0.122632
0.117431
0.122529
0.119088
0.120407
0.122049
0.123125
0.126496
0.123611
0.125877
0.120559
0.121910
0.120558
0.120101
0.120686
0.122238
0.125770
0.119660
0.123258
0.121946
0.118624
0.118603
0.125095
0.122669
0.118997
0.120654
0.124639
0.121682
0.120145
0.120373
0.130557
0.123269
0.120813
0.127563
0.121873
0.121592
0.126514
0.117066
0.119715
0.123423
0.116473
0.122413
0.120424
0.124364
0.118184
0.122014
0.124461
0.121413
0.116596
0.123877
0.128096
0.121204
0.118839
0.125501
0.120919
0.121948
0.124409
0.121716
0.120524
0.120956
0.123534
0.124475
0.119863
0.124056
0.121274
0.120805
0.120989
0.125011
0.119597
0.117522
0.122705
0.119214
0.117394
0.121062
0.122572
0.124175
0.116858
0.124026
0.117207
0.121592
0.120241
0.124344
0.121668
0.126243
0.123980
0.119526
0.125333
0.120283
0.123292
0.120843
0.122653
0.127927
0.118997
0.121877
0.122996
0.127528
0.120214
0.122716
0.125867
0.128517
0.121128
0.123028
0.122922
0.121186
0.119201
0.124704
0.121361
0.119289
0.124694
0.120882
0.120832
0.123935
0.123170
0.121520
0.119964
0.125896
0.117335
0.122961
0.121345
0.122565
0.118826
0.121810
0.125445
0.117779
0.122775
0.126235
0.131493
0.130523
0.125437
0.129123
0.141271
0.132970
0.124796
0.130641
0.128819
0.121309
0.130749
0.127456
0.129105
0.128445
0.120320
0.122806
0.123351
0.127156
0.117996
0.124700
0.124087
0.117760
0.120849
0.129792
0.121823
0.121552
0.126332
0.118551
0.124336
0.122455
0.121515
0.119290
0.118768
0.123452
0.124371
0.119368
0.128365
0.126238
0.122704
0.120122
0.125738
0.123363
0.119932
0.123751
0.123528
0.120333
0.122373
0.126887
0.121014
0.120691
0.122258
0.120197
0.119626
0.122950
0.124442
0.120617
0.118149
0.122348
0.121350
0.123604
0.119305
0.124820
0.120578
0.116496
0.123431
0.123271
0.119725
0.119970
0.126389
0.120635
0.124023
0.123833
0.118694
0.121942
0.119927
0.124185
0.123143
0.120061
0.124331
0.119375
0.120632
0.131859
0.125308
0.119821
0.130459
0.123636
0.130528
0.119730
0.117782
0.132276
0.120581
0.123369
0.122622
0.127932
0.119284
0.121841
0.125438
0.121876
0.124475
0.122265
0.126949
0.122493
0.122481
0.122726
0.128400
0.123397
0.122194
0.129912
0.129609
0.130275
0.121974
0.121016
0.132087
0.120470
0.136087
0.129692
0.123485
0.125848
0.122210
0.123000
0.120599
0.133522
0.122120
0.136384
0.139674
0.132320
0.133060
0.137822
0.134454
0.138501
0.135279
0.132263
0.130186
0.130110
0.128693
0.134638
0.135436
0.136978
0.132859
0.134263
0.131200
0.131657
0.136505
0.135316
0.131218
0.129784
0.130608
0.129617
0.130678
0.132332
0.129392
0.125474
0.124406
0.125075
0.129968
0.129979
0.129509
0.133235
0.130244
0.128969
0.133612
0.129924
0.129561
0.131705
0.132669
0.130116
0.133121
0.130942
0.133329
0.136874
0.139627
0.131327
0.131414
0.131360
0.132932
0.133453
0.130482
0.130871
0.132919
0.134665
