0.526135
0.516071
0.530261
0.527563
0.537626
0.527341
0.518024
0.519674
0.522722
0.530785
0.528087
0.518754
0.524198
0.534150
0.537230
0.523055
0.527134
0.528992
0.521976
0.523325
0.523833
0.525420
0.537611
0.540690
0.520341
0.530500
0.527309
0.530293
0.535515
0.519039
0.521912
0.526912
0.517865
0.530912
0.525563
0.525262
0.533103
0.531039
0.528817
0.521547
0.537023
0.526611
0.541452
0.521039
0.531753
0.533515
0.522642
0.533976
0.528706
0.525341
0.518341
0.521595
0.521817
0.516912
0.529896
0.528293
0.521182
0.516531
0.524468
0.518151
0.528992
0.524389
0.523166
0.524373
0.529007
0.522547
0.518500
0.538420
0.520658
0.532087
0.521531
0.524674
0.528325
0.520230
0.522119
0.523484
0.526849
0.525611
0.519595
0.530261
0.515944
0.522706
0.519674
0.525611
0.529309
0.522881
0.525658
0.520611
0.520452
0.521674
0.515754
0.530388
0.521865
0.525452
0.531722
0.524865
0.536468
0.523500
0.528706
0.526214
0.531611
0.527706
0.520643
0.527722
0.535579
0.518547
0.517849
0.538499
0.530515
0.520611
0.523023
0.525769
0.528261
0.524769
0.527833
0.529214
0.524277
0.521722
0.521706
0.537007
0.534563
0.530658
0.529182
0.515643
0.524119
0.524023
0.518627
0.526135
0.520277
0.519484
0.523579
0.528754
0.511801
0.521341
0.524515
0.525182
0.530325
0.533261
0.526547
0.527261
0.526738
0.525135
0.522674
0.521690
0.522103
0.522531
0.520357
0.524817
0.523912
0.520944
0.524150
0.524023
0.536960
0.528960
0.519531
0.532706
0.512198
0.526627
0.531436
0.525468
0.525896
0.535960
0.526865
0.529261
0.529753
0.527881
0.522944
0.528103
0.522722
0.523119
0.528547
0.523039
0.518436
0.532325
0.522722
0.513627
0.536468
0.524627
0.519198
0.529230
0.524706
0.532563
0.525563
0.521325
0.524309
0.529738
0.529547
0.522277
0.511674
0.524008
0.517944
0.516039
0.536134
0.532626
0.538198
0.528817
0.526341
0.532960
0.531134
0.525706
0.523579
0.537912
0.535198
0.526690
0.530642
0.531706
0.521563
0.531134
0.518928
0.519627
0.533055
0.524166
0.521246
0.521865
0.532055
0.528880
0.528484
0.523658
0.516452
0.528658
0.533119
0.523277
0.530690
0.529658
0.522182
0.527674
0.529579
0.529611
0.524738
0.525976
0.530865
0.516230
0.527738
0.517309
0.528722
0.522484
0.515325
0.521023
0.522103
0.530531
0.526246
0.533547
0.521769
0.531658
0.515151
0.522547
0.526119
0.531388
0.526992
0.527658
0.535214
0.533976
0.524547
0.527452
0.524055
0.522103
0.525198
0.524960
0.523119
0.526341
0.526373
0.527912
0.530150
0.528055
0.530944
0.523293
0.529087
0.519754
0.513563
0.528468
0.527277
0.533357
0.524817
0.534468
0.524357
0.525912
0.517579
0.531722
0.519563
0.525150
0.525055
0.532166
0.528658
0.523547
0.526008
0.518944
0.527468
0.520166
0.526150
0.522801
0.525627
0.529896
0.520198
0.532087
0.532150
0.518801
0.519389
0.520896
0.527420
0.529293
0.520150
0.530785
0.527373
0.523976
0.536960
0.518103
0.521230
0.519992
0.524531
0.522992
0.521309
0.533849
0.525071
0.522071
0.532849
0.519754
0.525166
0.518008
0.538531
0.526008
0.532531
0.532579
0.523976
0.515627
0.527515
0.525293
0.533388
0.517246
0.524801
0.532309
0.533341
0.526785
0.524452
0.535071
0.539595
0.523262
0.536484
0.524674
0.526738
0.524484
0.525293
0.535166
0.531785
0.524690
0.530484
0.513881
0.515230
0.532277
0.526135
0.527960
0.514246
0.524008
0.525881
0.524579
0.532880
0.507167
0.526452
0.530944
0.533579
0.529579
0.524071
0.531880
0.523468
0.520277
0.526547
0.519754
0.522103
0.533404
0.522865
0.524912
0.518722
0.527881
0.514135
0.518516
0.516912
0.524071
0.518246
0.537833
0.525198
0.528103
0.517278
0.519595
0.513659
0.529087
0.531039
0.519960
0.524262
0.519262
0.519119
0.527579
0.526452
0.520198
0.526563
0.527579
0.519087
0.520690
0.521627
0.523754
0.523944
0.524325
0.514151
0.528896
0.524642
0.523135
0.529531
0.526960
0.519373
0.521087
0.533674
0.515595
0.528277
0.533722
0.521182
0.522293
0.521674
0.522912
0.529388
0.523055
0.520738
0.540039
0.532214
0.522277
0.524658
0.529325
0.519404
0.522785
0.520008
0.525309
0.525293
0.531166
0.525642
0.511817
0.525008
0.532166
0.523182
0.514928
0.525420
0.525500
0.519008
0.531261
0.530531
0.528880
0.528325
0.521849
0.529817
0.515214
0.518928
0.532912
0.525706
0.522325
0.520484
0.530373
0.526023
0.529579
0.518246
0.521754
0.539150
0.522119
0.529547
0.524119
0.531658
0.524579
0.523357
0.530785
0.527769
0.529293
0.520293
0.528928
0.530261
0.526103
0.520785
0.525500
0.526579
0.525738
0.532134
0.512627
0.516389
0.522865
0.519008
0.528150
0.532484
0.532960
0.510992
0.523611
0.528087
0.526944
0.531658
0.513595
0.533468
0.534388
0.530928
0.528452
0.515119
0.522690
0.530246
0.535928
0.512103
0.526325
0.526388
0.527658
0.524801
0.524801
0.527642
0.524706
0.531849
0.515706
0.535579
0.519944
0.528960
0.510960
0.517833
0.519103
0.516912
0.520643
0.524484
0.528150
0.532976
0.530992
0.536611
0.521563
0.529500
0.515579
0.514309
0.528642
0.522912
0.518643
0.527134
0.512706
0.515135
0.513833
0.523801
0.523976
0.520071
0.515214
0.520706
0.522817
0.530119
0.523976
0.528754
0.523595
0.524420
0.522928
0.514976
0.521293
0.529103
0.530674
0.529166
0.527928
0.517643
0.529785
0.528119
0.526817
0.521357
0.520325
0.524246
0.531976
0.526214
0.525119
0.531341
0.527182
0.526881
0.518627
0.522135
0.535753
0.524357
0.536134
0.519643
0.526690
0.527722
0.518960
0.522341
0.538039
0.520246
0.525595
0.525785
0.536134
0.525039
0.523357
0.518531
0.530293
0.525769
0.532579
0.520801
0.516960
0.532880
0.525484
0.533658
0.522992
0.524976
0.527023
0.518770
0.523563
0.529976
0.528452
0.523976
0.528007
0.528261
0.523595
0.531706
0.534007
0.528103
0.535690
0.536531
0.538103
0.526531
0.531087
0.529753
0.529547
0.521357
0.527849
0.526230
0.515087
0.530150
0.518579
0.526008
0.526976
0.525341
0.514992
0.530468
0.534357
0.529785
0.525008
0.524277
0.531865
0.531531
0.522246
0.533150
0.529119
0.520262
0.531865
0.526309
0.533801
0.520992
0.536944
0.519801
0.531246
0.522214
0.513151
0.524277
0.524658
0.527087
0.526293
0.529611
0.526960
0.527881
0.529500
0.516674
0.525325
0.531865
0.516087
0.523944
0.522627
0.530769
0.522404
0.526595
0.521389
0.527849
0.530674
0.531912
0.526500
0.526579
0.527373
0.512182
0.525166
0.536452
0.523373
0.520404
0.528007
0.533547
0.522642
0.523642
0.531865
0.521008
0.524484
0.521119
0.522865
0.527754
0.530706
0.530039
0.526325
0.532992
0.525515
0.523547
0.522452
0.534039
0.526277
0.518230
0.524706
0.521627
0.526325
0.522912
0.520912
0.529309
0.534007
0.520293
0.527944
0.521420
0.523912
0.522135
0.523817
0.537325
0.527230
0.532579
0.527230
0.517801
0.535817
0.523976
0.537928
0.527579
0.535071
0.522309
0.525198
0.526547
0.528023
0.521658
0.527865
0.528690
0.530674
0.521801
0.526135
0.533865
0.517357
0.520992
0.531134
0.527023
0.520738
0.539706
0.525627
0.529627
0.526182
0.527309
0.522039
0.530531
0.527404
0.519008
0.521992
0.523881
0.525849
0.528722
0.526309
0.517547
0.528388
0.528769
0.522039
0.533119
0.528785
0.521896
0.524531
0.534055
0.520119
0.514309
0.520928
0.526166
0.526420
0.521484
0.525579
0.536214
0.525420
0.517182
0.526896
0.520373
0.530182
0.518595
0.528134
0.535674
0.535007
0.521516
0.526071
0.532833
0.523023
0.522896
0.524912
0.525627
0.523896
0.523246
0.533785
0.517706
0.535293
0.517976
0.523912
0.524484
0.523309
0.539357
0.522452
0.527849
0.525373
0.525976
0.525896
0.527881
0.518293
0.532547
0.513516
0.525960
0.516928
0.525309
0.524881
0.521595
0.523214
0.527166
0.530785
0.541039
0.528293
0.532103
0.514039
0.523103
0.523944
0.523992
0.522690
0.524627
0.530849
0.524515
0.539198
0.523738
0.525293
0.527293
0.517595
0.521658
0.526611
0.524960
0.529722
0.528214
0.533134
0.527420
0.525230
0.528452
0.528896
0.527436
0.526627
0.527595
0.526531
0.518849
0.516246
0.523357
0.531261
0.535341
0.528595
0.519833
0.519325
0.529500
0.527309
0.542452
0.527373
0.525674
0.527690
0.519849
0.534896
0.520928
0.529515
0.521627
0.524865
0.516151
0.525627
0.530071
0.526896
0.534785
0.522246
0.521817
0.533706
0.533912
0.526865
0.526547
0.525833
0.509865
0.516405
0.525611
0.508198
0.523515
0.527214
0.521452
0.518865
0.523135
0.527706
0.519135
0.531468
0.525436
0.535706
0.529896
0.522484
0.525150
0.523119
0.532246
0.521039
0.532103
0.525071
0.522341
0.527754
0.527420
0.529484
0.528500
0.525246
0.519754
0.527325
0.534341
0.525642
0.531706
0.523595
0.523055
0.519246
0.523944
0.528880
0.525023
0.527468
0.517611
0.519881
0.516706
0.521246
0.519611
0.525230
0.518801
0.532261
0.526627
0.526563
0.529023
0.526547
0.532023
0.524325
0.531373
0.521785
0.524547
0.530087
0.530341
0.538023
0.514611
0.525579
0.519960
0.530277
0.523150
0.529452
0.524119
0.529674
0.522611
0.526690
0.525309
0.532785
0.530690
0.521468
0.522785
0.529309
0.530658
0.529150
0.515738
0.533023
0.526039
0.523150
0.521627
0.519436
0.527595
0.522246
0.519770
0.524341
0.529642
0.529484
0.522230
0.528039
0.534198
0.523976
0.508151
0.526166
0.519373
0.532706
0.523642
0.520404
0.516405
0.534039
0.524960
0.533912
0.527119
0.519992
0.528103
0.522976
0.530103
0.525611
0.525928
0.523896
0.526277
0.528992
0.525452
0.526150
0.524087
0.523833
0.520341
0.530547
0.530357
0.527134
0.527706
0.517341
0.517785
0.524198
0.525468
0.516976
0.526150
0.509532
0.510071
0.527341
0.530769
0.517198
0.527515
0.526690
0.529357
0.530817
