0.378692
0.368439
0.360343
0.373502
0.366931
0.376296
0.363074
0.375883
0.373899
0.378057
0.370661
0.368788
0.374534
0.370486
0.381597
0.374915
0.364867
0.369645
0.368661
0.375978
0.360851
0.369359
0.381327
0.364772
0.368915
0.380105
0.361661
0.365835
0.372153
0.365899
0.379930
0.373089
0.370534
0.374550
0.374692
0.369661
0.374899
0.366994
0.367343
0.372391
0.371470
0.362772
0.375470
0.363391
0.374026
0.370740
0.372200
0.371661
0.368597
0.358217
0.371312
0.355788
0.382470
0.371216
0.383883
0.372915
0.371058
0.359328
0.366391
0.379200
0.367343
0.367581
0.390041
0.374327
0.373899
0.365185
0.367994
0.366359
0.356661
0.368312
0.393803
0.379883
0.376931
0.365645
0.371248
0.374962
0.371391
0.372280
0.379423
0.369280
0.369137
0.372915
0.375915
0.369962
0.364328
0.367137
0.367581
0.361994
0.374407
0.360153
0.363597
0.372312
0.361264
0.371867
0.375264
0.383740
0.371486
0.367835
0.365962
0.368724
0.368693
0.365010
0.372899
0.373089
0.379105
0.372026
0.369661
0.370502
0.372613
0.373248
0.361629
0.364962
0.376248
0.372724
0.380613
0.366216
0.368915
0.371454
0.375629
0.369581
0.371439
0.371867
0.371915
0.376359
0.367359
0.373645
0.362105
0.379772
0.365597
0.381613
0.371518
0.384962
0.368693
0.379359
0.361010
0.350979
0.358978
0.369629
0.370454
0.376740
0.368962
0.369883
0.372439
0.374296
0.392565
0.367153
0.354836
0.374661
0.370026
0.367883
0.373788
0.372899
0.371185
0.366835
0.367740
0.373026
0.361423
0.367137
0.371216
0.365518
0.370613
0.368486
0.366835
0.368296
0.363804
0.367962
0.368502
0.368470
0.370200
0.368502
0.373185
0.380772
0.377772
0.357947
0.364693
0.360534
0.378121
0.368105
0.358899
0.365216
0.366883
0.378343
0.376724
0.367074
0.370645
0.370708
0.366121
0.379280
0.370121
0.369518
0.376661
0.362264
0.361010
0.376708
0.364201
0.363042
0.362915
0.359153
0.376343
0.362851
0.383026
0.378629
0.369264
0.376280
0.373518
0.376121
0.375375
0.371772
0.380930
0.378708
0.362550
0.364756
0.371994
0.369566
0.373375
0.373661
0.367566
0.366105
0.377708
0.370200
0.374185
0.372454
0.371915
0.374058
0.369867
0.362820
0.376677
0.375597
0.363629
0.372200
0.373391
0.372058
0.365978
0.365820
0.375756
0.366312
0.365439
0.366629
0.368042
0.372518
0.372058
0.382883
0.356550
0.366423
0.371946
0.374851
0.370962
0.368724
0.368407
0.372708
0.367693
0.370597
0.381248
0.378962
0.363978
0.367788
0.363201
0.365518
0.368804
0.374121
0.367851
0.368994
0.365216
0.380105
0.360502
0.375137
0.375359
0.377835
0.366455
0.374677
0.366899
0.378391
0.368994
0.364740
0.382454
0.363835
0.373391
0.361391
0.377137
0.355693
0.370439
0.364947
0.354883
0.368248
0.363153
0.370010
0.369708
0.371439
0.359851
0.363010
0.369375
0.382803
0.366264
0.378137
0.367232
0.378089
0.366105
0.375010
0.363010
0.385153
0.360359
0.367391
0.380867
0.374931
0.356502
0.368169
0.362677
0.364201
0.379184
0.368550
0.377629
0.369693
0.367502
0.364804
0.374597
0.371073
0.363074
0.365835
0.375708
0.367835
0.357931
0.375454
0.365708
0.363264
0.367629
0.365804
0.352756
0.365661
0.364550
0.390994
0.368407
0.366169
0.364962
0.368010
0.370423
0.365708
0.377311
0.374264
0.368534
0.379486
0.382216
0.367931
0.376550
0.357264
0.371851
0.366089
0.370200
0.381486
0.365677
0.362121
0.351867
0.366026
0.377089
0.361153
0.372978
0.358804
0.377978
0.363677
0.377375
0.378296
0.382756
0.379550
0.371486
0.367074
0.370359
0.374089
0.368867
0.363756
0.368169
0.380216
0.381486
0.371756
0.355455
0.359788
0.372185
0.364566
0.364962
0.366010
0.364089
0.373359
0.368724
0.367121
0.376137
0.361582
0.367296
0.364693
0.371153
0.372439
0.365867
0.371423
0.352074
0.379296
0.378724
0.383883
0.368534
0.377946
0.371915
0.382883
0.383518
0.375343
0.379851
0.372788
0.363915
0.374534
0.374565
0.381851
0.371613
0.381772
0.362804
0.369375
0.366407
0.365978
0.368169
0.385184
0.365391
0.367232
0.377931
0.369581
0.366947
0.375661
0.362042
0.370772
0.382216
0.372010
0.366407
0.371137
0.370375
0.363613
0.369343
0.373073
0.363121
0.382153
0.374867
0.361010
0.369232
0.380629
0.363772
0.367407
0.354455
0.365835
0.367470
0.378438
0.368867
0.365264
0.383057
0.360693
0.377454
0.369121
0.378804
0.381137
0.369534
0.357836
0.370026
0.365375
0.374312
0.364661
0.375200
0.366804
0.386581
0.375740
0.364867
0.362534
0.386518
0.373296
0.373296
0.379184
0.368566
0.374058
0.377391
0.367994
0.373534
0.379692
0.371740
0.377518
0.374042
0.372058
0.368931
0.374613
0.374454
0.364708
0.370629
0.377026
0.368978
0.369883
0.370883
0.371597
0.371423
0.368740
0.374756
0.370899
0.370645
0.381264
0.372946
0.374312
0.370486
0.373899
0.370232
0.373534
0.374423
0.370661
0.379502
0.369470
0.364264
0.356296
0.367661
0.380248
0.369486
0.372327
0.362867
0.376073
0.371978
0.373788
0.355883
0.374915
0.371819
0.383153
0.384740
0.362661
0.362566
0.386438
0.385073
0.370010
0.357645
0.372264
0.371613
0.372962
0.359439
0.367502
0.362439
0.360074
0.373010
0.366169
0.366502
0.368089
0.375915
0.362788
0.377946
0.372692
0.366708
0.372153
0.373962
0.381565
0.362439
0.375438
0.366851
0.367835
0.362423
0.358105
0.372121
0.375597
0.366581
0.359693
0.370804
0.373216
0.370137
0.379867
0.372105
0.366835
0.365978
0.358042
0.372327
0.372185
0.373550
0.369613
0.357597
0.385280
0.374534
0.370550
0.375550
0.381232
0.375216
0.364201
0.369740
0.370613
0.374153
0.369915
0.375899
0.372994
0.369169
0.372185
0.368915
0.365708
0.362407
0.373581
0.357629
0.367232
0.382232
0.364312
0.367439
0.380550
0.375343
0.360756
0.366042
0.369121
0.373248
0.368677
0.363058
0.378057
0.372185
0.364851
0.376883
0.356629
0.382391
0.375042
0.366455
0.366137
0.376835
0.368502
0.376470
0.370121
0.360804
0.368947
0.380756
0.366883
0.360359
0.367470
0.371502
0.371153
0.372946
0.357312
0.367296
0.383248
0.369137
0.359550
0.366693
0.370137
0.376629
0.361597
0.364931
0.366280
0.374550
0.377105
0.370724
0.370439
0.377740
0.364772
0.373962
0.373185
0.384899
0.351883
0.372137
0.363899
0.378184
0.371804
0.378359
0.367470
0.357661
0.362931
0.371264
0.376248
0.354709
0.365232
0.354693
0.383518
0.376946
0.372677
0.379486
0.368534
0.373121
0.370661
0.373486
0.362962
0.375105
0.379550
0.370169
0.371962
0.378200
0.368232
0.373946
0.368550
0.373962
0.372994
0.380343
0.371058
0.366788
0.365978
0.368232
0.389629
0.375153
0.368153
0.376708
0.364994
0.376597
0.370454
0.367994
0.362534
0.367010
0.370058
0.363105
0.365010
0.385184
0.373661
0.372312
0.369026
0.367550
0.372534
0.352344
0.375565
0.367534
0.375105
0.379629
0.362883
0.360883
0.362042
0.360153
0.369613
0.374819
0.362407
0.372883
0.367312
0.366423
0.373994
0.374581
0.369074
0.353693
0.374454
0.373613
0.351820
0.370899
0.383169
0.375200
0.369232
0.367518
0.363105
0.362010
0.368105
0.380343
0.368740
0.361582
0.368010
0.372581
0.367724
0.356439
0.373550
0.369740
0.371423
0.363566
0.375343
0.382042
0.367010
0.372915
0.367661
0.375978
0.373597
0.373391
0.359550
0.367153
0.377692
0.368169
0.363232
0.358883
0.370200
0.356010
0.369534
0.359724
0.367454
0.359328
0.380105
0.369423
0.369534
0.377518
0.374692
0.354471
0.384073
0.372677
0.366835
0.359963
0.368693
0.380819
0.365851
0.371613
0.374232
0.364851
0.379057
0.377280
0.367677
0.369042
0.353979
0.375470
0.375359
0.372534
0.369105
0.368391
0.377740
0.369915
0.384756
0.364804
0.368454
0.362470
0.362137
0.367645
0.369708
0.358709
0.373962
0.364407
0.370851
0.365978
0.368248
0.368439
0.373629
0.366820
0.359613
0.365835
0.374581
0.377978
0.375153
0.377819
0.363042
0.366169
0.382216
0.378264
0.385946
0.360709
0.354169
0.381010
0.372073
0.374661
0.362613
0.364582
0.364423
0.365867
0.386248
0.379359
0.367169
0.372994
0.363280
0.358248
0.371661
0.376518
0.366756
0.382724
0.368486
0.364804
0.368867
0.363407
0.360121
0.368534
0.357423
0.355931
0.377184
0.367931
0.359423
0.366740
0.370280
0.365994
0.369026
0.366883
0.364931
0.367216
0.367883
0.374661
0.357296
0.365915
0.367232
0.375931
0.358820
0.372280
0.368058
0.350582
0.369343
0.368137
0.385200
0.369566
0.376042
0.363804
0.370597
0.366835
0.377264
0.379121
0.359280
0.374439
0.355867
0.371661
0.361963
0.367883
0.380518
0.361677
0.373296
0.364645
0.359248
0.368693
0.367169
0.372962
0.380438
0.367248
0.375724
0.362836
0.364947
0.367867
0.362740
0.360709
0.371978
0.381280
0.371566
0.376502
0.364089
0.367502
0.368915
0.360724
0.361359
0.373439
0.373359
0.369169
0.369851
0.368407
0.372788
0.371232
0.364137
0.382788
0.369899
0.361613
0.363947
0.365962
0.382883
0.362264
0.380708
0.368947
0.367835
0.369439
0.369200
0.359455
0.358518
0.382883
0.361423
0.374819
0.365994
0.373899
0.365216
0.369550
0.373946
0.375486
0.380772
0.389407
0.376486
0.371216
0.369232
0.359455
0.367883
0.362709
0.359931
0.368454
0.371343
0.378946
0.368201
0.364153
0.376185
0.367359
0.362550
0.369867
0.366216
0.370867
0.379010
0.361042
0.371026
0.365867
0.367581
0.370502
0.359502
0.380343
0.373137
0.374105
0.362105
0.371693
0.363296
0.372756
0.366899
0.380153
0.384867
0.358582
0.360185
0.368074
0.374073
0.369327
0.365804
0.364597
0.370581
0.372073
0.367169
0.375280
0.386772
0.375597
0.365423
0.370200
0.364232
0.370312
0.376423
0.368724
0.364566
0.372200
0.372058
0.381470
0.376677
0.369470
0.380788
0.367470
0.370661
0.379629
0.369566
0.371264
0.370629
