0,269847		Medel =	0,4661775
0,272178		Max = 	0,662508
0,275053		Min =	0,269847
0,276808		Median =	0,334472
0,277404			
0,280071			
0,280153			
0,280554			
0,281048			
0,281207			
0,281357			
0,281366			
0,284148			
0,285009			
0,285669			
0,285782			
0,285932			
0,286088			
0,286152			
0,286609			
0,286626			
0,286926			
0,287014			
0,287137			
0,287455			
0,287855			
0,288181			
0,288473			
0,28871			
0,289152			
0,289872			
0,289916			
0,289997			
0,290221			
0,291601			
0,291727			
0,291802			
0,292147			
0,292463			
0,29259			
0,292732			
0,292944			
0,293001			
0,293043			
0,293079			
0,293272			
0,29344			
0,293476			
0,29356			
0,2937			
0,29382			
0,2941			
0,294243			
0,294315			
0,294338			
0,29451			
0,294605			
0,294735			
0,294834			
0,294848			
0,295072			
0,295072			
0,295238			
0,295338			
0,295372			
0,295468			
0,295501			
0,295505			
0,295711			
0,29581			
0,296115			
0,296867			
0,296899			
0,297613			
0,297728			
0,297825			
0,297843			
0,297951			
0,298067			
0,298163			
0,298245			
0,298335			
0,298362			
0,29849			
0,298561			
0,298691			
0,298979			
0,299035			
0,299107			
0,299438			
0,299445			
0,299641			
0,299756			
0,300062			
0,300169			
0,300287			
0,300348			
0,300534			
0,300581			
0,300786			
0,300887			
0,300963			
0,30122			
0,30124			
0,301272			
0,301342			
0,301355			
0,301374			
0,301404			
0,301459			
0,301611			
0,301623			
0,301652			
0,301677			
0,301911			
0,302094			
0,302176			
0,302194			
0,302276			
0,302293			
0,302381			
0,30239			
0,302391			
0,302447			
0,302529			
0,302718			
0,302723			
0,30281			
0,302919			
0,302976			
0,303247			
0,303291			
0,303552			
0,303568			
0,30367			
0,304292			
0,304293			
0,304449			
0,304468			
0,30456			
0,304564			
0,304609			
0,304992			
0,305064			
0,30511			
0,305224			
0,305334			
0,305493			
0,305509			
0,305561			
0,305607			
0,305787			
0,305792			
0,305821			
0,305853			
0,305878			
0,305912			
0,305957			
0,306112			
0,306307			
0,306396			
0,306442			
0,306473			
0,306566			
0,306568			
0,306593			
0,306771			
0,306956			
0,307006			
0,307278			
0,307404			
0,307457			
0,307471			
0,307554			
0,307643			
0,307657			
0,307776			
0,307814			
0,307995			
0,308003			
0,308133			
0,308246			
0,308417			
0,308703			
0,308716			
0,308774			
0,308781			
0,308901			
0,308951			
0,309002			
0,309069			
0,309113			
0,309351			
0,309357			
0,309368			
0,309438			
0,309527			
0,309544			
0,309595			
0,309704			
0,309708			
0,309713			
0,309714			
0,30972			
0,309722			
0,309826			
0,309884			
0,309885			
0,309893			
0,309894			
0,310006			
0,310044			
0,310172			
0,31019			
0,310233			
0,310299			
0,310311			
0,310414			
0,310449			
0,31056			
0,310636			
0,310698			
0,310775			
0,310865			
0,310889			
0,31093			
0,311009			
0,311086			
0,311099			
0,311137			
0,311607			
0,311724			
0,311799			
0,31185			
0,31195			
0,311992			
0,3122			
0,312493			
0,312743			
0,312837			
0,312848			
0,312864			
0,312882			
0,312902			
0,312958			
0,313154			
0,313254			
0,313372			
0,31361			
0,313641			
0,313748			
0,314091			
0,31415			
0,314405			
0,314563			
0,314581			
0,314585			
0,314661			
0,314788			
0,31506			
0,315116			
0,31514			
0,315191			
0,315221			
0,315233			
0,315415			
0,315445			
0,315479			
0,315497			
0,315538			
0,315576			
0,315643			
0,315879			
0,316083			
0,316102			
0,316214			
0,316291			
0,316361			
0,316379			
0,316437			
0,316449			
0,316456			
0,31647			
0,316561			
0,316666			
0,316815			
0,316819			
0,316993			
0,316997			
0,317048			
0,317304			
0,317403			
0,317434			
0,317526			
0,317566			
0,317615			
0,317646			
0,317655			
0,317683			
0,317686			
0,3177			
0,317779			
0,317877			
0,317916			
0,317991			
0,318046			
0,318399			
0,318465			
0,318546			
0,318554			
0,318592			
0,318649			
0,318718			
0,31876			
0,318831			
0,318837			
0,318873			
0,318987			
0,31919			
0,319289			
0,319676			
0,319711			
0,319741			
0,319937			
0,320031			
0,320056			
0,320122			
0,320533			
0,320603			
0,320621			
0,320622			
0,320665			
0,32069			
0,320727			
0,320742			
0,32099			
0,321023			
0,321039			
0,321167			
0,321241			
0,32156			
0,321898			
0,321916			
0,322036			
0,322106			
0,322113			
0,322246			
0,322272			
0,322286			
0,322328			
0,322361			
0,322403			
0,322501			
0,322559			
0,322567			
0,322773			
0,322861			
0,322863			
0,322927			
0,323006			
0,323059			
0,323072			
0,32322			
0,323544			
0,323633			
0,323634			
0,323656			
0,323689			
0,323691			
0,323698			
0,323713			
0,323732			
0,323806			
0,323843			
0,323885			
0,323987			
0,324008			
0,324084			
0,324097			
0,324126			
0,324142			
0,324215			
0,324215			
0,324223			
0,324233			
0,324242			
0,324322			
0,324376			
0,324386			
0,324574			
0,324607			
0,324684			
0,324694			
0,324739			
0,3248			
0,324835			
0,324835			
0,324965			
0,324982			
0,325069			
0,3251			
0,325124			
0,325357			
0,325371			
0,325376			
0,325399			
0,325461			
0,325534			
0,325685			
0,32569			
0,325768			
0,325856			
0,325954			
0,325971			
0,326285			
0,326406			
0,326429			
0,326499			
0,326541			
0,326572			
0,326926			
0,326936			
0,326996			
0,32705			
0,327054			
0,327239			
0,32729			
0,327298			
0,327628			
0,327801			
0,327891			
0,327938			
0,328075			
0,328329			
0,328346			
0,328492			
0,32878			
0,328788			
0,328889			
0,329013			
0,329126			
0,329244			
0,329273			
0,329354			
0,329455			
0,329478			
0,329685			
0,329818			
0,329861			
0,329913			
0,32994			
0,330115			
0,330128			
0,330175			
0,330245			
0,330441			
0,33048			
0,330532			
0,330562			
0,330636			
0,330784			
0,330972			
0,330992			
0,331066			
0,331237			
0,331342			
0,331526			
0,331536			
0,331598			
0,331614			
0,331633			
0,3317			
0,331712			
0,331713			
0,331808			
0,331828			
0,331919			
0,331959			
0,332016			
0,332072			
0,33222			
0,332235			
0,33243			
0,332568			
0,332607			
0,33283			
0,332899			
0,333159			
0,33333			
0,333461			
0,333475			
0,33351			
0,334012			
0,334051			
0,33408			
0,334232			
0,334238			
0,334319			
0,334434			
0,334472			
0,334526			
0,334541			
0,334633			
0,334634			
0,334682			
0,334765			
0,33477			
0,335022			
0,335045			
0,335072			
0,335105			
0,335118			
0,335517			
0,335631			
0,335633			
0,335726			
0,33573			
0,335787			
0,335845			
0,336002			
0,336232			
0,336522			
0,336759			
0,336797			
0,336859			
0,336901			
0,337025			
0,337188			
0,337202			
0,337226			
0,337286			
0,337292			
0,337415			
0,337455			
0,337563			
0,337691			
0,337774			
0,337966			
0,338154			
0,338241			
0,338277			
0,338504			
0,338684			
0,338779			
0,338793			
0,339003			
0,339013			
0,339165			
0,339191			
0,339216			
0,339568			
0,339829			
0,339914			
0,340103			
0,340306			
0,340742			
0,340783			
0,340833			
0,340898			
0,340944			
0,341175			
0,341278			
0,341379			
0,341429			
0,341579			
0,341999			
0,342078			
0,342169			
0,342268			
0,342294			
0,342314			
0,342353			
0,342376			
0,342835			
0,342851			
0,342923			
0,342951			
0,34296			
0,342987			
0,343263			
0,343349			
0,344302			
0,344382			
0,344395			
0,344406			
0,344889			
0,344979			
0,345065			
0,345153			
0,345346			
0,345402			
0,345488			
0,345582			
0,345694			
0,34608			
0,346083			
0,346144			
0,346183			
0,346219			
0,346389			
0,346431			
0,346479			
0,346585			
0,346945			
0,346962			
0,346977			
0,347059			
0,347473			
0,347651			
0,348002			
0,348064			
0,348066			
0,348151			
0,348284			
0,348307			
0,348364			
0,348397			
0,34852			
0,348762			
0,349029			
0,349169			
0,349225			
0,34928			
0,349632			
0,349667			
0,34979			
0,349885			
0,350086			
0,3503			
0,350318			
0,350568			
0,350596			
0,350867			
0,350953			
0,351086			
0,351206			
0,351369			
0,3514			
0,351742			
0,351898			
0,351932			
0,352005			
0,352226			
0,352386			
0,352672			
0,35305			
0,353195			
0,35344			
0,353565			
0,353643			
0,353666			
0,35387			
0,354089			
0,354258			
0,354307			
0,354729			
0,354752			
0,354913			
0,355119			
0,355188			
0,355359			
0,355367			
0,355414			
0,355435			
0,355445			
0,355609			
0,356235			
0,356731			
0,356757			
0,357198			
0,357637			
0,357745			
0,357765			
0,357917			
0,358634			
0,358647			
0,358747			
0,358763			
0,358877			
0,358893			
0,358978			
0,359			
0,359205			
0,360209			
0,360258			
0,360608			
0,360865			
0,361147			
0,36116			
0,361301			
0,361401			
0,361469			
0,361677			
0,361796			
0,362136			
0,3622			
0,362338			
0,362926			
0,36334			
0,363722			
0,3639			
0,363972			
0,364015			
0,364213			
0,364558			
0,364658			
0,364835			
0,364867			
0,364912			
0,365262			
0,366286			
0,36663			
0,366634			
0,366635			
0,367269			
0,367396			
0,3679			
0,368052			
0,368148			
0,368293			
0,368439			
0,368443			
0,368488			
0,368737			
0,368924			
0,368961			
0,369177			
0,370199			
0,370403			
0,370806			
0,370856			
0,370891			
0,370923			
0,371097			
0,371299			
0,371312			
0,371943			
0,372161			
0,372295			
0,372793			
0,372824			
0,372867			
0,37324			
0,373338			
0,373338			
0,373413			
0,373552			
0,373675			
0,373808			
0,37382			
0,374326			
0,374591			
0,374786			
0,374967			
0,375093			
0,375115			
0,37523			
0,375384			
0,375918			
0,376042			
0,376139			
0,376204			
0,37634			
0,376359			
0,376407			
0,376642			
0,376682			
0,376876			
0,377074			
0,377201			
0,377567			
0,377972			
0,378093			
0,378337			
0,378701			
0,379028			
0,379633			
0,379878			
0,380648			
0,381364			
0,381795			
0,381874			
0,382			
0,382271			
0,383153			
0,383833			
0,383849			
0,383947			
0,384202			
0,384457			
0,384483			
0,38476			
0,385208			
0,385302			
0,385863			
0,38593			
0,386331			
0,386348			
0,387946			
0,388395			
0,388667			
0,388701			
0,38903			
0,389331			
0,390192			
0,390682			
0,390856			
0,391346			
0,391353			
0,391398			
0,391557			
0,39179			
0,391793			
0,391825			
0,392635			
0,392888			
0,39292			
0,392991			
0,393778			
0,393924			
0,393926			
0,39415			
0,394281			
0,394546			
0,394846			
0,395287			
0,395508			
0,395758			
0,396829			
0,397095			
0,397143			
0,397787			
0,39825			
0,398659			
0,398692			
0,398757			
0,399236			
0,399991			
0,400112			
0,400179			
0,400234			
0,400727			
0,401068			
0,401308			
0,401446			
0,401515			
0,402062			
0,403199			
0,403971			
0,4046			
0,404878			
0,405391			
0,406322			
0,406457			
0,406645			
0,406792			
0,407009			
0,407022			
0,407098			
0,40724			
0,407591			
0,407744			
0,407841			
0,408296			
0,408539			
0,40895			
0,409138			
0,409969			
0,41004			
0,410043			
0,410819			
0,410987			
0,41107			
0,411825			
0,411949			
0,41221			
0,412666			
0,412812			
0,412847			
0,413362			
0,413433			
0,413726			
0,413731			
0,413827			
0,414125			
0,415003			
0,415602			
0,415846			
0,416238			
0,4163			
0,416561			
0,418397			
0,41845			
0,418558			
0,418663			
0,419901			
0,420266			
0,421093			
0,421433			
0,424426			
0,42443			
0,426617			
0,426782			
0,427057			
0,427286			
0,427287			
0,427456			
0,427539			
0,427587			
0,428184			
0,428212			
0,428266			
0,429563			
0,430034			
0,430342			
0,431433			
0,431564			
0,431942			
0,432217			
0,433092			
0,433122			
0,433617			
0,434078			
0,434318			
0,435007			
0,437927			
0,438081			
0,438338			
0,43842			
0,44069			
0,440725			
0,441001			
0,441155			
0,441426			
0,44181			
0,442244			
0,444843			
0,445219			
0,445249			
0,446924			
0,447011			
0,44769			
0,448842			
0,449376			
0,449542			
0,450503			
0,451133			
0,451599			
0,451647			
0,453998			
0,455145			
0,456076			
0,45627			
0,456421			
0,45668			
0,457681			
0,458459			
0,460782			
0,461058			
0,461833			
0,462805			
0,465943			
0,471847			
0,47272			
0,47558			
0,477175			
0,480514			
0,484118			
0,491004			
0,491699			
0,498728			
0,499227			
0,500704			
0,500745			
0,501285			
0,502399			
0,505466			
0,511868			
0,512437			
0,513354			
0,523023			
0,526332			
0,526713			
0,531374			
0,532514			
0,534537			
0,542072			
0,543107			
0,543932			
0,547901			
0,550532			
0,55106			
0,552062			
0,559688			
0,56158			
0,563248			
0,607061			
0,614846			
0,627603			
0,662508			
