0.350348
0.362409
0.343790
0.352679
0.343184
0.352376
0.352494
0.340990
0.357039
0.345455
0.347610
0.357230
0.359304
0.341287
0.347811
0.357843
0.355074
0.348096
0.356698
0.367759
0.346191
0.349707
0.340980
0.342414
0.349552
0.342948
0.345053
0.343620
0.332503
0.360826
0.350385
0.357905
0.357905
0.346598
0.345082
0.353046
0.343476
0.345289
0.347281
0.350873
0.340496
0.353438
0.342138
0.357186
0.345393
0.344490
0.364351
0.336346
0.342790
0.350545
0.367344
0.360975
0.362464
0.358257
0.355290
0.350299
0.359525
0.368570
0.358544
0.358657
0.352267
0.344523
0.342779
0.351314
0.340014
0.348076
0.362885
0.340644
0.354582
0.343625
0.345102
0.352624
0.340033
0.356522
0.354776
0.345755
0.355628
0.344597
0.361081
0.351603
0.353115
0.342413
0.355925
0.349671
0.341410
0.345031
0.338195
0.347023
0.357681
0.339530
0.365371
0.340416
0.356774
0.356754
0.339950
0.362023
0.343127
0.342834
0.350026
0.342966
0.342828
0.351711
0.344105
0.354889
0.341711
0.347271
0.348261
0.338708
0.343326
0.352389
0.345301
0.337972
0.340735
0.342125
0.351958
0.346000
0.351317
0.342481
0.350736
0.343639
0.333601
0.339525
0.349801
0.362987
0.351666
0.355607
0.353461
0.354663
0.347764
0.362136
0.340781
0.340808
0.367603
0.360572
0.340112
0.347538
0.342372
0.344327
0.345522
0.352038
0.332680
0.344729
0.354186
0.360666
0.349801
0.347388
0.349053
0.351742
0.353470
0.360817
0.341227
0.343036
0.337876
0.347517
0.358345
0.340127
0.371502
0.352312
0.340521
0.348135
0.351654
0.341645
0.353749
0.343420
0.343071
0.343988
0.360833
0.346548
0.351300
0.344388
0.359771
0.351390
0.347162
0.339237
0.355854
0.349115
0.332742
0.355349
0.346286
0.353668
0.342681
0.349309
0.348223
0.353428
0.358289
0.347456
0.347311
0.351629
0.365585
0.348832
0.351169
0.353726
0.339817
0.338717
0.345356
0.348541
0.350543
0.342228
0.351025
0.352053
0.351968
0.345746
0.346076
0.348412
0.352816
0.340319
0.353632
0.349023
0.354265
0.358677
0.341185
0.352391
0.362283
0.361153
0.347345
0.344718
0.354317
0.355733
0.356978
0.348135
0.340995
0.349956
0.348747
0.338548
0.345127
0.333775
0.347261
0.346161
0.355758
0.346742
0.343878
0.346309
0.339389
0.356878
0.355209
0.351581
0.362225
0.353663
0.346700
0.346787
0.347258
0.343845
0.348960
0.342260
0.359790
0.344461
0.346799
0.345272
0.355863
0.359294
0.341084
0.337089
0.349532
0.352844
0.358220
0.339312
0.348374
0.346567
0.347817
0.357328
0.343254
0.351604
0.354251
0.344716
0.353064
0.355405
0.342273
0.355780
0.359543
0.354508
0.349198
0.357003
0.365594
0.350380
0.346269
0.343494
0.356262
0.357832
0.350991
0.352426
0.347592
0.359084
0.343001
0.353990
0.339117
0.355937
0.349102
0.363431
0.341800
0.359383
0.349298
0.340732
0.355598
0.353052
0.349878
0.346244
0.354838
0.341530
0.353226
0.353866
0.348367
0.341717
0.340256
0.345400
0.330604
0.366594
0.356690
0.350641
0.353628
0.358099
0.353043
0.342313
0.348126
0.353015
0.339291
0.367659
0.353473
0.348767
0.340987
0.352847
0.349240
0.349388
0.350610
0.362198
0.349552
0.349006
0.339454
0.359008
0.347851
0.340858
0.359424
0.348409
0.349505
0.342391
0.350228
0.355851
0.337969
0.349236
0.343107
0.343764
0.349187
0.331742
0.342596
0.345989
0.342330
0.356726
0.364941
0.339864
0.340604
0.346822
0.361288
0.348620
0.346775
0.355230
0.342309
0.358131
0.340700
0.362960
0.339600
0.345043
0.348578
0.342326
0.353710
0.360760
0.351581
0.361277
0.357067
0.343133
0.352297
0.349350
0.357925
0.343567
0.351610
0.348211
0.357489
0.351334
0.350995
0.345119
0.354479
0.348953
0.341250
0.359310
0.369179
0.358174
0.340686
0.344801
0.349360
0.351898
0.351536
0.349239
0.352579
0.356574
0.353530
0.351014
0.350946
0.347823
0.354685
0.354608
0.359720
0.351285
0.355489
0.345668
0.355248
0.348808
0.350079
0.353565
0.356896
0.359560
0.333978
0.354524
0.351211
0.347004
0.356906
0.345388
0.361468
0.364467
0.347925
0.350256
0.344713
0.338624
0.350641
0.351842
0.358837
0.348297
0.344681
0.341814
0.352920
0.354283
0.351484
0.343503
0.347355
0.355807
0.354426
0.347004
0.358697
0.354212
0.350372
0.357054
0.353508
0.347177
0.365635
0.356423
0.353402
0.358366
0.342850
0.343757
0.357661
0.339876
0.343327
0.350442
0.353969
0.357216
0.362915
0.337939
0.348668
0.332299
0.345276
0.355171
0.353576
0.357632
0.347873
0.352567
0.361761
0.342943
0.347008
0.350267
0.346075
0.340606
0.345916
0.358727
0.346693
0.352403
0.348335
0.347745
0.354303
0.358311
0.351643
0.360827
0.357912
0.361604
0.343876
0.338089
0.350884
0.356251
0.344454
0.364630
0.341454
0.361653
0.336279
0.334096
0.350773
0.341303
0.369396
0.341057
0.333653
0.343650
0.371478
0.352152
0.352893
0.346208
0.348275
0.347307
0.349588
0.348217
0.343809
0.351554
0.341977
0.357084
0.345656
0.362493
0.348057
0.350752
0.349567
0.347916
0.354447
0.345405
0.343618
0.342421
0.339042
0.355458
0.349441
0.359337
0.362663
0.355202
0.354693
0.353604
0.347727
0.347667
0.366796
0.354041
0.364242
0.361031
0.352388
0.350442
0.359915
0.355091
0.343853
0.346975
0.353746
0.357929
0.346681
0.360449
0.362070
0.353419
0.347633
0.356504
0.342342
0.346031
0.354716
0.353896
0.357117
0.348810
0.360348
0.354138
0.362087
0.352648
0.347732
0.352538
0.343928
0.352934
0.345876
0.354196
0.357288
0.343466
0.347177
0.341090
0.353656
0.341360
0.354739
0.354030
0.361158
0.342597
0.356907
0.346903
0.351517
0.345501
0.360179
0.362944
0.354139
0.347601
0.343014
0.345275
0.350035
0.360803
0.343560
0.350088
0.355284
0.362712
0.349852
0.336596
0.363002
0.355070
0.341580
0.344126
0.346097
0.341530
0.349989
0.351684
0.342170
0.344797
0.343062
0.349225
0.349476
0.348367
0.352345
0.346185
0.349273
0.344044
0.361170
0.353090
0.354478
0.355521
0.352455
0.353371
0.355684
0.348133
0.351301
0.353028
0.343387
0.336670
0.341762
0.349256
0.342931
0.351558
0.336668
0.355328
0.337075
0.345493
0.353937
0.347559
0.345467
0.338596
0.350821
0.340871
0.354678
0.350952
0.354073
0.365028
0.349319
0.345556
0.338724
0.358295
0.357520
0.351125
0.351204
0.355047
0.348960
0.349347
0.345380
0.352094
0.356448
0.354826
0.347199
0.351604
0.355166
0.354664
0.353721
0.341070
0.344573
0.360416
0.346677
0.332942
0.355677
0.357039
0.343314
0.356413
0.350027
0.346580
0.330963
0.350746
0.352774
0.343500
0.347155
0.356535
0.349730
0.355150
0.350657
0.349574
0.352828
0.348292
0.342595
0.352422
0.355536
0.355613
0.340229
0.347237
0.335447
0.350607
0.351581
0.344763
0.349381
0.345024
0.349837
0.343727
0.348790
0.347614
0.357017
0.340928
0.345949
0.360322
0.346095
0.343840
0.338956
0.357087
0.350132
0.341292
0.351610
0.352493
0.349149
0.350252
0.344405
0.357411
0.344798
0.359466
0.351559
0.350253
0.351387
0.351300
0.353653
0.354723
0.352411
0.350862
0.352862
0.347768
0.351324
0.355107
0.337598
0.338215
0.335331
0.347391
0.342615
0.356107
0.346936
0.354712
0.360940
0.364076
0.354340
0.361617
0.344551
0.353821
0.342452
0.360149
0.342029
0.350847
0.341739
0.353035
0.367001
0.353568
0.342834
0.347595
0.354484
0.361254
0.339528
0.356038
0.356730
0.343471
0.343497
0.345840
0.361139
0.341377
0.346694
0.340489
0.343689
0.356926
0.343428
0.338041
0.348551
0.347253
0.343740
0.352008
0.352488
0.357303
0.354764
0.355238
0.358532
0.338517
0.348663
0.347230
0.355315
0.350956
0.362074
0.347690
0.349147
0.347835
0.350564
0.349618
0.350665
0.346915
0.346574
0.355588
0.339960
0.355341
0.343976
0.349986
0.353407
0.337456
0.351237
0.354337
0.344755
0.338636
0.347621
0.348827
0.346568
0.352478
0.353229
0.344603
0.357658
0.349408
0.341886
0.336294
0.353972
0.332470
0.353740
0.353538
0.352860
0.356681
0.360688
0.357326
0.356938
0.353939
0.337460
0.350631
0.357319
0.340314
0.347520
0.349539
0.349935
0.345621
0.360510
0.353883
0.360866
0.348819
0.346809
0.347027
0.339105
0.342112
0.348305
0.361116
0.349891
0.354113
0.348939
0.340196
0.344646
0.347000
0.348875
0.337517
0.359639
0.347272
0.355263
0.355944
0.354511
0.348301
0.342117
0.343395
0.344622
0.348793
0.356350
0.342702
0.343550
0.347995
0.342929
0.349372
0.351566
0.355075
0.347346
0.354249
0.337578
0.349360
0.344119
0.349078
0.353602
0.341816
0.359292
0.354090
0.339728
0.352296
0.342619
0.355865
0.348527
0.349091
0.337528
0.352769
0.344868
0.354051
0.355901
0.353274
0.352955
0.346574
0.348300
0.350428
0.357306
0.350551
0.340958
0.350072
0.348767
0.355625
0.347191
0.350167
0.351874
0.345168
0.343985
0.339863
0.350690
0.343724
0.353608
0.356040
0.351295
0.347779
0.363898
0.337697
0.351106
0.336981
0.356416
0.353028
0.348201
0.333606
0.361890
0.344751
0.352710
0.336268
0.341674
0.343020
0.347275
0.356608
0.352799
0.349168
0.352317
0.344226
0.362750
0.349865
0.347062
0.348382
0.345581
0.350623
0.346384
0.353301
0.349648
0.344949
0.355199
0.344542
0.355657
0.362080
0.353429
0.349707
0.350242
0.345118
0.344986
0.351073
0.356868
0.348247
0.343233
0.342856
0.348713
0.349235
0.348566
0.364848
0.360217
0.360463
0.354360
0.341527
0.350621
0.365369
0.357657
0.331193
0.358238
0.346107
0.347647
0.353846
0.353701
0.377990
0.359703
0.346923
0.355073
0.351875
0.349288
0.338554
0.352223
0.358604
0.342510
0.351645
0.345006
0.351862
0.344147
0.350015
0.352794
0.352254
0.359646
0.349705
0.357408
0.369450
0.349674
0.356780
0.363031
0.354784
0.348366
0.358704
0.357074
0.350552
0.329925
0.350338
