0.575153
0.578580
0.576557
0.581446
0.589523
0.616991
0.578911
0.583337
0.591060
0.574439
0.564234
0.569037
0.570478
0.576711
0.588703
0.577604
0.569974
0.575017
0.575777
0.596952
0.601918
0.590245
0.586164
0.587007
0.585879
0.590930
0.579680
0.595236
0.591615
0.592573
0.582219
0.604340
0.567426
0.562444
0.580573
0.563356
0.573013
0.594654
0.597243
0.577554
0.563389
0.594443
0.589812
0.586704
0.577576
0.577086
0.560919
0.588512
0.594307
0.590704
0.583636
0.596386
0.575822
0.582332
0.582096
0.584319
0.581683
0.573858
0.588485
0.593847
0.564404
0.611106
0.586009
0.586185
0.601630
0.590168
0.595454
0.597374
0.596084
0.575892
0.569891
0.572933
0.577841
0.576880
0.577280
0.577488
0.582272
0.567494
0.566725
0.581560
0.577399
0.589640
0.566482
0.573923
0.577877
0.572763
0.576906
0.582171
0.590300
0.584134
0.578862
0.600017
0.582118
0.570599
0.581846
0.589924
0.576312
0.587339
0.589131
0.556177
0.589461
0.585363
0.579662
0.578047
0.575532
0.575305
0.575937
0.587567
0.583642
0.575973
0.558092
0.580133
0.591293
0.571927
0.586054
0.596524
0.593710
0.563969
0.589732
0.581043
0.590744
0.572691
0.574538
0.563241
0.580150
0.579057
0.602902
0.594667
0.576955
0.578238
0.582927
0.561745
0.570045
0.543849
0.583231
0.576067
0.597895
0.573839
0.570419
0.582136
0.584857
0.579925
0.573304
0.575463
0.563400
0.580995
0.581078
0.571513
0.606898
0.582043
0.588560
0.587835
0.603934
0.588551
0.591419
0.569678
0.593720
0.581885
0.564331
0.598706
0.580282
0.574068
0.582666
0.578589
0.560384
0.573678
0.596399
0.573662
0.592291
0.571804
0.585300
0.596023
0.568487
0.593233
0.595230
0.587567
0.602007
0.576258
0.594755
0.586770
0.576750
0.594269
0.573650
0.568235
0.561817
0.592764
0.595248
0.570203
0.589330
0.586469
0.593595
0.605705
0.594706
0.584882
0.592722
0.562260
0.591410
0.586688
0.580430
0.586308
0.574241
0.579609
0.572472
0.576732
0.588560
0.576300
0.571525
0.576296
0.568149
0.571985
0.557287
0.582507
0.581029
0.591161
0.581558
0.574615
0.573434
0.596662
0.564465
0.590919
0.599389
0.573024
0.587939
0.581770
0.605527
0.575466
0.590999
0.585386
0.595792
0.561730
0.588760
0.590700
0.580518
0.599948
0.578887
0.584106
0.587934
0.586847
0.582568
0.583962
0.582509
0.578600
0.603971
0.560364
0.603038
0.591802
0.585084
0.572966
0.572340
0.584643
0.574574
0.594398
0.580207
0.585005
0.584580
0.574468
0.573158
0.579599
0.568108
0.585193
0.562762
0.587646
0.583772
0.600033
0.592418
0.579716
0.585377
0.583683
0.568199
0.562932
0.590093
0.584504
0.589194
0.587406
0.567628
0.569017
0.591396
0.578795
0.593855
0.572404
0.571086
0.576461
0.599919
0.591940
0.578609
0.588649
0.579684
0.578736
0.570067
0.574858
0.580508
0.576025
0.588039
0.592788
0.597770
0.577120
0.597615
0.597562
0.572759
0.571069
0.589349
0.605763
0.580663
0.579696
0.574043
0.593576
0.603528
0.587274
0.564946
0.586761
0.569627
0.577906
0.594048
0.574338
0.566441
0.597228
0.609906
0.576796
0.574820
0.587512
0.592239
0.593346
0.584158
0.587477
0.593627
0.582444
0.595707
0.577419
0.587364
0.571307
0.604395
0.575751
0.595920
0.588527
0.587222
0.577951
0.591940
0.587260
0.595314
0.592145
0.576495
0.578257
0.584201
0.572374
0.564733
0.586585
0.588518
0.559707
0.584382
0.599062
0.569785
0.567303
0.589889
0.565508
0.583752
0.585269
0.571537
0.590433
0.565174
0.598582
0.575102
0.579291
0.580414
0.598201
0.580165
0.576290
0.590559
0.570406
0.585385
0.581823
0.576059
0.590880
0.575511
0.596021
0.583461
0.584248
0.593094
0.581335
0.580914
0.586642
0.583384
0.580700
0.572646
0.600790
0.591876
0.586046
0.578711
0.567678
0.581649
0.571197
0.587755
0.582148
0.598407
0.572090
0.594625
0.588761
0.578294
0.580051
0.577601
0.584979
0.588066
0.587329
0.561783
0.580183
0.585516
0.568151
0.583718
0.587810
0.588091
0.571441
0.610553
0.578002
0.579909
0.592822
0.601390
0.577412
0.571861
0.582932
0.578121
0.594456
0.586786
0.575324
0.591653
0.576311
0.574597
0.588658
0.581683
0.570892
0.595470
0.572030
0.574857
0.578709
0.589321
0.591321
0.583097
0.589741
0.590060
0.593036
0.616855
0.572327
0.595352
0.596091
0.590903
0.590779
0.569345
0.554700
0.574643
0.574070
0.570249
0.578211
0.579786
0.598208
0.573825
0.586820
0.573573
0.581527
0.580337
0.587736
0.585137
0.577813
0.575673
0.597680
0.589339
0.589506
0.579684
0.566579
0.569380
0.575448
0.585254
0.589933
0.577402
0.576063
0.570026
0.592289
0.588585
0.573336
0.583444
0.577942
0.591242
0.580929
0.589807
0.585273
0.558462
0.576063
0.589275
0.595831
0.585940
0.608669
0.595256
0.579621
0.576378
0.586761
0.595123
0.576160
0.585408
0.549414
0.577792
0.579484
0.570817
0.598064
0.588021
0.598273
0.571310
0.601996
0.599793
0.603356
0.587336
0.578633
0.595075
0.567594
0.595434
0.585885
0.607288
0.585224
0.590096
0.588425
0.593671
0.567052
0.590623
0.564117
0.578648
0.571447
0.585745
0.585980
0.588416
0.569690
0.596335
0.574872
0.592012
0.606745
0.587234
0.587152
0.582763
0.586848
0.576616
0.596342
0.574986
0.578450
0.575899
0.594942
0.581282
0.575357
0.574144
0.586564
0.599472
0.571977
0.583454
0.590665
0.576907
0.599332
0.586144
0.603151
0.565858
0.590524
0.594408
0.579809
0.586273
0.588248
0.570759
0.588864
0.570619
0.589304
0.592929
0.577471
0.607839
0.578173
0.584887
0.570272
0.588757
0.600841
0.575955
0.578732
0.599554
0.573386
0.611106
0.575241
0.587408
0.572450
0.599708
0.587470
0.582437
0.582595
0.576384
0.587058
0.589144
0.590811
0.579835
0.609097
0.576310
0.579145
0.552713
0.589009
0.592169
0.601419
0.579928
0.579541
0.567744
0.571752
0.572373
0.565301
0.588443
0.583452
0.571458
0.587566
0.579504
0.591711
0.583884
0.580031
0.585336
0.594948
0.583960
0.598176
0.583208
0.580211
0.599084
0.578679
0.577868
0.608904
0.565841
0.588157
0.583146
0.570387
0.576711
0.597387
0.585707
0.579227
0.566335
0.588341
0.583272
0.585977
0.568377
0.580310
0.578310
0.578241
0.584545
0.561725
0.609762
0.594445
0.576890
0.550002
0.594242
0.599363
0.572820
0.598105
0.575534
0.585763
0.579328
0.567417
0.596879
0.570748
0.574305
0.587006
0.590128
0.578719
0.585734
0.575365
0.555797
0.597295
0.547496
0.573313
0.585933
0.579219
0.586874
0.575569
0.562369
0.596100
0.576531
0.584982
0.565431
0.584177
0.575212
0.578876
0.580294
0.577876
0.576251
0.581255
0.589767
0.575549
0.600465
0.602268
0.563856
0.591042
0.582020
0.584987
0.573068
0.591331
0.581870
0.567728
0.585242
0.583841
0.578687
0.574572
0.582538
0.580713
0.588962
0.568683
0.592351
0.562318
0.572015
0.576337
0.557302
0.580177
0.575255
0.578719
0.575143
0.573134
0.577158
0.574413
0.582752
0.589603
0.587091
0.593201
0.579516
0.582789
0.603958
0.565300
0.593593
0.600677
0.588608
0.590058
0.583552
0.595693
0.568627
0.574008
0.589950
0.597904
0.567106
0.583229
0.593942
0.585594
0.592255
0.596279
0.595520
0.571853
0.589551
0.567906
0.597817
0.570009
0.593170
0.580702
0.592321
0.593749
0.608519
0.580193
0.575157
0.605245
0.594095
0.579113
0.552102
0.572496
0.604157
0.605582
0.584467
0.574159
0.586683
0.603456
0.575537
0.583413
0.575664
0.581118
0.596115
0.571931
0.585931
0.605571
0.582137
0.592142
0.611474
0.588858
0.575400
0.584451
0.575859
0.584510
0.588706
0.583728
0.566957
0.582974
0.573505
0.563248
0.592856
0.587238
0.578824
0.568633
0.578267
0.581099
0.587943
0.577764
0.564852
0.576746
0.585873
0.578611
0.586953
0.571183
0.573521
0.561163
0.585852
0.597158
0.585636
0.585603
0.568111
0.574961
0.583384
0.556541
0.594151
0.597695
0.576366
0.586630
0.589674
0.589760
0.572847
0.588787
0.581553
0.568702
0.581474
0.584009
0.581986
0.592509
0.583079
0.580083
0.587575
0.578466
0.587939
0.582436
0.575900
0.586417
0.590961
0.580897
0.583385
0.580397
0.586021
0.578464
0.559265
0.575576
0.597920
0.591420
0.579166
0.578059
0.579120
0.592326
0.582055
0.576863
0.579508
0.597288
0.581995
0.582819
0.595151
0.580455
0.579130
0.583837
0.590145
0.580274
0.582698
0.587117
0.576107
0.582901
0.583474
0.588472
0.568048
0.598499
0.621180
0.593837
0.581080
0.596671
0.600696
0.572243
0.578360
0.585746
0.566267
0.569421
0.554197
0.574155
0.579356
0.589697
0.600043
0.595773
0.607671
0.598465
0.581497
0.566715
0.583685
0.575310
0.574953
0.586287
0.577776
0.568091
0.599429
0.587681
0.585459
0.594076
0.583233
0.585437
0.590583
0.574995
0.593689
0.592550
0.575042
0.596042
0.600441
0.594484
0.589897
0.582711
0.585370
0.582306
0.598160
0.596412
0.572340
0.589330
0.588635
0.607341
0.590065
0.598738
0.578307
0.575734
0.580543
0.583326
0.582307
0.576277
0.598262
0.583887
0.583888
0.598882
0.583193
0.574091
0.594022
0.577251
0.578047
0.603305
0.587706
0.574905
0.582940
0.596502
0.589195
0.590145
0.578201
0.594123
0.576645
0.592726
0.601563
0.567545
0.573848
0.585597
0.587386
0.599786
0.572757
0.576411
0.578677
0.588776
0.575441
0.593407
0.572655
0.588332
0.582067
0.576933
0.576189
0.606588
0.592061
0.588306
0.603205
0.588282
0.591812
0.589119
0.596716
0.579319
0.567067
0.595072
0.585292
0.575817
0.568977
0.581680
0.590988
0.592588
0.586269
0.572198
0.598332
0.570988
0.567958
0.600034
0.580735
0.572281
0.568202
0.582796
0.580019
0.579315
0.581100
0.588312
0.588813
0.598735
0.578820
0.569706
0.575504
0.580333
0.578704
0.584341
0.589724
0.588704
0.571336
0.593054
0.577414
0.580509
0.570885
0.571820
