0.176840
0.159543
0.180222
0.199457
0.170171
0.157050
0.198393
0.216250
0.214953
0.195389
0.245133
0.177233
0.176559
0.212918
0.196824
0.181057
0.174558
0.220938
0.210654
0.192486
0.180341
0.203475
0.149636
0.188707
0.196196
0.279813
0.173670
0.266990
0.215551
0.198187
0.205775
0.211730
0.184490
0.225995
0.168123
0.168996
0.206486
0.248984
0.175573
0.225142
0.159043
0.189189
0.228046
0.202633
0.176132
0.159455
0.308197
0.217377
0.227672
0.188250
0.168246
0.363542
0.189141
0.180385
0.244955
0.174000
0.245112
0.201123
0.221361
0.180026
0.185692
0.164186
0.196867
0.224522
0.170534
0.175659
0.181757
0.202438
0.233019
0.210643
0.168668
0.182464
0.171391
0.168597
0.234050
0.247835
0.142456
0.218210
0.156688
0.179129
0.199280
0.153585
0.222867
0.192817
0.191917
0.239448
0.220597
0.179468
0.210453
0.242722
0.176265
0.170074
0.152745
0.240881
0.197405
0.167073
0.161713
0.277311
0.182912
0.249442
0.147414
0.162328
0.163083
0.251195
0.198869
0.265560
0.256229
0.232604
0.198494
0.184658
0.189978
0.219860
0.186059
0.165453
0.184583
0.200265
0.156149
0.178713
0.214977
0.168504
0.208529
0.204376
0.193360
0.211947
0.204575
0.229029
0.192308
0.212874
0.171980
0.180052
0.230746
0.197966
0.159891
0.172229
0.165297
0.187618
0.176703
0.191814
0.182653
0.210567
0.174658
0.168080
0.203621
0.169628
0.199170
0.178125
0.173793
0.144116
0.206167
0.225036
0.221381
0.197926
0.209949
0.166749
0.192497
0.170047
0.206078
0.235080
0.191505
0.191770
0.214286
0.177181
0.191904
0.196776
0.183408
0.186918
0.205020
0.225789
0.186803
0.199484
0.166309
0.190747
0.218433
0.170283
0.258726
0.191980
0.165081
0.205865
0.225156
0.166449
0.173205
0.208222
0.313577
0.177953
0.193435
0.211025
0.208716
0.150040
0.189119
0.175933
0.211079
0.204358
0.233220
0.189099
0.215064
0.192296
0.174787
0.189961
0.174873
0.224083
0.183756
0.178600
0.235686
0.237130
0.171665
0.188487
0.212478
0.230698
0.240149
0.170253
0.213564
0.194386
0.268452
0.146288
0.174115
0.200834
0.167619
0.191516
0.292786
0.212473
0.201077
0.150209
0.183083
0.158655
0.174842
0.185714
0.191719
0.224993
0.177117
0.205244
0.311808
0.179781
0.193246
0.147903
0.192320
0.179846
0.207679
0.213086
0.184762
0.200425
0.219178
0.205733
0.175092
0.169883
0.217029
0.191534
0.178917
0.262747
0.195629
0.176662
0.163848
0.172220
0.179798
0.219186
0.187815
0.182710
0.188119
0.199360
0.185227
0.196370
0.168924
0.205068
0.195234
0.164919
0.231667
0.182040
0.147862
0.150637
0.167935
0.180498
0.186033
0.210358
0.215098
0.161383
0.226018
0.227321
0.201439
0.181159
0.188883
0.158665
0.174536
0.161969
0.175570
0.168347
0.212733
0.183673
0.202876
0.233144
0.204116
0.145614
0.220930
0.178670
0.228688
0.202577
0.242984
0.154099
0.170624
0.233057
0.167450
0.152729
0.186242
0.180147
0.210151
0.198835
0.189104
0.223032
0.175434
0.205483
0.189494
0.196287
0.191939
0.266462
0.192097
0.184848
0.162862
0.201410
0.253585
0.197252
0.199787
0.155651
0.215594
0.210526
0.169998
0.185460
0.263988
0.165581
0.178439
0.165921
0.200000
0.241463
0.235095
0.273161
0.217305
0.216975
0.246976
0.195308
0.193457
0.160311
0.190603
0.170126
0.252705
0.175397
0.257973
0.227673
0.189312
0.221534
0.256309
0.224042
0.202781
0.225295
0.190420
0.210968
0.187730
0.188215
0.210970
0.215010
0.214907
0.148961
0.177419
0.174564
0.184077
0.159903
0.187353
0.175995
0.180771
0.207409
0.196074
0.173477
0.201095
0.167565
0.210908
0.199624
0.195014
0.197545
0.257126
0.182470
0.229882
0.202918
0.176312
0.206023
0.166578
0.233931
0.226601
0.185814
0.169492
0.199792
0.264723
0.186536
0.219531
0.181899
0.206735
0.219148
0.193281
0.153539
0.202171
0.160890
0.200727
0.212201
0.236623
0.195458
0.189378
0.248506
0.252463
0.223526
0.171949
0.175758
0.207162
0.179175
0.164774
0.229933
0.189295
0.196596
0.203988
0.205791
0.181466
0.230237
0.185824
0.216087
0.226663
0.168301
0.273524
0.212664
0.193777
0.179762
0.190123
0.197183
0.206615
0.196854
0.216273
0.166353
0.192611
0.181481
0.184348
0.215628
0.192958
0.182271
0.174386
0.173841
0.211813
0.214286
0.249529
0.199631
0.223582
0.177412
0.243798
0.246066
0.172577
0.189326
0.228246
0.209007
0.154773
0.165829
0.182472
0.173161
0.182015
0.180038
0.193854
0.225786
0.242660
0.181462
0.190378
0.274510
0.170897
0.180010
0.192775
0.145621
0.173935
0.181179
0.247904
0.174468
0.176284
0.235074
0.189814
0.235020
0.195402
0.151695
0.217295
0.216317
0.211480
0.181411
0.168801
0.189115
0.206745
0.179173
0.190499
0.160853
0.165421
0.199507
0.253462
0.193369
0.170974
0.150183
0.191188
0.204579
0.216079
0.200819
0.155212
0.186433
0.189155
0.207149
0.173606
0.240286
0.186480
0.224640
0.190106
0.256361
0.182131
0.181156
0.182108
0.271355
0.232317
0.198123
0.203668
0.209661
0.177356
0.158940
0.236299
0.208866
0.182090
0.211579
0.220537
0.185323
0.161808
0.145020
0.147464
0.167068
0.229154
0.179616
0.245471
0.213877
0.207115
0.230675
0.195854
0.254281
0.222957
0.224528
0.160733
0.234229
0.251120
0.169829
0.201193
0.195323
0.194835
0.170564
0.171465
0.182771
0.242978
0.153268
0.180038
0.223019
0.201678
0.168381
0.174406
0.225347
0.195243
0.170908
0.181976
0.202378
0.176938
0.212038
0.212068
0.200064
0.179690
0.188679
0.176075
0.161737
0.160873
0.173186
0.170455
0.180955
0.170825
0.174010
0.159950
0.296592
0.201796
0.180761
0.186743
0.183644
0.188928
0.206595
0.240560
0.181364
0.211159
0.235204
0.158238
0.256679
0.163347
0.214168
0.171323
0.215278
0.185070
0.189504
0.189552
0.206411
0.200543
0.169981
0.211603
0.165339
0.195685
0.190334
0.135370
0.267123
0.190213
0.190685
0.174113
0.229876
0.246139
0.181951
0.159182
0.181931
0.185252
0.220502
0.171886
0.187910
0.144961
0.148685
0.164154
0.164998
0.204560
0.253243
0.197731
0.205737
0.186744
0.185092
0.208560
0.195777
0.191896
0.216851
0.200000
0.174787
0.196099
0.171259
0.212615
0.204813
0.194619
0.240011
0.184308
0.256042
0.253234
0.203735
0.191318
0.196546
0.218394
0.182440
0.216770
0.250400
0.180634
0.189240
0.213457
0.235054
0.178047
0.232414
0.191703
0.219376
0.208546
0.149617
0.223898
0.252068
0.166667
0.234229
0.272210
0.183648
0.167334
0.176334
0.212211
0.149878
0.218314
0.196382
0.164771
0.164501
0.178983
0.232566
0.194436
0.172158
0.163043
0.257908
0.277170
0.178465
0.169801
0.196378
0.221565
0.190139
0.246770
0.203365
0.188350
0.188631
0.171776
0.210700
0.161350
0.193410
0.219431
0.151841
0.198403
0.189486
0.208045
0.220748
0.262668
0.192238
0.195249
0.166821
0.206227
0.198730
0.180811
0.193329
0.180398
0.206964
0.196836
0.197234
0.208446
0.183511
0.189315
0.188279
0.225521
0.245310
0.226225
0.160234
0.216911
0.240034
0.162396
0.165222
0.204935
0.191028
0.179548
0.208034
0.213235
0.185727
0.194175
0.221483
0.165371
0.140614
0.189225
0.158232
0.215614
0.177556
0.176332
0.154810
0.165617
0.225309
0.205018
0.202581
0.193120
0.158542
0.242193
0.227516
0.217258
0.177275
0.228631
0.207102
0.206612
0.195652
0.185629
0.224497
0.233424
0.189232
0.188531
0.207266
0.218813
0.185491
0.212379
0.188607
0.226243
0.164933
0.174640
0.210053
0.223671
0.172215
0.161862
0.179837
0.167498
0.247845
0.234489
0.165564
0.266247
0.137909
0.217135
0.175218
0.174108
0.175631
0.219935
0.239609
0.196592
0.177275
0.193700
0.179618
0.165061
0.158206
0.217982
0.239914
0.213718
0.202995
0.165190
0.251152
0.176130
0.191460
0.243933
0.149891
0.214145
0.201258
0.202749
0.213004
0.268500
0.199189
0.221511
0.232572
0.256494
0.202093
0.218843
0.193250
0.198010
0.192948
0.150806
0.204985
0.179581
0.252878
0.221732
0.183683
0.196543
0.147116
0.242755
0.224436
0.203297
0.175771
0.185115
0.180679
0.206525
0.174855
0.229554
0.188590
0.178783
0.183396
0.188622
0.174090
0.187381
0.205065
0.165088
0.167779
0.189163
0.182749
0.171382
0.173980
0.237117
0.223723
0.211374
0.183943
0.198993
0.192641
0.192241
0.219734
0.176880
0.237599
0.176688
0.216783
0.164942
0.188206
0.204339
0.170846
0.206607
0.183640
0.204163
0.254812
0.219348
0.195500
0.238335
0.235566
0.190699
0.217152
0.208008
0.186711
0.278094
0.204521
0.172647
0.176400
0.180567
0.223631
0.199451
0.211083
0.234204
0.180372
0.180592
0.167869
0.178629
0.216717
0.181925
0.186847
0.267674
0.193710
0.165410
0.249365
0.179233
0.180942
0.172313
0.160012
0.181873
0.158946
0.166591
0.187152
0.242718
0.227611
0.205582
0.192909
0.189128
0.214480
0.187463
0.169022
0.212907
0.209792
0.157543
0.156027
0.235550
0.215819
0.194368
0.227681
0.204631
0.231835
0.187204
0.253984
0.169951
0.194311
0.197881
0.205811
0.161183
0.207250
0.169508
0.158049
0.158356
0.160777
0.184429
0.182865
0.203263
0.242738
0.174755
0.182770
0.318254
0.182654
0.210376
0.189851
0.206278
0.164171
0.143338
0.205866
0.182393
0.224991
0.218208
0.183127
0.190897
0.161683
0.191785
0.221157
0.212647
0.186375
0.223988
0.188886
0.159777
0.193851
0.170668
0.189735
0.165575
0.162291
0.186572
0.224896
0.183741
0.212310
0.180831
0.180032
0.185281
0.142983
0.175907
0.242795
0.183470
0.181222
0.233686
0.163452
0.221600
0.236191
0.196790
0.196586
0.232953
0.235574
0.262510
0.190621
0.236930
0.229134
0.165593
0.212973
0.216132
0.165605
0.187469
0.213853
0.159795
0.172852
0.310811
0.160245
0.151883
0.229503
0.171127
0.205932
0.200694
0.326872
0.183966
0.197688
