0.039519
0.034167
0.033691
0.033086
0.031925
0.032179
0.033743
0.031553
0.031583
0.037937
0.032969
0.035035
0.031829
0.031930
0.033542
0.032731
0.031432
0.034577
0.033824
0.033206
0.033094
0.032017
0.032029
0.031371
0.033870
0.040682
0.032733
0.031829
0.032822
0.033915
0.032679
0.033420
0.033294
0.033864
0.034058
0.033474
0.035250
0.032432
0.033330
0.036330
0.033663
0.033127
0.032368
0.034513
0.032521
0.034170
0.033490
0.033480
0.032603
0.032629
0.032019
0.033916
0.033607
0.035929
0.032752
0.032521
0.032870
0.033514
0.033510
0.034229
0.032753
0.032901
0.033379
0.032810
0.034818
0.032585
0.033388
0.032629
0.035152
0.032929
0.033764
0.034202
0.033926
0.034530
0.033591
0.033420
0.034332
0.034402
0.033486
0.032797
0.033903
0.033478
0.035494
0.033479
0.034270
0.032689
0.034629
0.033047
0.033277
0.033097
0.033263
0.034071
0.034240
0.033983
0.034806
0.034370
0.032434
0.034605
0.035336
0.033580
0.031794
0.033291
0.033406
0.033709
0.035513
0.033219
0.034293
0.036024
0.033375
0.033349
0.033188
0.033838
0.032556
0.032888
0.032743
0.034179
0.032940
0.032959
0.032897
0.035268
0.033031
0.034724
0.032704
0.034697
0.033851
0.034226
0.033168
0.033515
0.033345
0.034447
0.034173
0.036808
0.036350
0.034121
0.034304
0.034075
0.033166
0.034642
0.033356
0.033295
0.033375
0.033825
0.034292
0.033846
0.033490
0.034080
0.033879
0.032499
0.033506
0.033367
0.033848
0.033640
0.034241
0.034163
0.032495
0.033998
0.034073
0.032813
0.033432
0.036342
0.037077
0.032357
0.033634
0.032273
0.032908
0.033903
0.034693
0.033796
0.034505
0.033348
0.033526
0.033098
0.033429
0.033037
0.033642
0.036355
0.035099
0.033174
0.033146
0.034339
0.034697
0.034108
0.033853
0.034762
0.033945
0.035250
0.032861
0.034280
0.033667
0.033841
0.035125
0.035103
0.035704
0.034173
0.032990
0.033968
0.034223
0.033533
0.032399
0.033783
0.034209
0.033207
0.032460
0.034278
0.034342
0.032989
0.034049
0.032830
0.033654
0.033304
0.036146
0.033264
0.033548
0.036044
0.033590
0.035810
0.033847
0.031539
0.032161
0.030524
0.030612
0.031021
0.030466
0.030606
0.031447
0.031439
0.030913
0.030614
0.030779
0.030574
0.031230
0.032424
0.032628
0.030798
0.030967
0.030523
0.031001
0.030558
0.031905
0.031040
0.030632
0.030628
0.030517
0.030760
0.030691
0.031730
0.031798
0.030816
0.030486
0.031234
0.033443
0.034501
0.034689
0.036478
0.037593
0.035827
0.033746
0.034067
0.033626
0.030667
0.034604
0.034471
0.032784
0.033654
0.033580
0.032924
0.033857
0.034004
0.032183
0.033533
0.034124
0.031991
0.034541
0.032278
0.033542
0.033520
0.034823
0.034739
0.035584
0.034500
0.034144
0.036079
0.034420
0.034796
0.035939
0.035505
0.033928
0.030799
0.030961
0.030702
0.032384
0.030927
0.031097
0.030350
0.030516
0.030528
0.030593
0.031757
0.031178
0.030864
0.030338
0.030707
0.030641
0.030527
0.031930
0.032159
0.030717
0.031243
0.030341
0.031313
0.030359
0.031253
0.031778
0.030791
0.030429
0.030472
0.030514
0.030736
0.031278
0.031590
0.032132
0.031863
0.030307
0.030677
0.030781
0.030638
0.030613
0.030794
0.031260
0.031339
0.030458
0.030900
0.031113
0.030845
0.030811
0.030617
0.031067
0.031492
0.031035
0.030727
0.030846
0.030681
0.030745
0.030754
0.031222
0.030675
0.030668
0.031110
0.030501
0.030769
0.031394
0.031394
0.032115
0.030873
0.030771
0.030926
0.030566
0.030303
0.030540
0.032245
0.031580
0.030597
0.030585
0.030451
0.030725
0.030523
0.030727
0.031367
0.031116
0.030536
0.030820
0.030615
0.030784
0.030743
0.030829
0.031387
0.035161
0.034438
0.032155
0.036550
0.034280
0.033361
0.037729
0.034428
0.035263
0.034553
0.034590
0.033561
0.032944
0.033958
0.034867
0.032673
0.033522
0.032949
0.032995
0.035270
0.033524
0.033662
0.038761
0.034255
0.036202
0.034928
0.034715
0.032432
0.032569
0.034698
0.036039
0.035302
0.033993
0.033116
0.032162
0.035532
0.035687
0.033332
0.034033
0.033089
0.033535
0.033105
0.034477
0.035669
0.037295
0.034246
0.032983
0.033633
0.039243
0.033599
0.033440
0.032446
0.033696
0.033614
0.034086
0.033713
0.033733
0.033335
0.033072
0.036000
0.032917
0.034092
0.033679
0.033086
0.032389
0.032735
0.034048
0.033286
0.033559
0.033467
0.032680
0.034573
0.034284
0.035039
0.034319
0.033722
0.032474
0.033436
0.033084
0.032647
0.032837
0.033116
0.034548
0.035295
0.033439
0.034511
0.033282
0.033529
0.033106
0.032008
0.033008
0.033094
0.032504
0.036114
0.034427
0.032975
0.034458
0.034239
0.033859
0.031974
0.033318
0.033108
0.032589
0.032822
0.033229
0.034686
0.033241
0.033056
0.032606
0.034410
0.032976
0.032723
0.032855
0.035292
0.032630
0.033788
0.034070
0.033675
0.033362
0.033292
0.035004
0.032093
0.032339
0.032576
0.034194
0.032080
0.034463
0.034099
0.034588
0.034587
0.032191
0.038150
0.033659
0.034237
0.033439
0.032908
0.033184
0.032924
0.035937
0.032828
0.033071
0.034167
0.032398
0.035531
0.034969
0.032547
0.032924
0.034199
0.032481
0.034481
0.033384
0.034543
0.033836
0.033158
0.035876
0.034157
0.034457
0.035095
0.034844
0.033209
0.033645
0.033947
0.035643
0.033779
0.033585
0.032814
0.033801
0.033083
0.033960
0.032164
0.034854
0.033308
0.033476
0.034190
0.033582
0.032327
0.034003
0.033370
0.031931
0.033405
0.033045
0.035099
0.035847
0.032821
0.036057
0.032995
0.032844
0.033720
0.032834
0.034821
0.032913
0.033641
0.033340
0.034339
0.032865
0.037638
0.032675
0.033576
0.033729
0.033236
0.033976
0.033494
0.034088
0.033468
0.034793
0.032531
0.033420
0.032340
0.033537
0.033647
0.035281
0.032440
0.032964
0.032754
0.033003
0.032929
0.034120
0.033574
0.033195
0.032614
0.035392
0.032990
0.032631
0.032740
0.031833
0.033305
0.033521
0.032732
0.032313
0.032010
0.031642
0.034015
0.034484
0.034302
0.035147
0.033725
0.033909
0.033490
0.032911
0.033704
0.033511
0.032803
0.034155
0.033549
0.033135
0.033191
0.033266
0.033154
0.035736
0.033160
0.038760
0.032470
0.033376
0.033721
0.033603
0.033200
0.034235
0.034044
0.033820
0.033061
0.032568
0.033779
0.033830
0.033896
0.037949
0.035787
0.032891
0.033542
0.032891
0.035686
0.033042
0.032808
0.032546
0.032544
0.032741
0.033671
0.032976
0.033198
0.033294
0.034446
0.033358
0.032301
0.033264
0.032678
0.032445
0.034972
0.034719
0.034034
0.036787
0.035538
0.035121
0.039260
0.032871
0.033521
0.033186
0.033603
0.033748
0.032894
0.033551
0.035165
0.034362
0.034007
0.035499
0.034224
0.034799
0.033110
0.034426
0.032238
0.033987
0.033942
0.034670
0.034309
0.033268
0.033252
0.034088
0.034173
0.034732
0.036188
0.034879
0.033793
0.033287
0.033302
0.035767
0.034944
0.037156
0.035394
0.035572
0.033678
0.033330
0.034391
0.035952
0.033530
0.034105
0.033923
0.033385
0.033132
0.033348
0.034056
0.034253
0.032971
0.033807
0.031874
0.034350
0.035010
0.033471
0.033798
0.032990
0.035535
0.035340
0.034949
0.035719
0.034696
0.033246
0.035403
0.036582
0.035015
0.034258
0.034263
0.033569
0.032847
0.035962
0.034112
0.039934
0.033435
0.033579
0.033580
0.034272
0.035360
0.034231
0.034855
0.033394
0.035557
0.037669
0.036015
0.036179
0.032533
0.032434
0.033319
0.034519
0.033817
0.033709
0.033050
0.034168
0.033740
0.036448
0.034096
0.035242
0.034394
0.032493
0.035226
0.034241
0.033949
0.033711
0.032381
0.033242
0.036050
0.033488
0.034081
0.032700
0.034121
0.033631
0.032880
0.034886
0.033225
0.034363
0.035637
0.035403
0.034117
0.034517
0.032368
0.033958
0.034810
0.033426
0.033796
0.032587
0.032545
0.037672
0.034047
0.033674
0.033471
0.032357
0.034308
0.032155
0.032229
0.033356
0.033466
0.033118
0.032017
0.034127
0.037104
0.034771
0.034144
0.035521
0.031774
0.033372
0.032108
0.032584
0.035760
0.034263
0.033826
0.034729
0.033025
0.032335
0.035516
0.035740
0.035866
0.034145
0.033188
0.033548
0.033931
0.033524
0.034714
0.033107
0.033016
0.034020
0.034930
0.034487
0.033944
0.032080
0.032409
0.032683
0.032752
0.031734
0.032105
0.032375
0.032933
0.032815
0.032720
0.033546
0.032250
0.032502
0.032620
0.032844
0.031922
0.032549
0.035078
0.035095
0.032941
0.033220
0.034100
0.033571
0.032080
0.032891
0.032225
0.032779
0.032436
0.032809
0.034428
0.031726
0.033647
0.035912
0.034273
0.033101
0.033054
0.033392
0.032246
0.033352
0.032751
0.033868
0.032277
0.033520
0.033241
0.035017
0.032402
0.034404
0.033100
0.032673
0.033487
0.035511
0.033232
0.035351
0.033506
0.033981
0.033574
0.033543
0.033797
0.032730
0.032318
0.033126
0.032138
0.033096
0.033793
0.036423
0.033686
0.034676
0.033826
0.032441
0.036750
0.033352
0.034533
0.032568
0.033180
0.034333
0.034619
0.033357
0.034070
0.033775
0.032111
0.032165
0.032975
0.034210
0.032370
0.032005
0.033975
0.034160
0.032177
0.033111
0.031700
0.033432
0.032831
0.033017
0.033005
0.034936
0.032128
0.032334
0.032638
0.033758
0.033318
0.032057
0.032953
0.034218
0.033483
0.033432
0.031779
0.033131
0.031572
0.035071
0.033975
0.034794
0.034108
0.034292
0.033638
0.033955
0.033287
0.033120
0.032265
0.032775
0.033382
0.033412
0.032573
0.033127
0.034245
0.032372
0.032115
0.032451
0.032328
0.034400
0.034877
0.032374
0.032811
0.034239
0.031944
0.033198
0.032036
0.032200
0.033911
0.031440
0.033011
0.032892
0.035388
0.037768
0.033316
0.032612
0.031519
0.032044
0.032104
0.033358
0.031776
0.031767
0.033241
0.032829
0.036515
0.031856
0.033153
0.034558
0.033896
0.032538
0.035769
0.032123
0.031789
0.034194
0.032617
0.033595
0.033076
