0.126026
0.121762
0.134700
0.124699
0.124980
0.127724
0.125000
0.123492
0.119792
0.131475
0.128284
0.128513
0.118612
0.128842
0.122363
0.118466
0.128036
0.118662
0.119728
0.118889
0.122428
0.122974
0.123594
0.123947
0.123811
0.117167
0.119093
0.117044
0.126274
0.127166
0.128814
0.125037
0.121199
0.120808
0.125370
0.127837
0.125147
0.119839
0.122878
0.125784
0.126617
0.121511
0.124794
0.124043
0.131091
0.121380
0.128273
0.121358
0.124756
0.131270
0.122104
0.126099
0.120418
0.127604
0.124869
0.122550
0.127865
0.122729
0.132146
0.119479
0.123422
0.125903
0.131002
0.116957
0.123691
0.128857
0.128275
0.122731
0.127683
0.120984
0.126156
0.125505
0.130956
0.127557
0.124656
0.121333
0.125260
0.128942
0.132539
0.124447
0.119120
0.131082
0.123381
0.125038
0.118726
0.127292
0.126498
0.121834
0.122256
0.124872
0.124811
0.118333
0.131360
0.120507
0.127001
0.124458
0.125058
0.121346
0.130835
0.122260
0.118431
0.126574
0.121144
0.124674
0.117428
0.131765
0.124176
0.130051
0.126026
0.123573
0.124672
0.126459
0.120566
0.133158
0.124548
0.118491
0.125915
0.122587
0.125414
0.118143
0.122100
0.122515
0.123213
0.125152
0.122916
0.120399
0.124565
0.123386
0.122471
0.123828
0.119506
0.121520
0.118857
0.122995
0.117647
0.128336
0.124164
0.124340
0.125831
0.132262
0.127178
0.116457
0.122272
0.123147
0.121236
0.124142
0.121817
0.124789
0.124618
0.119349
0.129062
0.130311
0.125946
0.122901
0.138966
0.116879
0.120212
0.119488
0.116223
0.122455
0.121072
0.125788
0.130890
0.117513
0.120221
0.120684
0.116443
0.122251
0.120060
0.117163
0.127916
0.125368
0.123895
0.124907
0.123646
0.124118
0.125521
0.124689
0.120263
0.125582
0.117423
0.128535
0.118218
0.130144
0.126989
0.119696
0.117107
0.120911
0.122136
0.118933
0.127627
0.122603
0.122489
0.122060
0.117876
0.122035
0.125417
0.122184
0.127039
0.121733
0.133901
0.128365
0.128967
0.128102
0.119964
0.122353
0.122936
0.119825
0.129163
0.126123
0.127186
0.125249
0.121776
0.126205
0.124378
0.131321
0.127361
0.115465
0.121148
0.119542
0.123234
0.128323
0.120163
0.121847
0.124104
0.135148
0.119065
0.121120
0.118715
0.120061
0.118354
0.120385
0.130697
0.122153
0.123694
0.124359
0.120241
0.115550
0.120282
0.128124
0.118644
0.131909
0.116607
0.123022
0.124716
0.123148
0.131653
0.125038
0.122984
0.123300
0.123727
0.124459
0.125057
0.120684
0.113865
0.123249
0.127530
0.123793
0.119696
0.120265
0.116431
0.120561
0.123810
0.122689
0.118182
0.124289
0.134345
0.121403
0.130623
0.123451
0.128509
0.116357
0.124829
0.124390
0.130684
0.127106
0.118292
0.120946
0.125754
0.118315
0.133486
0.129185
0.128543
0.116487
0.120086
0.124943
0.114974
0.125132
0.118174
0.120484
0.118413
0.122557
0.121347
0.126126
0.119862
0.115866
0.126787
0.119285
0.124869
0.123035
0.134049
0.124388
0.123596
0.121690
0.125261
0.127802
0.119752
0.128028
0.128774
0.118458
0.129480
0.126144
0.128291
0.118872
0.120182
0.121284
0.119988
0.127182
0.133012
0.127106
0.128109
0.117975
0.126463
0.122650
0.135282
0.119804
0.125460
0.121901
0.124868
0.124466
0.127751
0.120999
0.125822
0.118038
0.123615
0.122740
0.124755
0.124434
0.119139
0.122002
0.121297
0.121184
0.119351
0.124260
0.123604
0.129721
0.121736
0.120930
0.125112
0.119410
0.132822
0.125824
0.122061
0.118235
0.124677
0.120992
0.120212
0.128884
0.125132
0.122584
0.127527
0.126393
0.123834
0.124301
0.122020
0.127643
0.125959
0.124150
0.127506
0.125558
0.122104
0.121331
0.124632
0.127931
0.122538
0.128548
0.124476
0.123848
0.129747
0.125513
0.125150
0.130455
0.120469
0.127607
0.120475
0.130032
0.132669
0.123008
0.124944
0.120342
0.128722
0.123438
0.125897
0.121632
0.130556
0.126377
0.123757
0.128142
0.123137
0.125819
0.129952
0.123427
0.124658
0.129376
0.115974
0.123033
0.124238
0.118405
0.127519
0.116231
0.124700
0.124070
0.131734
0.125000
0.114744
0.124635
0.117596
0.124612
0.128268
0.127814
0.117725
0.125420
0.129161
0.119287
0.129329
0.124521
0.122422
0.123008
0.126383
0.119951
0.133633
0.115640
0.117577
0.130583
0.122789
0.125424
0.122699
0.129660
0.119556
0.120090
0.124184
0.135468
0.119658
0.124341
0.116967
0.129284
0.116016
0.130073
0.122396
0.124943
0.121239
0.115501
0.123901
0.127686
0.113277
0.123399
0.117055
0.123119
0.129708
0.136220
0.124885
0.124888
0.130835
0.125649
0.123520
0.122185
0.121388
0.127464
0.126349
0.123337
0.128815
0.120471
0.125424
0.122519
0.123932
0.122036
0.124569
0.124799
0.115435
0.128602
0.123007
0.122900
0.125133
0.133436
0.127688
0.126336
0.127704
0.128783
0.123705
0.120558
0.119835
0.128861
0.129336
0.121483
0.124329
0.122089
0.120078
0.128269
0.122072
0.130507
0.116176
0.118622
0.124650
0.118319
0.124263
0.122344
0.130898
0.116391
0.121966
0.129314
0.130531
0.128403
0.121668
0.119364
0.121866
0.121526
0.118654
0.125957
0.115767
0.122437
0.125548
0.131611
0.128290
0.121338
0.125226
0.118263
0.126626
0.127072
0.125848
0.126513
0.118276
0.125658
0.120807
0.129539
0.118758
0.122016
0.123782
0.125378
0.127605
0.119886
0.129062
0.118652
0.116363
0.128828
0.124132
0.125901
0.118865
0.126613
0.131760
0.133637
0.126943
0.120411
0.117155
0.124597
0.126199
0.129938
0.120882
0.113244
0.124432
0.133584
0.127643
0.123541
0.111669
0.120862
0.124275
0.131648
0.129071
0.124682
0.125920
0.126656
0.124621
0.124451
0.131107
0.125827
0.122673
0.123716
0.128478
0.125037
0.126859
0.120491
0.123319
0.122568
0.113158
0.117340
0.115026
0.132541
0.119831
0.123739
0.122855
0.125968
0.116699
0.124083
0.126419
0.121276
0.127415
0.126247
0.129317
0.125563
0.126044
0.119334
0.131407
0.120876
0.114494
0.118009
0.126647
0.126921
0.120096
0.124105
0.123700
0.125497
0.129012
0.122229
0.120439
0.124427
0.128339
0.126039
0.131030
0.116861
0.120695
0.115181
0.121872
0.117046
0.124945
0.127519
0.130050
0.127916
0.126900
0.115200
0.122061
0.124793
0.127084
0.132685
0.126244
0.126281
0.131319
0.120830
0.122020
0.128307
0.118395
0.122515
0.124049
0.118866
0.127574
0.121991
0.127535
0.123086
0.120989
0.120897
0.118067
0.130021
0.121111
0.121803
0.120829
0.117560
0.117121
0.122428
0.125616
0.124690
0.128698
0.111160
0.126994
0.120990
0.119774
0.124585
0.119172
0.118210
0.117370
0.127751
0.128127
0.120581
0.122207
0.119848
0.128634
0.121454
0.123298
0.127026
0.120196
0.125266
0.120194
0.122400
0.124233
0.123281
0.121375
0.123979
0.129042
0.125963
0.121114
0.128569
0.121855
0.127311
0.125132
0.118822
0.126381
0.121660
0.126778
0.125759
0.121857
0.126361
0.126632
0.126343
0.123065
0.120703
0.116691
0.120482
0.128143
0.120513
0.119928
0.124848
0.123944
0.125261
0.121750
0.133231
0.119657
0.133810
0.123091
0.121921
0.121984
0.121674
0.117988
0.129234
0.124036
0.126934
0.121612
0.127300
0.125154
0.126374
0.123128
0.124692
0.119352
0.119868
0.128571
0.115066
0.122436
0.125792
0.126425
0.126245
0.124942
0.125866
0.120527
0.123116
0.121554
0.128261
0.113967
0.124728
0.117211
0.129860
0.123899
0.120771
0.119435
0.121180
0.123079
0.131008
0.122889
0.123298
0.119957
0.123302
0.127438
0.123707
0.125624
0.121712
0.119947
0.129999
0.122613
0.125524
0.128490
0.118843
0.123261
0.129056
0.118634
0.122077
0.116630
0.132027
0.120275
0.121064
0.123261
0.120511
0.123671
0.123726
0.118923
0.120121
0.121589
0.120919
0.122044
0.122643
0.117850
0.126345
0.126518
0.127565
0.126631
0.133313
0.129367
0.123681
0.123692
0.121276
0.126093
0.122755
0.124697
0.126447
0.122440
0.128380
0.123937
0.132360
0.122344
0.121280
0.121880
0.118236
0.118118
0.119678
0.122491
0.126476
0.130041
0.118190
0.124316
0.122252
0.127921
0.124154
0.126682
0.116317
0.124484
0.128453
0.119771
0.119718
0.124396
0.122423
0.130582
0.120943
0.121418
0.115845
0.122339
0.125326
0.125367
0.124491
0.124012
0.118787
0.122756
0.130934
0.119557
0.118498
0.124339
0.124293
0.124223
0.122788
0.120646
0.121086
0.121517
0.123509
0.119284
0.129179
0.115855
0.121907
0.124662
0.125583
0.130109
0.128353
0.123989
0.125649
0.118928
0.128636
0.128169
0.122369
0.121447
0.121609
0.123993
0.127595
0.121926
0.127454
0.118087
0.115071
0.128594
0.121867
0.120031
0.126960
0.123908
0.116920
0.115470
0.134081
0.115653
0.126632
0.123270
0.126233
0.127754
0.130897
0.118954
0.127427
0.128731
0.128779
0.121936
0.133651
0.121289
0.123052
0.124675
0.117499
0.122267
0.126008
0.129715
0.124535
0.130228
0.122591
0.116961
0.127043
0.124302
0.127593
0.127861
0.124884
0.121373
0.125697
0.128213
0.124531
0.122171
0.122296
0.122762
0.132040
0.124270
0.135306
0.119750
0.125528
0.116341
0.128746
0.127630
0.118005
0.119044
0.127433
0.120043
0.134823
0.120979
0.122222
0.122332
0.120251
0.126376
0.126477
0.118998
0.129542
0.120142
0.131209
0.117425
0.122640
0.126516
0.126663
0.125441
0.126242
0.121854
0.127699
0.121973
0.119976
0.126274
0.112371
0.121707
0.120559
0.120859
0.126314
0.123910
0.121043
0.125782
0.127075
0.126739
0.124068
0.130916
0.128405
0.120491
0.117075
0.127094
0.124199
0.128403
0.130315
0.125949
0.124577
0.132973
0.118873
0.133456
0.124962
0.123296
0.115446
0.127156
0.123988
0.122236
0.126692
0.128151
0.125536
0.119091
0.124904
0.120366
0.127676
0.128629
0.126240
0.129888
0.122867
0.125172
0.123534
0.126775
0.120252
0.121294
0.126555
0.126736
0.120478
0.129755
0.120426
0.126321
0.126893
0.123473
0.126727
