0.265280
0.257536
0.276992
0.212096
0.258752
0.315008
0.254848
0.258368
0.198592
0.269248
0.216960
0.276608
0.256640
0.223936
0.225664
0.221632
0.250048
0.199296
0.210240
0.221440
0.236352
0.217344
0.272448
0.258432
0.245632
0.164224
0.286336
0.171392
0.213184
0.247040
0.210560
0.237888
0.289664
0.218624
0.248960
0.293120
0.177600
0.173248
0.276672
0.214336
0.275648
0.187072
0.188032
0.223616
0.233280
0.291392
0.136640
0.201088
0.174848
0.250560
0.270080
0.122880
0.253440
0.255808
0.206144
0.257472
0.176768
0.205248
0.231296
0.246720
0.247808
0.275200
0.245120
0.204096
0.300608
0.255040
0.284160
0.225728
0.203520
0.202048
0.245120
0.180288
0.289024
0.248640
0.175552
0.229056
0.296064
0.244608
0.273664
0.270464
0.231232
0.245440
0.231744
0.203136
0.245440
0.232000
0.218752
0.259968
0.230208
0.175872
0.237824
0.284864
0.299584
0.203520
0.256448
0.262784
0.234688
0.205632
0.260672
0.172160
0.264832
0.270464
0.264896
0.187520
0.260352
0.215936
0.208064
0.225344
0.212480
0.256128
0.256704
0.210752
0.235968
0.281216
0.275648
0.241920
0.297152
0.275392
0.224768
0.301952
0.231104
0.231104
0.273728
0.177856
0.249024
0.183872
0.269568
0.226688
0.228864
0.270144
0.211904
0.295808
0.258176
0.214784
0.272576
0.237760
0.275264
0.239232
0.236864
0.164736
0.238912
0.286720
0.201472
0.262976
0.231360
0.266240
0.255936
0.312192
0.244928
0.219840
0.202944
0.209856
0.227712
0.258688
0.233728
0.287168
0.240064
0.193024
0.269696
0.247296
0.214144
0.238400
0.219776
0.250112
0.201344
0.254400
0.242240
0.239232
0.269632
0.272704
0.268224
0.236544
0.245824
0.271360
0.177856
0.225024
0.302784
0.220416
0.184192
0.294528
0.278976
0.216384
0.152256
0.210752
0.235904
0.222912
0.215872
0.241856
0.222336
0.252096
0.219520
0.217344
0.225024
0.230144
0.258304
0.216000
0.270592
0.212928
0.226176
0.202496
0.270272
0.240448
0.192256
0.198912
0.209152
0.239040
0.217472
0.206400
0.206272
0.234944
0.221760
0.214336
0.215040
0.293120
0.220544
0.214784
0.268800
0.202176
0.121536
0.264768
0.249536
0.259904
0.230016
0.270272
0.263552
0.246400
0.267392
0.243776
0.279680
0.197696
0.173440
0.245632
0.259648
0.280832
0.208320
0.274368
0.265024
0.217152
0.207488
0.240768
0.238272
0.238912
0.243072
0.202304
0.253312
0.244928
0.218560
0.171968
0.240128
0.256128
0.291392
0.261248
0.221760
0.210816
0.241600
0.241344
0.219776
0.219904
0.227008
0.271488
0.269376
0.164160
0.279296
0.268544
0.252224
0.262272
0.264896
0.276160
0.252288
0.246784
0.223616
0.219968
0.219584
0.266496
0.194816
0.242688
0.249088
0.247296
0.225664
0.297280
0.258880
0.276992
0.230016
0.272960
0.209088
0.282240
0.244800
0.225920
0.227008
0.261952
0.236672
0.255040
0.203456
0.233472
0.173312
0.291968
0.261440
0.223808
0.272512
0.290816
0.251200
0.261120
0.233280
0.252672
0.182080
0.219520
0.261568
0.226432
0.260736
0.210304
0.227072
0.208000
0.257536
0.224704
0.291584
0.208768
0.196352
0.209600
0.240896
0.283712
0.230656
0.250496
0.272192
0.258816
0.207040
0.235776
0.241024
0.228736
0.260800
0.238016
0.226496
0.160960
0.225600
0.207360
0.164032
0.210048
0.226944
0.255104
0.241088
0.218944
0.165632
0.245568
0.246848
0.217856
0.225152
0.268672
0.195264
0.195392
0.243968
0.189760
0.216448
0.213568
0.226368
0.262848
0.212352
0.189312
0.220672
0.274112
0.257920
0.282304
0.213824
0.263360
0.244928
0.221824
0.272256
0.236672
0.264064
0.261568
0.257152
0.273088
0.203008
0.238208
0.246464
0.224192
0.215552
0.232192
0.233024
0.241280
0.236672
0.227392
0.240512
0.196160
0.233856
0.211136
0.256768
0.246336
0.217344
0.228160
0.248384
0.214976
0.231872
0.231296
0.262912
0.272192
0.235840
0.247424
0.228928
0.243392
0.238016
0.236736
0.266304
0.182080
0.155904
0.245376
0.242304
0.253440
0.241280
0.231104
0.231104
0.229632
0.260672
0.225600
0.237504
0.225472
0.231360
0.194304
0.267264
0.241088
0.228992
0.235008
0.197248
0.239552
0.207744
0.263104
0.250112
0.281728
0.172224
0.252288
0.213952
0.238144
0.211328
0.258496
0.269056
0.194112
0.230848
0.257024
0.247360
0.269120
0.232960
0.241024
0.238016
0.243008
0.230144
0.279936
0.149632
0.191168
0.229184
0.265024
0.236096
0.186176
0.286976
0.254720
0.240256
0.262784
0.266176
0.235328
0.195776
0.199552
0.180928
0.228544
0.248768
0.159936
0.254656
0.257408
0.178944
0.294464
0.250944
0.263872
0.175552
0.255680
0.241792
0.221888
0.229952
0.220032
0.217152
0.290688
0.173184
0.222784
0.250880
0.271296
0.219904
0.210496
0.233408
0.235392
0.269440
0.255040
0.273920
0.259520
0.166400
0.241280
0.289728
0.279552
0.235328
0.215232
0.175936
0.234560
0.248640
0.269824
0.253760
0.227392
0.281280
0.224000
0.250880
0.208832
0.222528
0.201216
0.242112
0.272384
0.261120
0.173824
0.203584
0.238720
0.233792
0.190784
0.276416
0.251264
0.198528
0.245440
0.235840
0.214464
0.219392
0.224128
0.263424
0.270528
0.259968
0.239040
0.210304
0.266880
0.173120
0.201088
0.212288
0.209472
0.240832
0.175680
0.193472
0.206656
0.248064
0.226240
0.214336
0.269824
0.236032
0.249024
0.255232
0.251776
0.251200
0.225856
0.195968
0.246784
0.238528
0.187392
0.198336
0.267584
0.242560
0.193408
0.207168
0.274112
0.257792
0.231488
0.233664
0.209472
0.183488
0.198656
0.210496
0.244224
0.247168
0.268288
0.281664
0.283072
0.275968
0.262784
0.266752
0.287616
0.257280
0.184064
0.270848
0.280768
0.280000
0.264512
0.271680
0.227072
0.210176
0.243136
0.207616
0.167616
0.274624
0.189248
0.208832
0.232192
0.277184
0.221184
0.225472
0.247552
0.224192
0.245568
0.235840
0.270336
0.190848
0.257024
0.213568
0.256896
0.286976
0.177536
0.231488
0.248704
0.236352
0.236928
0.203072
0.219136
0.272192
0.257152
0.213504
0.206656
0.267712
0.282688
0.252096
0.282368
0.229248
0.268416
0.202112
0.207232
0.248256
0.207488
0.222080
0.229248
0.258688
0.212160
0.251136
0.236992
0.258880
0.254848
0.239552
0.269440
0.208000
0.244672
0.244992
0.229056
0.275712
0.182720
0.222656
0.226176
0.238848
0.233472
0.230336
0.215040
0.206080
0.199872
0.250496
0.271232
0.220672
0.250496
0.248384
0.206528
0.203648
0.194880
0.226176
0.275904
0.216384
0.232064
0.256896
0.212032
0.168576
0.257536
0.255872
0.247168
0.215936
0.261760
0.238336
0.194560
0.264512
0.231488
0.266752
0.200064
0.223168
0.250560
0.247296
0.198272
0.175488
0.256768
0.231424
0.250944
0.227328
0.234944
0.198144
0.262464
0.268096
0.251072
0.252608
0.252416
0.278848
0.268032
0.211456
0.297152
0.264512
0.267840
0.249792
0.212224
0.199552
0.249024
0.220928
0.207552
0.240512
0.171328
0.236800
0.207232
0.208960
0.227904
0.246784
0.249856
0.213696
0.233664
0.233600
0.241344
0.245760
0.180800
0.197184
0.273600
0.266432
0.224768
0.229760
0.258368
0.186752
0.259648
0.243456
0.240576
0.200192
0.223296
0.276864
0.211520
0.279808
0.273088
0.243520
0.299712
0.244288
0.218432
0.272576
0.301376
0.284416
0.207360
0.237248
0.228096
0.260480
0.291456
0.184448
0.227008
0.229184
0.271488
0.214144
0.236096
0.193600
0.194304
0.277888
0.190720
0.189184
0.244864
0.252224
0.227264
0.254464
0.217024
0.210944
0.249408
0.189248
0.258432
0.248832
0.241920
0.186560
0.255680
0.281920
0.243776
0.256768
0.207872
0.219712
0.270976
0.193024
0.303040
0.227840
0.234496
0.299584
0.251072
0.236288
0.235584
0.251648
0.229248
0.231616
0.251200
0.252416
0.259712
0.244864
0.179264
0.153024
0.239296
0.259968
0.222208
0.232192
0.278784
0.203072
0.263872
0.228032
0.234048
0.260736
0.199808
0.195456
0.252544
0.199936
0.212992
0.177408
0.214080
0.193600
0.276864
0.257280
0.257728
0.246144
0.241344
0.244480
0.183488
0.203200
0.268288
0.199936
0.296256
0.205376
0.244096
0.221312
0.236672
0.234752
0.296128
0.219712
0.242304
0.226944
0.231104
0.237696
0.239744
0.253120
0.267264
0.235328
0.232512
0.283776
0.268544
0.264576
0.250048
0.237504
0.288768
0.208640
0.175360
0.262208
0.271040
0.266944
0.213952
0.222720
0.245824
0.275712
0.227072
0.259712
0.164736
0.303040
0.204032
0.253696
0.232256
0.228608
0.233152
0.224448
0.196160
0.190528
0.247488
0.178304
0.235008
0.246336
0.232832
0.196608
0.233088
0.179968
0.237824
0.246144
0.265216
0.237120
0.206912
0.232960
0.229824
0.193472
0.261504
0.246656
0.257344
0.277312
0.231232
0.218816
0.189760
0.237184
0.217728
0.254592
0.226880
0.245312
0.225664
0.239936
0.206784
0.211136
0.240384
0.281984
0.230144
0.197760
0.197952
0.238464
0.258112
0.253120
0.212160
0.217472
0.235520
0.212224
0.243136
0.249024
0.250624
0.205952
0.217664
0.231808
0.213632
0.187968
0.189376
0.216064
0.196800
0.276032
0.227264
0.241600
0.264320
0.268416
0.256000
0.259008
0.284672
0.255424
0.237248
0.254016
0.289088
0.231424
0.160832
0.274304
0.244416
0.121664
0.257536
0.178880
0.253504
0.228352
0.235072
0.266112
0.224768
0.232640
0.184896
0.224960
0.257920
0.232000
0.299648
0.235264
0.220224
0.239872
0.248960
0.205440
0.262592
0.275584
0.266432
0.293248
0.234432
0.244288
0.214528
0.198272
0.260672
0.272384
0.215232
0.265088
0.237824
0.223488
0.290944
0.253952
0.177664
0.211392
0.214720
0.175552
0.252160
0.240000
0.222464
0.259200
0.232448
0.184896
0.188544
0.161152
0.252480
0.172608
0.201664
0.278272
0.236800
0.225344
0.221056
0.254336
0.221760
0.262336
0.262144
0.194176
0.292352
0.258304
0.202176
0.272640
0.265408
0.276800
0.191488
0.254656
0.265792
