0.413376
0.419968
0.409088
0.424960
0.409152
0.425920
0.429568
0.429632
0.430080
0.420096
0.414080
0.405376
0.440832
0.412288
0.424704
0.432192
0.408384
0.422848
0.432448
0.433344
0.426048
0.430400
0.426688
0.425472
0.430592
0.439168
0.432064
0.418304
0.420672
0.424768
0.406912
0.428928
0.431424
0.437056
0.432896
0.423040
0.434688
0.412288
0.429696
0.428416
0.420544
0.421888
0.426688
0.426176
0.407168
0.426560
0.413120
0.439296
0.425792
0.419776
0.419840
0.422272
0.422528
0.417792
0.426944
0.414656
0.410432
0.415616
0.413120
0.437632
0.425728
0.416320
0.411840
0.441600
0.427904
0.412736
0.422592
0.426560
0.408512
0.424256
0.422080
0.411520
0.421760
0.425472
0.418944
0.416704
0.430208
0.413952
0.419136
0.419648
0.421760
0.416960
0.414976
0.424320
0.436096
0.418816
0.421952
0.424448
0.419840
0.436160
0.422528
0.439168
0.415104
0.429120
0.419776
0.428352
0.412992
0.435648
0.409920
0.429248
0.417728
0.411584
0.425280
0.416832
0.428928
0.416256
0.417472
0.427648
0.436736
0.420544
0.414272
0.422080
0.411392
0.413824
0.424448
0.432640
0.419840
0.424448
0.425600
0.424704
0.419328
0.434624
0.425408
0.420352
0.422272
0.429504
0.422848
0.426368
0.423808
0.423296
0.425216
0.416064
0.423232
0.406912
0.441728
0.412416
0.421120
0.424128
0.423680
0.414208
0.429760
0.427008
0.413504
0.418880
0.410176
0.428928
0.419776
0.416960
0.418560
0.424704
0.415552
0.405184
0.422784
0.419200
0.415872
0.431488
0.434432
0.439744
0.428416
0.433792
0.429760
0.416192
0.415616
0.422080
0.416832
0.422656
0.434752
0.416192
0.424320
0.427712
0.425280
0.412992
0.412736
0.427840
0.425472
0.426432
0.429824
0.411648
0.428928
0.426048
0.419136
0.427712
0.435264
0.421440
0.414272
0.446464
0.418624
0.438272
0.430208
0.427264
0.423232
0.423872
0.420608
0.429952
0.426752
0.428992
0.422016
0.428992
0.423680
0.428480
0.413440
0.420800
0.411392
0.415168
0.432128
0.420032
0.426368
0.423552
0.409280
0.427264
0.431744
0.416960
0.419392
0.411776
0.437376
0.411328
0.423616
0.427904
0.425792
0.419200
0.421184
0.416448
0.423424
0.421248
0.419776
0.409152
0.430016
0.420608
0.426432
0.421120
0.426112
0.431680
0.424064
0.418624
0.422720
0.424064
0.425280
0.430912
0.417152
0.404608
0.430464
0.413376
0.430848
0.428672
0.422336
0.431872
0.408832
0.423296
0.424640
0.423552
0.433472
0.428864
0.424256
0.426368
0.426048
0.429440
0.420544
0.411008
0.420800
0.425728
0.430400
0.419904
0.430080
0.429312
0.422400
0.427392
0.413504
0.415936
0.414016
0.423552
0.426304
0.437824
0.420416
0.419840
0.423616
0.417920
0.431744
0.422272
0.424448
0.428416
0.418560
0.418624
0.413248
0.428544
0.415168
0.420032
0.419712
0.425024
0.443008
0.428672
0.432384
0.422464
0.431424
0.412032
0.426624
0.424768
0.416448
0.422784
0.428992
0.427584
0.417280
0.418304
0.427200
0.430208
0.429184
0.411136
0.423808
0.406912
0.415488
0.431680
0.410752
0.419584
0.418048
0.424256
0.421760
0.432704
0.422976
0.425216
0.425344
0.425472
0.424640
0.424768
0.421056
0.422144
0.411584
0.431104
0.417280
0.431040
0.424384
0.419584
0.418816
0.417856
0.418624
0.433216
0.439040
0.417664
0.424768
0.423808
0.431360
0.432256
0.410496
0.419328
0.426304
0.421824
0.429760
0.413440
0.421632
0.426560
0.428160
0.429312
0.400896
0.427264
0.413696
0.416256
0.420416
0.431104
0.422720
0.418112
0.424000
0.417152
0.430592
0.419264
0.418624
0.423744
0.432192
0.420672
0.417152
0.423744
0.424640
0.430208
0.419840
0.425152
0.434944
0.425728
0.425664
0.426176
0.427264
0.423744
0.412864
0.420672
0.428032
0.416512
0.425536
0.411264
0.420736
0.414912
0.417280
0.413632
0.428224
0.434496
0.419136
0.414784
0.410240
0.420416
0.411776
0.418304
0.418368
0.417536
0.425152
0.420160
0.415168
0.422080
0.421504
0.420480
0.438720
0.422912
0.419840
0.427008
0.425600
0.430592
0.426496
0.421440
0.402752
0.420864
0.418880
0.416960
0.439744
0.411904
0.418624
0.423616
0.433280
0.418944
0.417216
0.427072
0.410240
0.417856
0.428160
0.413632
0.410688
0.419904
0.412352
0.414528
0.432192
0.412672
0.430528
0.414848
0.427712
0.427456
0.437888
0.426880
0.411776
0.415744
0.434304
0.424640
0.426240
0.418304
0.424768
0.414784
0.417792
0.419520
0.429696
0.445504
0.414784
0.414016
0.433344
0.424768
0.419904
0.421056
0.421376
0.404992
0.416640
0.429952
0.416768
0.419200
0.421760
0.420608
0.429696
0.418752
0.409280
0.423424
0.408896
0.418624
0.414848
0.428864
0.434304
0.423744
0.408448
0.436928
0.444096
0.417536
0.409472
0.422848
0.421952
0.415360
0.425536
0.425024
0.428992
0.406016
0.420096
0.417792
0.435264
0.410240
0.407744
0.423040
0.417472
0.420416
0.424256
0.411136
0.426240
0.421248
0.432448
0.432704
0.434368
0.437056
0.412544
0.433664
0.408256
0.437696
0.421888
0.424640
0.403520
0.423168
0.429760
0.418752
0.439040
0.432896
0.426112
0.426304
0.424576
0.424448
0.423104
0.418688
0.425536
0.430400
0.425216
0.427520
0.408384
0.417024
0.405824
0.433536
0.424768
0.425792
0.431232
0.419456
0.437056
0.410176
0.427072
0.423680
0.426816
0.427072
0.417536
0.430976
0.427904
0.424256
0.433088
0.417344
0.426432
0.421568
0.417728
0.407552
0.424000
0.442752
0.428288
0.417088
0.420416
0.403392
0.429376
0.430080
0.422272
0.409152
0.417664
0.422208
0.433280
0.415680
0.408384
0.415168
0.424448
0.428096
0.425920
0.415360
0.421632
0.407808
0.413952
0.416064
0.426240
0.411264
0.409472
0.428416
0.421760
0.422272
0.423488
0.417728
0.437760
0.429248
0.439552
0.420096
0.439552
0.412224
0.421440
0.421696
0.432704
0.427584
0.422720
0.427456
0.417408
0.423296
0.420672
0.426112
0.406208
0.426368
0.420800
0.420928
0.430976
0.416512
0.422464
0.416512
0.425792
0.429056
0.418560
0.418176
0.416704
0.409984
0.431488
0.433088
0.416896
0.415872
0.401984
0.416768
0.423680
0.422848
0.414336
0.432512
0.432832
0.425600
0.419776
0.408768
0.421120
0.427776
0.424704
0.424128
0.418496
0.408064
0.430912
0.412032
0.427904
0.416320
0.432192
0.418496
0.427584
0.418432
0.420480
0.435584
0.413376
0.435968
0.416512
0.418048
0.416832
0.425088
0.421184
0.417408
0.440192
0.432960
0.410496
0.432256
0.436608
0.432320
0.415744
0.412672
0.413248
0.435840
0.417280
0.426880
0.430144
0.424320
0.429632
0.427712
0.434048
0.418816
0.419584
0.427264
0.432576
0.420800
0.420416
0.424192
0.423040
0.414656
0.431296
0.420992
0.422784
0.427712
0.427584
0.423616
0.417088
0.423296
0.417600
0.423744
0.436480
0.410176
0.440128
0.422272
0.425024
0.432512
0.422848
0.433472
0.418496
0.421376
0.430144
0.417344
0.421504
0.416896
0.421760
0.418880
0.433280
0.424960
0.422528
0.419008
0.427456
0.419840
0.416704
0.428672
0.425792
0.416000
0.410240
0.403200
0.423232
0.415744
0.424448
0.428160
0.430144
0.419456
0.423104
0.426048
0.427328
0.424320
0.415744
0.419328
0.427264
0.415232
0.430592
0.427136
0.421120
0.433280
0.418176
0.424320
0.421184
0.430400
0.410816
0.415936
0.427456
0.424704
0.431744
0.409664
0.430720
0.412032
0.440640
0.426304
0.421504
0.435072
0.421184
0.418816
0.428992
0.412800
0.424448
0.427712
0.420416
0.414720
0.423360
0.426816
0.423360
0.423296
0.433792
0.427328
0.429056
0.427776
0.426368
0.424896
0.423168
0.427968
0.434816
0.421504
0.436800
0.421248
0.418240
0.430848
0.423168
0.425920
0.427456
0.414336
0.439680
0.444352
0.426880
0.437184
0.419520
0.431040
0.427392
0.410304
0.426944
0.402368
0.411904
0.415744
0.419520
0.430528
0.409792
0.427456
0.431936
0.431168
0.421888
0.414528
0.431232
0.421248
0.436352
0.403264
0.436800
0.425856
0.435840
0.428160
0.431296
0.429952
0.430528
0.417472
0.417344
0.422912
0.432448
0.425088
0.421760
0.416000
0.423360
0.433024
0.418496
0.417024
0.425344
0.418048
0.423936
0.409856
0.417088
0.418048
0.424320
0.438656
0.414848
0.417216
0.414528
0.424640
0.421120
0.426176
0.417088
0.407168
0.433600
0.429376
0.423616
0.418624
0.421952
0.419584
0.428096
0.431296
0.413440
0.434752
0.425472
0.407744
0.434752
0.418944
0.426112
0.425536
0.418112
0.410368
0.411392
0.419200
0.420288
0.411456
0.411456
0.425728
0.430016
0.415232
0.428928
0.422336
0.429376
0.423808
0.410816
0.431040
0.414080
0.423808
0.418560
0.416384
0.410112
0.424768
0.433984
0.416704
0.439936
0.421504
0.434560
0.421824
0.418304
0.415104
0.423424
0.421888
0.418112
0.423424
0.420416
0.416128
0.426880
0.427008
0.417856
0.430848
0.430272
0.420544
0.417408
0.413184
0.417728
0.415040
0.416960
0.430720
0.424256
0.410304
0.424960
0.414080
0.421312
0.412928
0.413312
0.426560
0.412800
0.417088
0.425408
0.409088
0.416640
0.415296
0.419008
0.424192
0.432384
0.433472
0.413696
0.431168
0.439232
0.407808
0.414784
0.415360
0.423744
0.414720
0.425856
0.427904
0.424384
0.406336
0.431872
0.420928
0.433088
0.423872
0.424576
0.423744
0.416832
0.423424
0.416832
0.412160
0.432256
0.411968
0.428160
0.426752
0.420672
0.434560
0.427520
0.430528
0.423104
0.426112
0.418368
0.424576
0.419264
0.412480
0.418624
0.420416
0.416512
0.418176
0.432896
0.434048
0.424000
0.419456
0.423168
0.418432
0.413120
0.415616
0.414400
0.426944
0.418176
0.423040
0.427200
0.439616
0.419264
0.419136
0.422528
0.420800
0.421504
0.417536
0.419712
0.418624
0.433344
0.415552
0.425408
0.425856
0.412416
0.427648
0.419776
0.420160
0.437184
0.426304
0.425280
0.421760
0.405504
0.428160
0.417280
0.426752
0.411904
0.414080
0.429696
0.430784
