0.029947
0.028188
0.027563
0.027742
0.028849
0.027990
0.029241
0.027501
0.028300
0.027480
0.027567
0.027053
0.027766
0.027332
0.028533
0.028212
0.027240
0.027983
0.028819
0.029065
0.029319
0.027440
0.028877
0.028788
0.026932
0.026831
0.027796
0.027038
0.028973
0.028877
0.030175
0.027027
0.028050
0.029596
0.027123
0.028000
0.027320
0.028259
0.029411
0.027543
0.028061
0.030149
0.030163
0.029279
0.029973
0.027387
0.028071
0.028789
0.027181
0.028345
0.027502
0.028219
0.028802
0.030219
0.028278
0.028230
0.029642
0.028314
0.029262
0.028572
0.028081
0.029157
0.028287
0.028205
0.028559
0.028135
0.028988
0.027601
0.030038
0.027673
0.029336
0.028204
0.027610
0.029776
0.028671
0.028739
0.028624
0.028544
0.029828
0.027907
0.028585
0.028964
0.028838
0.028591
0.027909
0.027716
0.029439
0.028626
0.030433
0.028578
0.029138
0.027166
0.028151
0.028952
0.028857
0.029607
0.028278
0.026073
0.028622
0.029642
0.030557
0.028602
0.028664
0.027199
0.028767
0.027672
0.029192
0.029400
0.028356
0.027863
0.028715
0.030193
0.029786
0.028165
0.028159
0.027784
0.029763
0.028957
0.027951
0.027875
0.028641
0.027996
0.029786
0.028216
0.028502
0.028252
0.029114
0.031474
0.029347
0.028759
0.028387
0.029207
0.029370
0.027344
0.028877
0.029867
0.028344
0.029694
0.029976
0.027524
0.028674
0.028429
0.028243
0.029034
0.029035
0.028421
0.028172
0.028743
0.028032
0.028055
0.026634
0.027395
0.028097
0.027353
0.029305
0.029678
0.028667
0.029381
0.027824
0.029126
0.027719
0.029167
0.029860
0.027963
0.029961
0.028723
0.028733
0.028936
0.028331
0.029453
0.029796
0.029888
0.028228
0.027822
0.027175
0.029666
0.030010
0.027059
0.028070
0.030127
0.028502
0.029045
0.029284
0.028594
0.028343
0.029355
0.029176
0.028067
0.030358
0.028086
0.026792
0.028307
0.030443
0.030763
0.030281
0.029079
0.027762
0.027887
0.029680
0.028194
0.028966
0.027541
0.028851
0.027767
0.028367
0.027594
0.030249
0.028975
0.027078
0.028697
0.027689
0.028466
0.028607
0.027408
0.028667
0.027285
0.028072
0.029159
0.029708
0.028088
0.027770
0.028521
0.031036
0.028581
0.028661
0.027485
0.029220
0.027165
0.027916
0.029040
0.030701
0.031269
0.028295
0.028200
0.029301
0.028192
0.028703
0.027804
0.029198
0.028138
0.028140
0.028899
0.028117
0.027503
0.027696
0.028312
0.030186
0.026434
0.027057
0.028007
0.029644
0.029487
0.026692
0.028026
0.030367
0.028114
0.028847
0.028180
0.028354
0.031092
0.028311
0.028071
0.028873
0.027238
0.028448
0.028222
0.030907
0.027691
0.028291
0.028000
0.027858
0.029775
0.028086
0.028323
0.027760
0.028327
0.028771
0.029985
0.027793
0.028551
0.029154
0.030317
0.027613
0.029069
0.027371
0.027965
0.029869
0.027465
0.029831
0.029095
0.027877
0.029290
0.029176
0.029141
0.028692
0.029134
0.027923
0.030179
0.028905
0.028555
0.027984
0.029658
0.027808
0.028799
0.028337
0.028885
0.029019
0.027964
0.027691
0.028789
0.027788
0.028259
0.028587
0.030128
0.028412
0.027157
0.027409
0.026563
0.028562
0.028829
0.027924
0.030034
0.028148
0.030680
0.028670
0.030111
0.030646
0.027335
0.028426
0.028698
0.028912
0.028095
0.027848
0.029220
0.027429
0.028331
0.029109
0.027729
0.029476
0.029648
0.028546
0.027714
0.027249
0.029159
0.028137
0.028797
0.027186
0.026805
0.029598
0.026885
0.027338
0.028609
0.027228
0.028441
0.027208
0.027950
0.028213
0.028983
0.028562
0.031237
0.027800
0.028949
0.027715
0.029085
0.028935
0.029695
0.028158
0.029035
0.029102
0.029318
0.030702
0.027689
0.029137
0.029472
0.029423
0.029773
0.029064
0.027614
0.027671
0.028412
0.030897
0.028762
0.028792
0.028156
0.030227
0.028630
0.028085
0.030818
0.030256
0.030453
0.030705
0.030643
0.030570
0.031244
0.032056
0.030793
0.032532
0.030780
0.031017
0.032112
0.033238
0.030636
0.029944
0.030422
0.029783
0.030582
0.030488
0.029674
0.030672
0.030446
0.030563
0.030311
0.030731
0.030684
0.029343
0.030403
0.030561
0.031405
0.029424
0.030787
0.029776
0.030493
0.030906
0.031207
0.031035
0.030992
0.030062
0.030944
0.030172
0.030729
0.031434
0.032437
0.029609
0.030376
0.030734
0.030805
0.029853
0.030785
0.030583
0.030312
0.030099
0.030222
0.030017
0.029976
0.029574
0.030478
0.030607
0.030566
0.030496
0.030326
0.031437
0.030782
0.031582
0.030816
0.031345
0.030985
0.030205
0.029933
0.030177
0.030702
0.031277
0.030591
0.031286
0.029843
0.029618
0.029949
0.030264
0.030852
0.030764
0.030929
0.029779
0.029061
0.030328
0.029307
0.029526
0.029616
0.030168
0.030513
0.028927
0.029106
0.030364
0.030434
0.030837
0.030928
0.028528
0.030878
0.029482
0.029572
0.028640
0.032308
0.031708
0.031293
0.029228
0.030895
0.030888
0.030879
0.030492
0.030965
0.030315
0.030587
0.031070
0.029853
0.030284
0.031734
0.031042
0.030729
0.030996
0.031275
0.029269
0.030822
0.030370
0.031291
0.031130
0.030229
0.030384
0.031564
0.030796
0.030452
0.030360
0.031394
0.042750
0.030517
0.030707
0.032586
0.031061
0.031106
0.030502
0.030521
0.030287
0.030122
0.030671
0.031117
0.030629
0.031544
0.030722
0.030630
0.031155
0.030763
0.030470
0.031119
0.030394
0.030249
0.033072
0.031797
0.033936
0.033220
0.030151
0.030542
0.030813
0.030378
0.030857
0.030877
0.030952
0.030397
0.029902
0.029820
0.030803
0.030307
0.030815
0.030931
0.029826
0.029941
0.030177
0.030745
0.030351
0.030043
0.029483
0.031180
0.031106
0.031348
0.030728
0.029967
0.030425
0.030426
0.030596
0.030887
0.030295
0.031710
0.031373
0.032501
0.029215
0.027122
0.030594
0.029989
0.029060
0.028082
0.027072
0.028228
0.028377
0.027616
0.030797
0.028835
0.028344
0.029255
0.028070
0.028711
0.027301
0.028364
0.026873
0.030693
0.030490
0.028884
0.028147
0.028174
0.029517
0.029636
0.028918
0.031007
0.028301
0.030749
0.031186
0.029921
0.028312
0.031005
0.031403
0.031009
0.030934
0.027580
0.027500
0.027453
0.028905
0.030525
0.030265
0.030435
0.030906
0.029987
0.028482
0.028617
0.031203
0.031502
0.031419
0.031019
0.030581
0.030984
0.030556
0.030305
0.031071
0.031315
0.031044
0.030408
0.031384
0.030496
0.031073
0.031757
0.030870
0.030587
0.031698
0.028722
0.028763
0.031119
0.030737
0.028071
0.028031
0.028699
0.028799
0.031318
0.028483
0.028820
0.028688
0.029107
0.030108
0.028696
0.027596
0.030823
0.027669
0.029227
0.029378
0.028516
0.030235
0.027809
0.029462
0.028800
0.029635
0.029940
0.027974
0.029116
0.028362
0.028931
0.028121
0.030082
0.028736
0.027833
0.027711
0.027881
0.028461
0.029370
0.029128
0.030624
0.027801
0.029102
0.028283
0.028016
0.029358
0.029526
0.027452
0.028441
0.028511
0.028646
0.028607
0.029331
0.027573
0.026992
0.028609
0.027809
0.029380
0.030815
0.027468
0.028762
0.030997
0.031553
0.028600
0.027161
0.029311
0.030035
0.029063
0.028238
0.028006
0.029435
0.027331
0.027976
0.029508
0.028785
0.029142
0.027394
0.028052
0.028748
0.029004
0.027297
0.027656
0.028307
0.028168
0.029574
0.029320
0.028853
0.028406
0.028232
0.028818
0.028695
0.028958
0.027928
0.030520
0.030204
0.029918
0.028921
0.028066
0.030574
0.028793
0.028094
0.028738
0.028884
0.028519
0.027904
0.028572
0.029366
0.028012
0.030280
0.028398
0.027137
0.028738
0.028126
0.027275
0.029790
0.028107
0.028647
0.028575
0.027620
0.029265
0.029312
0.030107
0.030031
0.027747
0.027962
0.029283
0.029429
0.028114
0.030525
0.028569
0.028002
0.029544
0.030433
0.027911
0.027913
0.030579
0.029859
0.028072
0.029041
0.027199
0.028453
0.027518
0.028694
0.028250
0.029840
0.027570
0.028868
0.027489
0.029671
0.029539
0.027761
0.028003
0.028992
0.028977
0.028938
0.028510
0.029919
0.029378
0.028886
0.027585
0.029134
0.029023
0.027863
0.028889
0.030546
0.028750
0.028392
0.028777
0.027630
0.027519
0.028187
0.028954
0.028480
0.029926
0.028935
0.027254
0.028199
0.028720
0.029414
0.030048
0.029042
0.030272
0.027482
0.028657
0.028055
0.030063
0.028550
0.028715
0.028050
0.028484
0.028131
0.030230
0.028764
0.028030
0.028630
0.028781
0.028164
0.028823
0.028834
0.028964
0.028362
0.031471
0.030428
0.029453
0.026829
0.029575
0.027634
0.029847
0.027390
0.028271
0.027940
0.029039
0.029650
0.027228
0.028274
0.028227
0.028267
0.030567
0.028937
0.027553
0.027834
0.026731
0.028432
0.030843
0.028733
0.028975
0.030352
0.030104
0.028995
0.028689
0.029736
0.030446
0.028899
0.029386
0.028685
0.029827
0.027862
0.028690
0.026624
0.029625
0.028827
0.027957
0.028567
0.028024
0.028741
0.027693
0.027647
0.028689
0.028200
0.028832
0.028569
0.027764
0.028913
0.028462
0.030130
0.028695
0.029361
0.028451
0.029158
0.030057
0.030535
0.027329
0.027497
0.030435
0.029268
0.028565
0.028343
0.028319
0.029538
0.029886
0.029328
0.028630
0.027657
0.029593
0.027772
0.028057
0.029303
0.029006
0.028093
0.028578
0.028873
0.029294
0.028993
0.028485
0.028453
0.029058
0.027904
0.028743
0.028157
0.027495
0.028548
0.029142
0.029993
0.030860
0.028202
0.027267
0.029858
0.030083
0.030147
0.028494
0.030719
0.029472
0.028696
0.029503
0.028602
0.031112
0.028136
0.029457
0.030541
0.030721
0.030122
0.027588
0.031070
0.029121
0.028230
0.030960
0.031366
0.030269
0.029868
0.028620
0.028448
0.029277
0.028363
0.028250
0.029837
0.029461
0.027716
0.028918
0.030668
0.027372
0.030387
0.028874
0.029827
0.028076
0.029063
0.028375
0.027245
0.028908
0.026979
0.028272
0.028139
0.029338
0.029717
0.028735
0.029285
0.031055
0.027939
0.028963
0.028025
0.030941
0.028367
0.029106
0.029036
