0.353927
0.339580
0.343361
0.360936
0.355919
0.355930
0.349810
0.370689
0.317659
0.352927
0.353535
0.342786
0.390333
0.353197
0.333293
0.304603
0.348215
0.345434
0.368877
0.357508
0.320139
0.354920
0.349969
0.338979
0.354489
0.360753
0.359163
0.354975
0.354349
0.353317
0.368780
0.341162
0.346230
0.381258
0.352111
0.342756
0.359617
0.353441
0.365520
0.346354
0.350585
0.368678
0.377733
0.377501
0.368803
0.349099
0.357957
0.363011
0.340173
0.342131
0.369670
0.335318
0.349737
0.361594
0.343499
0.349402
0.369952
0.366066
0.353550
0.373706
0.365796
0.352214
0.352793
0.368079
0.357319
0.369428
0.335903
0.340893
0.337962
0.353607
0.337179
0.371698
0.338531
0.374689
0.350222
0.346276
0.351598
0.386349
0.335163
0.365894
0.337942
0.366380
0.356038
0.351893
0.378278
0.354614
0.352259
0.359348
0.346056
0.364870
0.358326
0.329824
0.327001
0.335131
0.353117
0.355506
0.339901
0.355503
0.359065
0.355974
0.349597
0.355122
0.341678
0.349668
0.338581
0.349218
0.344061
0.338942
0.376784
0.372270
0.359914
0.351508
0.369131
0.347331
0.325105
0.357837
0.351612
0.345901
0.350849
0.335945
0.345677
0.364100
0.356731
0.370407
0.353316
0.341560
0.351100
0.342526
0.352292
0.349348
0.361739
0.354458
0.332766
0.353148
0.361414
0.353584
0.336169
0.336322
0.367422
0.347177
0.345915
0.356299
0.354062
0.354080
0.340360
0.349130
0.338921
0.349673
0.362700
0.315926
0.346530
0.368308
0.353566
0.364912
0.356455
0.365661
0.353333
0.366642
0.373756
0.372770
0.347960
0.363232
0.351540
0.354875
0.331924
0.363011
0.350882
0.366262
0.328832
0.345350
0.376428
0.339155
0.351164
0.356545
0.347041
0.352760
0.342966
0.387992
0.342099
0.360089
0.356912
0.374344
0.345479
0.320690
0.332856
0.347565
0.352141
0.329268
0.361726
0.355422
0.344771
0.351699
0.356551
0.380673
0.350473
0.366616
0.322699
0.378728
0.385566
0.333455
0.336384
0.356954
0.329544
0.370402
0.373377
0.354543
0.351173
0.353457
0.355373
0.367735
0.363138
0.360293
0.383456
0.346258
0.366733
0.344299
0.354583
0.338011
0.344302
0.330675
0.346796
0.357197
0.346979
0.371516
0.371085
0.357576
0.374504
0.342478
0.374904
0.361590
0.332085
0.358755
0.361321
0.380256
0.371447
0.332232
0.364436
0.328028
0.332886
0.378222
0.371298
0.350208
0.331130
0.338132
0.351392
0.330206
0.370751
0.335254
0.371267
0.373848
0.373114
0.337414
0.368265
0.347539
0.343306
0.347065
0.342415
0.371555
0.345548
0.368514
0.368059
0.344784
0.335588
0.379977
0.376047
0.353154
0.356990
0.374088
0.343807
0.370205
0.347366
0.361317
0.360049
0.359500
0.348962
0.351069
0.331948
0.358283
0.359215
0.366868
0.370979
0.350700
0.354400
0.360015
0.364032
0.353867
0.345732
0.345389
0.360483
0.345250
0.352861
0.348615
0.376620
0.349442
0.368008
0.335032
0.376485
0.354831
0.354032
0.362847
0.358392
0.361955
0.331669
0.353601
0.372521
0.340735
0.357574
0.339366
0.375892
0.360854
0.358505
0.350979
0.359951
0.382390
0.345682
0.359556
0.336350
0.373712
0.373228
0.363508
0.330092
0.356964
0.330587
0.355528
0.365350
0.344100
0.362630
0.341672
0.384765
0.342406
0.338388
0.356488
0.373274
0.373954
0.350246
0.360809
0.351795
0.318121
0.343116
0.380193
0.365385
0.369242
0.346319
0.343856
0.354156
0.344462
0.363385
0.348178
0.382876
0.344716
0.340745
0.360398
0.350792
0.373136
0.380560
0.346280
0.351757
0.374401
0.354835
0.350867
0.353696
0.353115
0.376332
0.356147
0.370630
0.338494
0.363319
0.346462
0.377363
0.349030
0.350562
0.366907
0.361455
0.376736
0.366742
0.355398
0.354956
0.352435
0.356364
0.347055
0.344671
0.356088
0.345073
0.368408
0.344145
0.354901
0.364379
0.341713
0.345568
0.361838
0.341279
0.354907
0.363660
0.339125
0.364751
0.350832
0.358037
0.321290
0.372128
0.374111
0.328790
0.368888
0.347831
0.348199
0.345111
0.357359
0.387996
0.346743
0.345494
0.328931
0.364794
0.368163
0.350353
0.363659
0.349981
0.353936
0.348212
0.333293
0.354433
0.345336
0.338601
0.339692
0.342125
0.370005
0.363866
0.345759
0.376031
0.361710
0.335412
0.378385
0.353091
0.369985
0.341882
0.368461
0.318898
0.355939
0.341269
0.327038
0.344828
0.357090
0.363786
0.378906
0.367492
0.354491
0.342249
0.372169
0.362313
0.354185
0.364880
0.328623
0.369643
0.354499
0.361285
0.382887
0.337204
0.357036
0.334455
0.324798
0.343859
0.364510
0.365857
0.370061
0.354021
0.334567
0.333733
0.364096
0.346691
0.335462
0.347662
0.355130
0.351385
0.339890
0.353563
0.351893
0.364691
0.358701
0.334477
0.355829
0.356390
0.344029
0.347696
0.346695
0.345852
0.331276
0.357038
0.349611
0.366633
0.366540
0.352196
0.357469
0.355630
0.386400
0.362734
0.369147
0.341761
0.326326
0.349800
0.319591
0.373413
0.369643
0.347420
0.345202
0.362994
0.344895
0.388062
0.359487
0.351950
0.355036
0.375644
0.337499
0.363739
0.370918
0.345643
0.352579
0.354667
0.372417
0.361169
0.341356
0.366634
0.339623
0.370141
0.373834
0.351565
0.344118
0.360314
0.361012
0.341262
0.317248
0.341188
0.360868
0.357698
0.357231
0.332023
0.364315
0.341562
0.354479
0.357816
0.365271
0.345158
0.368915
0.382258
0.352360
0.358163
0.370980
0.363797
0.344240
0.342073
0.349133
0.372750
0.342956
0.345771
0.346428
0.380536
0.360118
0.324169
0.338704
0.353065
0.339571
0.364863
0.360578
0.370591
0.344862
0.358420
0.366403
0.352415
0.352555
0.364671
0.359535
0.339580
0.366364
0.335309
0.355632
0.353927
0.352356
0.360015
0.390025
0.350055
0.355268
0.346829
0.353145
0.354161
0.352563
0.372029
0.338185
0.377666
0.379913
0.359697
0.373957
0.346703
0.328012
0.354617
0.363434
0.371462
0.346224
0.338528
0.329350
0.343586
0.356655
0.345653
0.363199
0.364279
0.372952
0.336234
0.350423
0.371880
0.351331
0.368608
0.339020
0.361982
0.326876
0.355628
0.351684
0.354109
0.358870
0.349951
0.350295
0.352749
0.353856
0.361769
0.358241
0.351573
0.331668
0.346753
0.348347
0.365769
0.329127
0.365744
0.353782
0.352396
0.353102
0.340220
0.362740
0.358934
0.375624
0.320212
0.347433
0.357966
0.375657
0.362863
0.342739
0.339367
0.366764
0.342875
0.327280
0.321586
0.347991
0.360670
0.349602
0.360005
0.359377
0.349862
0.336755
0.346285
0.345500
0.345031
0.351709
0.333987
0.378227
0.357550
0.374684
0.341356
0.365768
0.356128
0.364902
0.334892
0.359078
0.370366
0.328982
0.337304
0.349646
0.343974
0.349360
0.339237
0.362380
0.356137
0.361056
0.347061
0.358846
0.371975
0.366743
0.350311
0.340528
0.359140
0.338409
0.332618
0.343965
0.355623
0.360088
0.355591
0.392184
0.341497
0.333255
0.355167
0.360755
0.351994
0.329856
0.362900
0.375434
0.353896
0.356648
0.363716
0.341259
0.348705
0.341457
0.363578
0.369280
0.347039
0.333333
0.378123
0.329186
0.336248
0.344405
0.358218
0.352229
0.367449
0.369435
0.333133
0.377668
0.358344
0.360250
0.340609
0.336565
0.342871
0.346111
0.337561
0.369305
0.327743
0.366042
0.338914
0.364906
0.360635
0.367221
0.354556
0.353251
0.369685
0.360911
0.337100
0.373971
0.341359
0.344691
0.356441
0.369261
0.348793
0.354644
0.346014
0.353390
0.335824
0.350921
0.371594
0.353060
0.340069
0.359906
0.367094
0.339065
0.362015
0.330931
0.342376
0.376224
0.352926
0.347651
0.354140
0.354183
0.361360
0.370753
0.366100
0.375190
0.363716
0.349622
0.346452
0.358541
0.343047
0.346689
0.350962
0.354571
0.342242
0.345727
0.355932
0.367731
0.346627
0.367385
0.348200
0.374638
0.357660
0.356651
0.360329
0.355343
0.375333
0.331348
0.367555
0.361919
0.330774
0.347513
0.336632
0.366996
0.355703
0.357239
0.364313
0.350414
0.375368
0.366533
0.378705
0.339658
0.339208
0.344627
0.355139
0.342251
0.316691
0.362443
0.356544
0.345247
0.375572
0.347826
0.340302
0.341240
0.358180
0.359278
0.362143
0.372566
0.336040
0.365240
0.352776
0.345403
0.360234
0.325677
0.333909
0.335285
0.350959
0.337120
0.342046
0.357743
0.344680
0.312931
0.354835
0.360389
0.379779
0.359771
0.343555
0.342561
0.336610
0.362989
0.358374
0.330366
0.359859
0.358312
0.354916
0.361183
0.360571
0.372246
0.322693
0.326514
0.341876
0.340049
0.339607
0.364471
0.343543
0.364126
0.356775
0.377398
0.369133
0.365541
0.393091
0.336419
0.367667
0.346255
0.339488
0.341968
0.365799
0.335565
0.340439
0.354471
0.381476
0.353511
0.353775
0.376840
0.379169
0.360701
0.337456
0.355173
0.369522
0.349319
0.372840
0.343734
0.367097
0.352179
0.353995
0.329808
0.362608
0.359221
0.348206
0.353569
0.363581
0.355816
0.349137
0.345955
0.340993
0.358403
0.360035
0.366879
0.328169
0.333739
0.362570
0.367154
0.360991
0.356527
0.390114
0.344692
0.355879
0.347705
0.343765
0.356302
0.360908
0.348084
0.360249
0.364907
0.337502
0.337468
0.346173
0.351392
0.358810
0.348568
0.351484
0.364868
0.359882
0.382372
0.361027
0.363200
0.344832
0.361710
0.334731
0.343662
0.359203
0.345761
0.358412
0.358245
0.344865
0.348079
0.334534
0.337836
0.328730
0.329688
0.340096
0.330423
0.343070
0.375402
0.346286
0.363394
0.349440
0.347355
0.335938
0.362484
0.353997
0.348319
0.364698
0.348757
0.340906
0.354151
0.346581
0.369105
0.356533
0.358012
0.348043
0.373200
0.356388
0.367293
0.363735
0.347213
0.359319
0.340186
0.345190
0.359658
0.351719
0.349058
0.369687
0.364915
0.367253
0.340205
0.361067
0.343863
0.356091
0.370081
0.349680
0.362524
0.371250
0.366115
0.357386
0.354702
0.345662
0.344114
0.357759
0.345064
0.340579
0.363050
0.345103
0.366952
0.365224
0.368414
0.346301
0.353632
0.373458
0.339230
