0.528896
0.536448
0.531456
0.538368
0.529472
0.541504
0.555200
0.553984
0.533376
0.539904
0.538560
0.545024
0.550592
0.540032
0.537472
0.555968
0.521408
0.556736
0.533440
0.528192
0.544448
0.534336
0.534592
0.531520
0.526976
0.539968
0.555392
0.556736
0.541312
0.525888
0.531008
0.553216
0.535680
0.541824
0.525376
0.554176
0.548544
0.544128
0.544576
0.528128
0.534080
0.558272
0.537344
0.556096
0.524608
0.558592
0.536960
0.540224
0.531584
0.546624
0.525248
0.558144
0.551488
0.543552
0.533056
0.522304
0.543616
0.550976
0.543936
0.555456
0.561088
0.541504
0.553408
0.529984
0.527488
0.548672
0.553152
0.555328
0.542784
0.543488
0.542080
0.535808
0.541632
0.525312
0.523200
0.529920
0.550976
0.539200
0.534400
0.535232
0.533824
0.520192
0.551680
0.547392
0.549184
0.548480
0.552064
0.541120
0.520832
0.548608
0.539968
0.554496
0.540224
0.555520
0.531648
0.531584
0.533376
0.536768
0.534144
0.547584
0.550912
0.531648
0.551936
0.536576
0.530496
0.560960
0.536192
0.511168
0.540480
0.534592
0.550464
0.555712
0.534080
0.553792
0.546176
0.546880
0.536576
0.553024
0.558464
0.536896
0.544448
0.540352
0.538496
0.561792
0.529728
0.557824
0.537792
0.554304
0.535872
0.543616
0.541696
0.517760
0.523520
0.542848
0.546624
0.554048
0.553024
0.519360
0.538624
0.552448
0.541056
0.556800
0.548288
0.558272
0.546944
0.530816
0.559488
0.557504
0.519424
0.535616
0.532544
0.528704
0.555968
0.548736
0.540736
0.558272
0.528384
0.546048
0.548864
0.527680
0.554944
0.538496
0.533312
0.530944
0.538624
0.552128
0.546624
0.535552
0.524224
0.534528
0.540352
0.543360
0.543808
0.547776
0.537728
0.549824
0.527616
0.553856
0.541248
0.559680
0.547840
0.534528
0.526144
0.523968
0.543680
0.540352
0.543168
0.532160
0.547648
0.550784
0.548736
0.549248
0.540352
0.539136
0.534144
0.529152
0.518720
0.539776
0.534272
0.534080
0.532928
0.555904
0.544704
0.544768
0.545664
0.539008
0.566080
0.540352
0.547712
0.553536
0.553600
0.543552
0.528064
0.536768
0.532864
0.520384
0.554624
0.524928
0.532352
0.539840
0.529792
0.549888
0.537152
0.551104
0.539904
0.569280
0.552320
0.554560
0.501696
0.553216
0.526720
0.543104
0.535808
0.571776
0.543616
0.553664
0.545728
0.542528
0.542464
0.542656
0.546304
0.523840
0.539712
0.537792
0.544896
0.540608
0.520704
0.559104
0.529728
0.559424
0.550592
0.521984
0.553280
0.544000
0.528832
0.539520
0.556672
0.533888
0.561280
0.530432
0.523072
0.533760
0.527232
0.539840
0.526848
0.555712
0.532480
0.529408
0.577152
0.543872
0.554240
0.560768
0.522048
0.538560
0.545664
0.533056
0.547776
0.544000
0.545216
0.541376
0.561024
0.523648
0.526656
0.553728
0.541120
0.538496
0.544064
0.561152
0.528192
0.542720
0.532992
0.523008
0.561280
0.554240
0.529856
0.568640
0.538304
0.530816
0.534848
0.547584
0.541952
0.540032
0.534976
0.533568
0.561024
0.552064
0.526400
0.535808
0.532608
0.538560
0.533248
0.522688
0.553152
0.554368
0.530880
0.552192
0.544640
0.539584
0.556160
0.551552
0.552064
0.536320
0.533376
0.540352
0.551104
0.516864
0.517696
0.545920
0.544512
0.556800
0.533952
0.527872
0.531072
0.555584
0.527232
0.539584
0.539008
0.539072
0.541568
0.547392
0.551552
0.526784
0.547200
0.531072
0.566400
0.529088
0.539520
0.538880
0.533120
0.548160
0.535360
0.528256
0.534592
0.529664
0.552320
0.540224
0.533504
0.550656
0.544384
0.544448
0.545984
0.547264
0.552512
0.548608
0.552384
0.521600
0.537920
0.527168
0.539392
0.563520
0.529216
0.564608
0.536128
0.527616
0.537984
0.549376
0.554048
0.535296
0.561856
0.545216
0.547264
0.558016
0.540672
0.518080
0.538240
0.521088
0.544128
0.530048
0.560256
0.548736
0.531648
0.525248
0.548288
0.539456
0.536576
0.548416
0.538944
0.530368
0.545344
0.569600
0.542336
0.524352
0.552640
0.528512
0.534848
0.539456
0.524736
0.539456
0.543168
0.547136
0.553536
0.549440
0.552000
0.542080
0.544576
0.540992
0.555456
0.557888
0.539008
0.547136
0.548288
0.529536
0.540352
0.557248
0.525632
0.544704
0.549376
0.540672
0.537856
0.553536
0.548032
0.542656
0.547648
0.534720
0.525952
0.540992
0.561600
0.537536
0.538688
0.542144
0.532544
0.532992
0.519872
0.543744
0.547712
0.548736
0.538752
0.536192
0.552384
0.526336
0.544192
0.546944
0.518400
0.544704
0.550016
0.546240
0.530496
0.543488
0.530240
0.534400
0.548672
0.526080
0.528768
0.562368
0.557888
0.539072
0.533056
0.544960
0.539776
0.560000
0.546304
0.551744
0.554240
0.551744
0.540672
0.554624
0.550784
0.524224
0.535360
0.529856
0.557184
0.534912
0.547904
0.537344
0.539456
0.546624
0.542784
0.552192
0.553152
0.534144
0.559488
0.550336
0.535488
0.548032
0.528320
0.550272
0.534528
0.560960
0.539968
0.561856
0.530816
0.548544
0.546304
0.552704
0.521728
0.552192
0.544128
0.547328
0.541248
0.538624
0.545088
0.516288
0.548736
0.538944
0.543424
0.545088
0.553344
0.537984
0.555328
0.555136
0.544512
0.538560
0.546304
0.535488
0.537536
0.556992
0.544128
0.533312
0.543936
0.537664
0.552064
0.526144
0.547200
0.532032
0.542336
0.525504
0.550912
0.560000
0.546368
0.548672
0.525184
0.549824
0.542656
0.538688
0.533440
0.526720
0.538368
0.563136
0.528448
0.540480
0.530240
0.541888
0.555840
0.541824
0.527552
0.536384
0.510144
0.563200
0.537088
0.536960
0.535040
0.545920
0.534784
0.562688
0.542848
0.540864
0.534208
0.539648
0.527040
0.541120
0.547328
0.543616
0.551936
0.533248
0.531264
0.537920
0.539840
0.553344
0.517696
0.533056
0.512960
0.549440
0.521600
0.522752
0.532096
0.556736
0.520832
0.528000
0.545920
0.540096
0.540672
0.525952
0.541312
0.519808
0.535232
0.556928
0.520896
0.556480
0.556928
0.541184
0.540288
0.559424
0.534336
0.529792
0.566720
0.542400
0.527296
0.527232
0.543424
0.531776
0.540864
0.548288
0.542528
0.545152
0.542272
0.539776
0.531136
0.543744
0.536768
0.549760
0.536448
0.541888
0.548416
0.537216
0.521536
0.525824
0.544640
0.528896
0.543744
0.543360
0.542528
0.536128
0.552960
0.543168
0.551808
0.536256
0.540992
0.527808
0.556160
0.540992
0.537600
0.541632
0.543488
0.520768
0.551552
0.544960
0.532352
0.558464
0.570624
0.550016
0.545984
0.533376
0.531264
0.521856
0.540608
0.519424
0.521728
0.514432
0.538816
0.536128
0.544064
0.551168
0.540992
0.568896
0.533248
0.545344
0.548736
0.523264
0.529472
0.540672
0.529600
0.538240
0.538752
0.525760
0.557248
0.549440
0.554496
0.546048
0.529088
0.552320
0.536448
0.538112
0.531648
0.540672
0.528000
0.525440
0.544832
0.562560
0.550080
0.567040
0.532800
0.535168
0.544448
0.532736
0.537088
0.521984
0.538944
0.555648
0.546688
0.520704
0.534272
0.521728
0.548992
0.543872
0.542912
0.524224
0.544896
0.530304
0.521280
0.539520
0.528768
0.535296
0.532736
0.531200
0.528576
0.532608
0.547456
0.532736
0.537600
0.515264
0.549760
0.517248
0.540992
0.543680
0.522432
0.541568
0.527296
0.541248
0.531392
0.542144
0.532352
0.549120
0.529792
0.537280
0.553344
0.547648
0.516480
0.526848
0.543744
0.545920
0.547008
0.550912
0.543296
0.546816
0.545536
0.560640
0.520320
0.562112
0.548544
0.533504
0.541696
0.543552
0.548352
0.527104
0.554368
0.547648
0.551744
0.540288
0.557440
0.543232
0.553920
0.536064
0.521792
0.537216
0.553472
0.546368
0.546816
0.524864
0.522240
0.536320
0.536128
0.538304
0.522560
0.546624
0.520192
0.538112
0.533568
0.536384
0.537088
0.548992
0.535296
0.551936
0.544512
0.544448
0.545216
0.524992
0.530368
0.549888
0.556352
0.548864
0.556608
0.527808
0.537344
0.535040
0.534528
0.554432
0.539520
0.542720
0.533568
0.542592
0.529984
0.558336
0.552576
0.540224
0.521280
0.539008
0.538432
0.526976
0.520000
0.552832
0.545664
0.534528
0.527168
0.545152
0.544896
0.537920
0.551552
0.541248
0.546560
0.549504
0.540224
0.535808
0.527616
0.526528
0.535296
0.532928
0.541568
0.548480
0.532672
0.534464
0.545792
0.528192
0.532160
0.537728
0.544192
0.537728
0.541056
0.527872
0.539712
0.544064
0.536000
0.519808
0.525376
0.533632
0.536576
0.521472
0.554944
0.533248
0.539328
0.531136
0.554176
0.538816
0.539200
0.549056
0.541952
0.547264
0.554432
0.534016
0.524288
0.526784
0.552256
0.543424
0.540544
0.556544
0.542848
0.545664
0.525312
0.553472
0.541440
0.552064
0.526528
0.549376
0.538688
0.519232
0.534400
0.545472
0.541632
0.543232
0.548928
0.552000
0.531392
0.532928
0.529536
0.537984
0.533184
0.544896
0.537344
0.529664
0.539584
0.538240
0.534016
0.542656
0.551232
0.526528
0.537216
0.543936
0.534784
0.534912
0.546432
0.550912
0.521920
0.567360
0.549056
0.547840
0.550912
0.541312
0.547712
0.555072
0.558912
0.538688
0.532992
0.530560
0.540544
0.527424
0.535168
0.562560
0.559936
0.530880
0.553920
0.549440
0.554880
0.539584
0.535296
0.537152
0.537472
0.525120
0.567552
0.532096
0.540352
0.543616
0.536768
0.536576
0.528448
0.538752
0.549760
0.556224
0.542976
0.553408
0.541120
0.546240
0.545600
0.549440
0.547968
0.537408
0.516032
0.540160
0.533760
0.551296
0.541952
0.543168
0.537024
0.527424
0.536320
0.531392
0.543808
0.526848
0.514752
0.539008
0.530688
0.534912
0.552448
0.543872
0.542208
0.537984
0.531968
0.536768
0.538880
0.531712
0.535616
0.541248
0.529920
0.529088
0.538240
0.549056
0.530240
0.541888
0.544896
0.554624
0.540544
0.543168
0.531264
0.548992
0.538176
0.557056
0.562688
0.543232
0.546752
0.548352
0.537344
0.536576
0.547328
0.517504
0.536192
0.552000
0.546944
0.551296
0.535040
0.528128
0.553728
0.534976
