0.348136
0.328442
0.333935
0.327746
0.320803
0.330694
0.320692
0.318161
0.329374
0.331792
0.320856
0.328675
0.307335
0.351742
0.319005
0.328422
0.331042
0.312335
0.346131
0.336968
0.336311
0.333573
0.315336
0.311258
0.334345
0.324286
0.326688
0.328199
0.337668
0.326396
0.317705
0.320222
0.327718
0.322466
0.317456
0.308119
0.315249
0.344390
0.322482
0.355914
0.332175
0.324200
0.330395
0.313155
0.320239
0.317026
0.327771
0.333373
0.333975
0.325020
0.344097
0.338264
0.329697
0.311904
0.314804
0.328636
0.327172
0.310373
0.302859
0.340823
0.306604
0.296892
0.340696
0.336674
0.347003
0.317742
0.305102
0.324651
0.328381
0.316062
0.327037
0.345198
0.326125
0.335404
0.326850
0.324034
0.312348
0.334362
0.341916
0.342700
0.328857
0.348548
0.292343
0.336139
0.329099
0.314236
0.317181
0.330101
0.339887
0.311129
0.309944
0.322022
0.321644
0.322350
0.325388
0.341922
0.315095
0.325861
0.350587
0.337190
0.307505
0.320693
0.324443
0.310711
0.311618
0.300742
0.337193
0.323401
0.337951
0.342751
0.330427
0.326730
0.350270
0.316653
0.311226
0.332241
0.334208
0.325078
0.313660
0.341280
0.318679
0.332109
0.341930
0.306790
0.343119
0.320216
0.333214
0.313012
0.317807
0.315752
0.308719
0.341286
0.342054
0.303702
0.319986
0.327712
0.318829
0.350216
0.327471
0.318119
0.341022
0.315862
0.320532
0.307463
0.324011
0.332168
0.321551
0.323958
0.335880
0.339826
0.331931
0.335795
0.342696
0.313506
0.323234
0.319844
0.338421
0.321027
0.328008
0.325652
0.304348
0.309246
0.326413
0.332690
0.309292
0.303814
0.346212
0.323494
0.332804
0.337045
0.347151
0.308009
0.303872
0.327375
0.331469
0.338727
0.332848
0.325283
0.323637
0.311835
0.309112
0.335848
0.329522
0.320997
0.314656
0.318015
0.333922
0.329886
0.307818
0.312224
0.332750
0.324167
0.329859
0.350902
0.328061
0.318699
0.356693
0.321081
0.309895
0.357819
0.322925
0.319134
0.328399
0.338346
0.337087
0.330919
0.302544
0.330096
0.336761
0.317725
0.316416
0.338985
0.316568
0.321331
0.352150
0.341901
0.320679
0.318093
0.343833
0.361707
0.323750
0.322277
0.339926
0.322146
0.327999
0.323890
0.320046
0.321062
0.334226
0.319181
0.348360
0.320292
0.335045
0.309380
0.336002
0.335799
0.335992
0.316386
0.327041
0.325864
0.315722
0.310690
0.339144
0.325717
0.318064
0.342133
0.328417
0.326351
0.322460
0.310262
0.302918
0.325037
0.324696
0.318235
0.317439
0.328470
0.320648
0.336730
0.305359
0.323238
0.328398
0.339209
0.336004
0.318435
0.315355
0.327882
0.327404
0.333535
0.303393
0.325253
0.308545
0.322301
0.340199
0.307308
0.331691
0.335935
0.314406
0.341765
0.321164
0.313630
0.301506
0.346492
0.321910
0.308368
0.322295
0.337176
0.319492
0.313070
0.336120
0.312972
0.318564
0.319750
0.306613
0.324711
0.335185
0.300732
0.337296
0.326019
0.321886
0.334385
0.323453
0.334913
0.334609
0.318700
0.322154
0.318456
0.338480
0.316770
0.336698
0.316340
0.314570
0.322517
0.311003
0.307666
0.331887
0.316875
0.326087
0.324635
0.308516
0.327222
0.308254
0.320883
0.316295
0.323700
0.324120
0.345840
0.346767
0.344900
0.319582
0.328966
0.330457
0.362512
0.325621
0.310909
0.325929
0.324635
0.325813
0.331948
0.318364
0.321057
0.312950
0.330823
0.321988
0.312726
0.291751
0.343776
0.336773
0.347743
0.336975
0.307180
0.318589
0.340562
0.336646
0.330594
0.319003
0.328397
0.343450
0.328568
0.328592
0.332079
0.345798
0.330722
0.323874
0.315562
0.307844
0.330061
0.348602
0.333981
0.340532
0.302442
0.340670
0.316935
0.325176
0.331514
0.307637
0.309995
0.316969
0.322453
0.317120
0.306491
0.333060
0.308636
0.334754
0.348363
0.327705
0.331368
0.306516
0.321058
0.317569
0.318871
0.315758
0.354819
0.326485
0.336932
0.332061
0.314389
0.338083
0.309038
0.319329
0.316180
0.334199
0.348346
0.329820
0.340034
0.313869
0.346186
0.335407
0.318306
0.301991
0.318517
0.297375
0.321607
0.306203
0.324793
0.329768
0.318822
0.303837
0.312837
0.338756
0.340508
0.308042
0.336476
0.325477
0.322155
0.346646
0.304547
0.318849
0.312737
0.331747
0.335877
0.312974
0.316665
0.308286
0.335488
0.326235
0.305335
0.312023
0.339564
0.313176
0.319915
0.323399
0.335735
0.340391
0.327801
0.342837
0.304525
0.316702
0.339341
0.318271
0.325268
0.350347
0.311725
0.323086
0.321584
0.319758
0.331693
0.328508
0.335021
0.314665
0.335329
0.338505
0.341363
0.337206
0.307272
0.304692
0.321738
0.333173
0.328714
0.338511
0.317829
0.318416
0.327804
0.319053
0.309941
0.322562
0.322871
0.301418
0.328409
0.308906
0.340500
0.322536
0.327351
0.321808
0.344926
0.326611
0.320688
0.329206
0.313398
0.321995
0.325785
0.320407
0.301430
0.320545
0.330725
0.315445
0.336474
0.319085
0.305533
0.336375
0.312564
0.336629
0.323533
0.311387
0.302455
0.321516
0.311892
0.339802
0.317353
0.333333
0.347315
0.321944
0.340647
0.316772
0.322408
0.340007
0.324762
0.349410
0.320723
0.321424
0.316232
0.310414
0.314320
0.327671
0.315525
0.315276
0.320234
0.324041
0.344774
0.310860
0.321747
0.311732
0.328062
0.338713
0.333093
0.334081
0.325174
0.318076
0.310629
0.323767
0.313076
0.327078
0.337446
0.330699
0.291315
0.342412
0.326853
0.312054
0.304012
0.319729
0.329189
0.319614
0.343687
0.332988
0.345382
0.333010
0.336117
0.346882
0.309205
0.335200
0.344696
0.323445
0.337046
0.328865
0.302548
0.326220
0.316649
0.298790
0.327087
0.307590
0.317327
0.338050
0.318342
0.304731
0.365458
0.332249
0.331112
0.326971
0.326509
0.324886
0.331612
0.334373
0.330577
0.338528
0.349902
0.314530
0.329808
0.320349
0.325091
0.333763
0.321128
0.310014
0.367243
0.325136
0.354962
0.319383
0.299012
0.357538
0.343646
0.303953
0.331362
0.312959
0.319529
0.341119
0.330152
0.310898
0.311032
0.326132
0.348507
0.334943
0.323264
0.318306
0.308509
0.319217
0.330007
0.335064
0.339696
0.338475
0.326389
0.318231
0.310827
0.351110
0.337428
0.320341
0.323803
0.315131
0.337756
0.307403
0.323935
0.328625
0.316254
0.340922
0.324937
0.297569
0.332626
0.315356
0.319728
0.324973
0.338547
0.305524
0.332663
0.340000
0.336760
0.332077
0.326410
0.310977
0.327187
0.306684
0.316984
0.303948
0.310566
0.322354
0.343053
0.347669
0.339588
0.324257
0.333169
0.336359
0.317616
0.348022
0.306673
0.326197
0.331166
0.329114
0.289571
0.343495
0.325549
0.309191
0.357387
0.329506
0.315578
0.342719
0.328894
0.310644
0.310408
0.300907
0.323704
0.302632
0.335443
0.359381
0.316570
0.352064
0.337892
0.325147
0.328007
0.336727
0.334957
0.336544
0.314790
0.332170
0.311061
0.323604
0.308539
0.330081
0.332532
0.319233
0.334355
0.329177
0.326077
0.314915
0.336160
0.328103
0.336237
0.315924
0.335726
0.333373
0.327066
0.317947
0.309558
0.352855
0.325148
0.317115
0.324247
0.343104
0.317349
0.322678
0.343427
0.330839
0.338900
0.304286
0.330145
0.320955
0.352635
0.308766
0.311124
0.337621
0.342945
0.321277
0.323401
0.348308
0.310825
0.336018
0.308625
0.327495
0.323645
0.311358
0.321842
0.327261
0.334913
0.315560
0.304689
0.311571
0.319935
0.325127
0.315543
0.315931
0.308562
0.325953
0.313446
0.334033
0.341531
0.334948
0.318733
0.328782
0.325279
0.304433
0.307818
0.328732
0.347903
0.316533
0.338831
0.305257
0.337870
0.331902
0.319395
0.330250
0.329273
0.315894
0.344104
0.346691
0.328878
0.327086
0.320176
0.360441
0.341412
0.326895
0.324810
0.329735
0.327169
0.335915
0.321404
0.322095
0.319689
0.321815
0.321970
0.317526
0.314641
0.329794
0.315293
0.320258
0.333022
0.316546
0.347520
0.342782
0.312081
0.347941
0.311670
0.325860
0.321580
0.331654
0.309153
0.311677
0.318547
0.326732
0.309560
0.345488
0.320708
0.315821
0.353656
0.326892
0.313267
0.313277
0.321719
0.344422
0.323081
0.334390
0.309221
0.290671
0.320563
0.325176
0.313068
0.328989
0.317487
0.357108
0.340586
0.336801
0.342981
0.318483
0.314119
0.322240
0.325231
0.335249
0.354538
0.330607
0.337777
0.325179
0.335039
0.311332
0.319229
0.331317
0.316080
0.322866
0.347698
0.336460
0.319861
0.324785
0.331615
0.305962
0.322012
0.318975
0.326063
0.330408
0.334719
0.307181
0.301084
0.329594
0.320196
0.316519
0.329338
0.345093
0.315879
0.315796
0.345896
0.340871
0.302783
0.311601
0.310345
0.323099
0.326087
0.321277
0.312196
0.328674
0.308714
0.317928
0.342413
0.323234
0.312801
0.316200
0.329760
0.324123
0.330319
0.356377
0.349586
0.337684
0.342374
0.321450
0.316655
0.323011
0.327936
0.325466
0.322473
0.344319
0.317019
0.317659
0.315060
0.340124
0.332510
0.339397
0.333094
0.338135
0.312268
0.338565
0.326678
0.321949
0.316472
0.306111
0.327501
0.318182
0.308890
0.307111
0.315433
0.319645
0.357419
0.334478
0.331149
0.320737
0.313311
0.327123
0.333333
0.330791
0.353757
0.322030
0.322026
0.335366
0.322292
0.316742
0.337355
0.321831
0.326317
0.314580
0.326348
0.309407
0.316198
0.329417
0.323355
0.320605
0.314118
0.299741
0.320689
0.352809
0.339074
0.316246
0.320210
0.330997
0.326783
0.337964
0.315640
0.316067
0.304156
0.328885
0.317073
0.339530
0.363548
0.323389
0.327352
0.313875
0.342809
0.342037
0.344692
0.332730
0.344341
0.329588
0.313721
0.328494
0.334761
0.348051
0.316561
0.343824
0.322099
0.322380
0.329904
0.328623
0.330592
0.322354
0.310992
0.316234
0.318649
0.326169
0.309485
0.338977
0.313303
0.319600
0.331779
0.349625
0.307560
0.315628
0.336711
0.318272
0.344538
0.324798
0.333612
0.346936
0.342691
0.320960
0.327652
0.326234
0.311354
0.326435
0.316166
0.308830
0.349324
