0.051849
0.051787
0.053002
0.055308
0.052716
0.049931
0.050458
0.049286
0.051031
0.049117
0.050622
0.050418
0.048823
0.048361
0.050312
0.050109
0.050410
0.048774
0.049727
0.050280
0.050269
0.049412
0.048872
0.049664
0.048374
0.049132
0.047630
0.049669
0.049352
0.048603
0.051724
0.047695
0.049158
0.047745
0.051347
0.047857
0.049510
0.050087
0.049812
0.052044
0.052675
0.048814
0.051542
0.050562
0.051133
0.050308
0.051632
0.053781
0.052485
0.051948
0.053471
0.050385
0.049947
0.051291
0.053579
0.052204
0.052666
0.055746
0.049118
0.050486
0.051338
0.053062
0.051829
0.051922
0.048518
0.049071
0.049276
0.048977
0.050004
0.048949
0.049400
0.052278
0.049169
0.049815
0.056220
0.051947
0.051055
0.049463
0.051009
0.053577
0.048886
0.051404
0.048721
0.049426
0.048105
0.050457
0.050390
0.053033
0.051848
0.048196
0.049032
0.051131
0.050103
0.050939
0.050087
0.049470
0.050104
0.053146
0.050872
0.052022
0.047896
0.054224
0.051584
0.049923
0.050373
0.056528
0.051968
0.052844
0.048865
0.056581
0.049361
0.050814
0.051003
0.049648
0.049575
0.049051
0.050464
0.049558
0.054442
0.053660
0.051625
0.049869
0.052424
0.048749
0.051183
0.049224
0.052352
0.051017
0.048872
0.049082
0.049197
0.050087
0.055088
0.048554
0.047983
0.049190
0.049063
0.048850
0.049598
0.048842
0.052392
0.051373
0.049223
0.050114
0.048460
0.052374
0.049178
0.049538
0.055560
0.049133
0.050616
0.053424
0.050560
0.050843
0.047915
0.050443
0.051880
0.049519
0.049103
0.049956
0.048100
0.050592
0.050838
0.049127
0.052168
0.050084
0.050259
0.050711
0.051419
0.051567
0.053214
0.048858
0.051505
0.050354
0.049585
0.050785
0.048942
0.052773
0.052452
0.050460
0.049442
0.049987
0.050343
0.059534
0.051952
0.054556
0.050774
0.049930
0.050063
0.049844
0.048997
0.049572
0.051212
0.049194
0.050568
0.053543
0.054954
0.052267
0.054560
0.050703
0.050051
0.051883
0.050680
0.050352
0.048828
0.051323
0.061109
0.060997
0.053188
0.048759
0.051933
0.052625
0.051889
0.052372
0.048135
0.050406
0.053014
0.056407
0.066973
0.063437
0.068917
0.055544
0.058685
0.071781
0.092425
0.052617
0.054363
0.059520
0.053426
0.049476
0.050763
0.072257
0.053017
0.050171
0.051754
0.051958
0.052869
0.054292
0.055113
0.050081
0.049780
0.051639
0.049819
0.051137
0.049746
0.050825
0.052264
0.049768
0.054275
0.052746
0.050311
0.054310
0.052089
0.050078
0.055891
0.055433
0.050144
0.050145
0.049682
0.051570
0.050765
0.049212
0.051897
0.050963
0.049939
0.049289
0.052352
0.051397
0.046742
0.048607
0.050906
0.049545
0.050613
0.052282
0.050157
0.051342
0.049560
0.050885
0.054435
0.053212
0.049112
0.052000
0.052899
0.054986
0.053744
0.050750
0.050695
0.048065
0.052774
0.050717
0.059472
0.050099
0.048588
0.052018
0.050775
0.052364
0.051672
0.050670
0.049607
0.049788
0.052191
0.051191
0.052414
0.049534
0.049386
0.049586
0.052114
0.049621
0.049076
0.052038
0.053171
0.050605
0.050257
0.050740
0.053367
0.050037
0.051038
0.051527
0.049204
0.049657
0.051906
0.051202
0.050733
0.049715
0.049850
0.050907
0.049931
0.049795
0.049755
0.048152
0.052071
0.052405
0.050463
0.051772
0.050452
0.049920
0.050985
0.049726
0.049717
0.049478
0.052508
0.049745
0.050557
0.054680
0.049061
0.052261
0.051365
0.053529
0.052398
0.049751
0.051308
0.051119
0.052464
0.051202
0.049861
0.052235
0.051705
0.049629
0.051813
0.054739
0.052097
0.050497
0.051641
0.049868
0.050062
0.053852
0.051392
0.052623
0.052136
0.048510
0.050225
0.052022
0.051803
0.051640
0.051143
0.051253
0.051938
0.050287
0.048347
0.052530
0.051124
0.048671
0.051238
0.052615
0.055094
0.054048
0.053086
0.060742
0.052085
0.054811
0.051863
0.054402
0.052645
0.052559
0.054257
0.056033
0.049796
0.053344
0.059207
0.051483
0.050708
0.051196
0.053937
0.053593
0.050831
0.050817
0.059471
0.052106
0.051808
0.052222
0.050507
0.052553
0.050209
0.051861
0.051259
0.056594
0.051235
0.048912
0.051168
0.050628
0.049650
0.053878
0.049377
0.051655
0.053773
0.052096
0.051747
0.052173
0.048801
0.051845
0.050690
0.049748
0.049540
0.050182
0.054115
0.050788
0.048784
0.051047
0.050786
0.049339
0.050601
0.050879
0.054167
0.048734
0.048629
0.050008
0.050270
0.050918
0.051801
0.049627
0.050012
0.048955
0.054468
0.051265
0.050321
0.050565
0.054122
0.049841
0.050666
0.049964
0.050051
0.051004
0.050009
0.049034
0.048033
0.049487
0.055399
0.054032
0.052315
0.051581
0.054413
0.048908
0.051289
0.049776
0.052676
0.050672
0.049765
0.050030
0.051007
0.051304
0.050234
0.051245
0.049660
0.049816
0.050942
0.051418
0.049968
0.054001
0.047971
0.051331
0.050448
0.052063
0.051048
0.050513
0.053876
0.051408
0.054008
0.048420
0.052075
0.049851
0.050038
0.050641
0.050225
0.051030
0.050704
0.052978
0.048534
0.048800
0.050001
0.050198
0.050587
0.054922
0.050904
0.050439
0.051434
0.053525
0.051838
0.052826
0.049628
0.049895
0.053422
0.050115
0.049755
0.050878
0.052091
0.051181
0.049819
0.052077
0.052541
0.051257
0.050453
0.050167
0.049472
0.055598
0.049322
0.048741
0.050165
0.048780
0.051931
0.048321
0.049766
0.050277
0.052458
0.049758
0.049554
0.049646
0.050126
0.050542
0.052649
0.051134
0.052435
0.054492
0.049397
0.050124
0.051780
0.052274
0.052865
0.048567
0.049921
0.050751
0.050769
0.049214
0.049330
0.048406
0.052284
0.051247
0.050522
0.051537
0.050036
0.048605
0.050148
0.050361
0.047532
0.050879
0.050309
0.052422
0.049601
0.048386
0.052381
0.052483
0.057790
0.050726
0.054060
0.052007
0.050872
0.049060
0.051135
0.055202
0.051432
0.050686
0.049919
0.051302
0.048637
0.050635
0.052834
0.047995
0.054187
0.048153
0.049210
0.052341
0.052201
0.050486
0.052866
0.052069
0.051915
0.049998
0.049681
0.051337
0.050165
0.053050
0.051458
0.048906
0.052656
0.049213
0.050508
0.052264
0.050157
0.051383
0.051165
0.050649
0.050865
0.049912
0.048996
0.053475
0.052817
0.050826
0.050336
0.052306
0.051478
0.050968
0.050751
0.054884
0.051387
0.051590
0.051469
0.050966
0.050120
0.051891
0.051088
0.050186
0.048803
0.050649
0.051515
0.049160
0.052635
0.049756
0.052830
0.052225
0.047089
0.051066
0.051824
0.050754
0.050865
0.052697
0.051747
0.052424
0.049776
0.055254
0.050311
0.051454
0.050749
0.048308
0.050831
0.048123
0.052269
0.050572
0.051262
0.052802
0.053327
0.049918
0.051323
0.049687
0.049796
0.054370
0.051056
0.049641
0.050327
0.051367
0.053562
0.051818
0.051492
0.049454
0.051915
0.049843
0.049628
0.055570
0.050808
0.049012
0.049606
0.051236
0.050708
0.049515
0.051851
0.052262
0.050623
0.054300
0.050006
0.051185
0.053478
0.055338
0.051225
0.053680
0.048982
0.049851
0.049530
0.052826
0.048696
0.050763
0.050354
0.051133
0.049465
0.049304
0.050792
0.049655
0.056284
0.051727
0.048035
0.051593
0.048902
0.051665
0.051452
0.050705
0.051656
0.049288
0.051601
0.052318
0.051186
0.050177
0.049829
0.050263
0.051564
0.049573
0.050938
0.048909
0.049193
0.054895
0.051110
0.053799
0.050439
0.048898
0.051273
0.049619
0.052967
0.048998
0.049031
0.048734
0.051638
0.050603
0.050378
0.050524
0.050172
0.050246
0.050545
0.050557
0.047845
0.050822
0.049388
0.048817
0.049764
0.049524
0.048289
0.051432
0.050638
0.052097
0.050132
0.049659
0.049641
0.052907
0.053641
0.051906
0.050889
0.050829
0.052331
0.050152
0.051529
0.050780
0.049995
0.049486
0.050706
0.050698
0.048869
0.048602
0.054859
0.049300
0.050310
0.051018
0.049395
0.052599
0.048929
0.049504
0.050180
0.051399
0.050322
0.051060
0.051761
0.049719
0.048890
0.050088
0.049776
0.048123
0.055079
0.051114
0.048737
0.050607
0.054379
0.051327
0.051403
0.050767
0.053670
0.049899
0.050572
0.050741
0.053328
0.051823
0.050467
0.050769
0.051825
0.050391
0.048995
0.049485
0.051149
0.050012
0.049328
0.050208
0.050211
0.050858
0.052860
0.049803
0.048794
0.052348
0.051057
0.050993
0.049993
0.052453
0.051932
0.050976
0.050361
0.053361
0.049445
0.051146
0.050784
0.051480
0.049282
0.051176
0.050782
0.050000
0.050212
0.049599
0.049418
0.052566
0.048779
0.048633
0.049705
0.049472
0.050239
0.050707
0.049306
0.052258
0.050944
0.051845
0.050889
0.051866
0.048940
0.049530
0.051527
0.051423
0.050732
0.049270
0.051352
0.048559
0.051076
0.050451
0.050125
0.052340
0.049766
0.048039
0.050454
0.049480
0.050585
0.050466
0.049920
0.052064
0.050504
0.050718
0.052898
0.053460
0.050063
0.049662
0.050644
0.048639
0.050946
0.050363
0.054605
0.051476
0.052778
0.051642
0.056091
0.054781
0.049480
0.051799
0.051475
0.049872
0.049252
0.049033
0.050624
0.051898
0.049176
0.048804
0.050280
0.049745
0.051660
0.050281
0.051257
0.048868
0.050332
0.049331
0.050004
0.052675
0.049164
0.049911
0.049952
0.049324
0.049645
0.051894
0.049959
0.052541
0.047391
0.050219
0.057794
0.050473
0.049721
0.048777
0.051486
0.049000
0.051458
0.050431
0.048601
0.050508
0.050307
0.049908
0.050407
0.054388
0.047857
0.050967
0.049826
0.052210
0.050074
0.052136
0.053085
0.051595
0.052976
0.054739
0.051122
0.051773
0.053803
0.050932
0.054125
0.049399
0.050866
0.052588
0.051414
0.050646
0.051287
0.052247
0.050424
0.050590
0.050195
0.049115
0.050037
0.049635
0.052034
0.051484
0.050926
0.050209
0.051991
0.049853
0.050452
0.048594
0.050272
0.047980
0.050534
0.049948
0.051616
0.050305
0.050810
0.048178
0.049460
0.048325
0.050312
0.050687
0.049134
0.051302
0.051347
0.052330
0.051443
0.050445
0.052632
0.049698
0.050659
0.049968
