0.555700
0.572271
0.562923
0.564611
0.555986
0.559070
0.563233
0.588000
0.557497
0.576074
0.597155
0.548269
0.521976
0.539922
0.563765
0.527811
0.524074
0.524077
0.580206
0.534512
0.571596
0.569092
0.589294
0.555400
0.583680
0.593479
0.570036
0.566143
0.563858
0.558442
0.563877
0.598742
0.567780
0.561213
0.559163
0.622446
0.551976
0.566618
0.572179
0.587928
0.574934
0.567971
0.569395
0.561532
0.602990
0.518187
0.511253
0.517216
0.588520
0.538593
0.520864
0.578214
0.595932
0.547727
0.545361
0.535961
0.581746
0.559800
0.554704
0.526823
0.518475
0.559414
0.525916
0.563528
0.538874
0.574003
0.518499
0.523904
0.530412
0.578868
0.541793
0.534066
0.521084
0.577206
0.546011
0.541209
0.532273
0.538760
0.588524
0.526570
0.507284
0.538422
0.596145
0.549922
0.535634
0.519554
0.575253
0.546767
0.534139
0.528292
0.525656
0.519608
0.544993
0.555736
0.531213
0.568409
0.527945
0.535755
0.525293
0.569598
0.530604
0.520034
0.526140
0.556881
0.530607
0.525118
0.537786
0.537939
0.529874
0.538158
0.524982
0.543240
0.571965
0.536823
0.527079
0.533336
0.571110
0.539223
0.559983
0.557255
0.569113
0.518889
0.526551
0.548015
0.521158
0.568291
0.537094
0.521984
0.563213
0.583225
0.543611
0.519130
0.523343
0.554785
0.521645
0.520370
0.553000
0.530645
0.554874
0.582689
0.548435
0.533673
0.575310
0.531331
0.562877
0.518690
0.582561
0.526947
0.541691
0.580892
0.605829
0.536193
0.527463
0.523716
0.508598
0.514942
0.516351
0.516841
0.513278
0.560367
0.513448
0.523341
0.522653
0.553765
0.522370
0.514597
0.518417
0.550264
0.510758
0.508616
0.521572
0.513399
0.513736
0.519608
0.526419
0.517876
0.553840
0.511619
0.516531
0.517921
0.549173
0.517674
0.510723
0.519357
0.550204
0.519517
0.520090
0.527382
0.519432
0.560828
0.520352
0.514276
0.529250
0.564309
0.511911
0.514081
0.519284
0.551828
0.528854
0.596508
0.525384
0.586185
0.553674
0.548040
0.584822
0.565978
0.587798
0.588365
0.581927
0.587072
0.604130
0.566128
0.570798
0.575945
0.617651
0.568919
0.566033
0.569210
0.568001
0.566008
0.564701
0.568419
0.568999
0.608282
0.570276
0.564141
0.564216
0.605435
0.572594
0.586910
0.567877
0.618105
0.599064
0.588342
0.565827
0.591190
0.597787
0.596235
0.556655
0.564341
0.599022
0.567079
0.553751
0.513382
0.563408
0.529064
0.524317
0.523788
0.529292
0.554947
0.606832
0.625416
0.639373
0.643379
0.591218
0.583186
0.589623
0.593370
0.587905
0.592652
0.606415
0.642726
0.592209
0.576360
0.617564
0.696726
0.606701
0.585359
0.605729
0.664232
0.592781
0.603021
0.586277
0.583328
0.601018
0.606438
0.602864
0.601381
0.629505
0.583498
0.598263
0.602297
0.652514
0.601383
0.587475
0.599424
0.635796
0.597786
0.602316
0.603304
0.604271
0.641547
0.609271
0.602350
0.632390
0.664906
0.609993
0.585605
0.603227
0.615629
0.598472
0.605515
0.614368
0.597493
0.592604
0.597116
0.605013
0.590692
0.736632
0.616810
0.595543
0.591691
0.635868
0.639384
0.610277
0.596600
0.663002
0.608665
0.592149
0.606014
0.645515
0.599369
0.608160
0.610385
0.600589
0.655692
0.609810
0.606128
0.595698
0.641501
0.595650
0.599255
0.589666
0.654592
0.616703
0.603592
0.623578
0.608891
0.651763
0.613801
0.609625
0.597790
0.670084
0.636489
0.594767
0.600398
0.684928
0.599417
0.610265
0.615096
0.638753
0.605096
0.614532
0.602431
0.621110
0.659678
0.618825
0.632349
0.649790
0.688709
0.636301
0.593595
0.612516
0.679736
0.621946
0.622071
0.605937
0.615144
0.605879
0.594303
0.608185
0.636028
0.667105
0.605655
0.617361
0.641035
0.642571
0.614620
0.586457
0.626115
0.650728
0.608593
0.599291
0.599198
0.593423
0.681422
0.582839
0.616918
0.621401
0.633960
0.623830
0.612231
0.595340
0.629944
0.597797
0.617928
0.605566
0.623505
0.662601
0.647300
0.601482
0.615902
0.639591
0.618166
0.591466
0.625330
0.673442
0.612888
0.587608
0.637137
0.669640
0.612546
0.612747
0.613696
0.602054
0.632006
0.634282
0.593716
0.631389
0.660332
0.612747
0.633016
0.618323
0.673753
0.620620
0.652176
0.638449
0.671963
0.600375
0.626837
0.640616
0.608424
0.664291
0.590913
0.598035
0.646044
0.650153
0.613632
0.616208
0.628010
0.654139
0.616857
0.633942
0.621711
0.598197
0.618970
0.602674
0.618010
0.626436
0.686959
0.617969
0.643495
0.624063
0.662932
0.607116
0.653656
0.618652
0.653153
0.622930
0.610510
0.646591
0.627752
0.673854
0.620583
0.638669
0.658429
0.691023
0.641835
0.645159
0.613860
0.622695
0.662354
0.603453
0.604086
0.624407
0.643167
0.609944
0.621732
0.613469
0.666548
0.627355
0.638206
0.633534
0.667041
0.615175
0.626402
0.626515
0.678922
0.629763
0.610802
0.608857
0.606525
0.618715
0.589872
0.647911
0.629129
0.640845
0.618025
0.643068
0.609789
0.596351
0.641152
0.633945
0.620494
0.651695
0.605635
0.599425
0.612909
0.624793
0.654936
0.642286
0.645764
0.653440
0.705505
0.605871
0.604142
0.620837
0.663489
0.657632
0.631573
0.625621
0.641554
0.672164
0.646292
0.674519
0.651421
0.684065
0.666387
0.657380
0.661108
0.674975
0.675522
0.631744
0.651349
0.696588
0.664321
0.673512
0.662004
0.658153
0.673373
0.658021
0.655972
0.641361
0.720966
0.654117
0.647675
0.646454
0.682278
0.660164
0.659602
0.638465
0.696696
0.646170
0.647639
0.554947
0.558904
0.567564
0.582582
0.574033
0.585745
0.570141
0.545103
0.576290
0.556504
0.580971
0.541120
0.563019
0.569060
0.585878
0.580629
0.587242
0.579148
0.572048
0.571058
0.560836
0.565612
0.576760
0.604184
0.556218
0.559840
0.570813
0.570958
0.563267
0.547913
0.556692
0.593441
0.571482
0.589251
0.587500
0.605233
0.576267
0.559126
0.581165
0.593274
0.637461
0.574699
0.593310
0.578241
0.592512
0.566714
0.565170
0.575067
0.605179
0.565918
0.563216
0.558748
0.556839
0.577167
0.566411
0.555399
0.563032
0.599042
0.557815
0.563127
0.572794
0.609288
0.563095
0.571137
0.562302
0.606940
0.573135
0.570855
0.561214
0.569314
0.560659
0.566088
0.572762
0.578394
0.604457
0.567828
0.572887
0.555097
0.604403
0.568668
0.572173
0.575431
0.606861
0.569916
0.566666
0.577020
0.564005
0.610475
0.563918
0.571366
0.572783
0.617494
0.576233
0.571837
0.561633
0.604535
0.574883
0.606810
0.579402
0.630820
0.585599
0.587437
0.574376
0.568129
0.609672
0.566720
0.609261
0.591257
0.620481
0.584429
0.586790
0.578813
0.605852
0.570769
0.571814
0.570635
0.579935
0.589173
0.586953
0.580402
0.576880
0.619483
0.574576
0.569963
0.592294
0.621389
0.580672
0.574400
0.584431
0.620353
0.579343
0.588670
0.590582
0.590350
0.582590
0.568849
0.579480
0.576753
0.618215
0.581766
0.582217
0.582436
0.632150
0.581036
0.590097
0.591044
0.625999
0.578074
0.574429
0.587281
0.581167
0.623283
0.576742
0.576404
0.574670
0.613874
0.573467
0.575028
0.571878
0.614946
0.584137
0.584426
0.579579
0.580149
0.582698
0.585569
0.585804
0.573108
0.612900
0.572212
0.578806
0.575906
0.616215
0.616783
0.582314
0.581598
0.625790
0.575615
0.582411
0.584092
0.576277
0.585446
0.580708
0.573543
0.575808
0.611918
0.592939
0.570584
0.575215
0.618972
0.579296
0.579998
0.578012
0.624600
0.582957
0.580506
0.565558
0.581198
0.568911
0.581448
0.567645
0.569297
0.572302
0.581831
0.588233
0.542690
0.518435
0.583208
0.576364
0.546881
0.546858
0.552837
0.565954
0.542693
0.544189
0.554671
0.599029
0.547002
0.536267
0.555121
0.591183
0.535614
0.523341
0.543219
0.559168
0.523532
0.547366
0.560657
0.531932
0.587490
0.542645
0.563635
0.527825
0.586560
0.549945
0.529536
0.561252
0.577731
0.549997
0.546193
0.545512
0.567089
0.596128
0.532522
0.549232
0.556609
0.577471
0.555531
0.549269
0.568161
0.595044
0.547063
0.557049
0.565322
0.606081
0.554546
0.524267
0.541718
0.572685
0.596703
0.558108
0.539701
0.568827
0.599689
0.541646
0.537978
0.523052
0.600962
0.540910
0.543626
0.546845
0.586793
0.556211
0.535626
0.550801
0.545850
0.579675
0.566834
0.541989
0.559953
0.596908
0.574163
0.559155
0.553908
0.572456
0.544908
0.557549
0.557359
0.527109
0.546020
0.556553
0.564316
0.541628
0.580333
0.540999
0.562483
0.565456
0.584090
0.563077
0.530121
0.564078
0.608087
0.543685
0.538270
0.541721
0.546720
0.546195
0.557378
0.567057
0.532154
0.576980
0.556332
0.536674
0.561721
0.565740
0.525894
0.539234
0.544277
0.583509
0.569016
0.554634
0.549592
0.572375
0.540887
0.575089
0.560095
0.542889
0.597772
0.539257
0.559377
0.553981
0.589451
0.546376
0.554161
0.556081
0.607994
0.542885
0.590597
0.562422
0.527938
0.616782
0.575045
0.559904
0.555366
0.622108
0.590950
0.590565
0.553746
0.577791
0.527509
0.526111
0.525588
0.562513
0.581729
0.543067
0.587897
0.570892
0.622114
0.567557
0.585051
0.559112
0.624359
0.563736
0.562352
0.517034
0.560951
0.556307
0.543430
0.566705
0.566277
0.544687
0.514176
0.543279
0.555340
0.566896
0.543914
0.543416
0.559503
0.554714
0.519205
0.541657
0.524112
0.563145
0.555640
0.565165
0.566086
0.587759
0.558323
0.559390
0.558479
0.570689
0.605594
0.567690
0.568623
0.572162
0.607911
0.571666
0.552114
0.579247
0.613022
0.565763
0.572259
0.563977
0.550657
0.566575
0.565865
0.561194
0.522773
0.569352
0.552400
0.569223
0.549456
0.618273
0.527710
0.523936
0.515340
0.601126
0.538529
0.523630
0.540992
0.519682
0.600943
0.533151
0.517802
0.518199
0.557123
0.547888
0.550099
0.547534
0.556450
0.554689
0.570016
0.525655
0.570502
0.529414
0.525362
0.514310
0.528647
0.557677
0.516488
0.520338
0.531615
0.552524
0.514450
0.519718
0.528587
