0.542894
0.510118
0.502007
0.493617
0.490431
0.497642
0.489063
0.482538
0.514402
0.491461
0.536562
0.494711
0.515483
0.501833
0.505341
0.496184
0.489724
0.499629
0.501626
0.527670
0.488354
0.492142
0.502043
0.529407
0.496410
0.494232
0.495894
0.500200
0.529226
0.481105
0.493453
0.491196
0.529275
0.490283
0.497211
0.494183
0.488432
0.558273
0.520415
0.499048
0.495217
0.524917
0.497301
0.499670
0.499774
0.491206
0.519876
0.488939
0.493874
0.487843
0.529326
0.488810
0.494753
0.496050
0.493564
0.500476
0.491787
0.499440
0.492936
0.527537
0.492780
0.494371
0.496462
0.507988
0.495990
0.493546
0.494126
0.494673
0.532817
0.492848
0.488546
0.492873
0.535105
0.495494
0.499476
0.495892
0.495668
0.526234
0.493411
0.499360
0.493889
0.534941
0.488343
0.486553
0.484991
0.495870
0.535988
0.495178
0.499526
0.493923
0.530455
0.487725
0.504405
0.489646
0.491482
0.535045
0.488658
0.483524
0.486758
0.523279
0.489516
0.497980
0.501475
0.490461
0.482769
0.484345
0.485059
0.492422
0.533737
0.496158
0.488380
0.495270
0.489753
0.484307
0.488764
0.484379
0.491393
0.527988
0.484697
0.485953
0.484603
0.521831
0.483587
0.502628
0.486456
0.494327
0.526938
0.532977
0.489184
0.492737
0.538923
0.490965
0.493208
0.492478
0.495067
0.519192
0.495370
0.494786
0.495526
0.534934
0.494205
0.493760
0.502052
0.495514
0.535605
0.496085
0.500756
0.504105
0.531931
0.503761
0.492933
0.484950
0.498033
0.489601
0.501569
0.496743
0.503203
0.524777
0.490718
0.500378
0.497931
0.491397
0.494196
0.490068
0.491931
0.693470
0.581865
0.539872
0.515497
0.516359
0.529306
0.502472
0.525248
0.506686
0.505339
0.546589
0.503190
0.496727
0.497630
0.529047
0.495462
0.502910
0.497823
0.500393
0.532869
0.495412
0.492415
0.504733
0.535035
0.502649
0.504895
0.492331
0.488378
0.535696
0.499321
0.496619
0.502154
0.538163
0.507076
0.497078
0.500955
0.500650
0.495684
0.498097
0.501051
0.488682
0.523732
0.506101
0.496634
0.501317
0.503569
0.500787
0.498176
0.503641
0.494699
0.537969
0.499938
0.504423
0.500231
0.548405
0.505421
0.493679
0.493779
0.499365
0.535470
0.505489
0.499445
0.499470
0.539014
0.500920
0.496325
0.489301
0.497880
0.538000
0.497719
0.502093
0.504740
0.534396
0.497996
0.498744
0.499585
0.490067
0.493188
0.495647
0.495913
0.495385
0.529144
0.502421
0.524872
0.501622
0.494644
0.486527
0.497527
0.496371
0.500964
0.538052
0.506410
0.501992
0.493862
0.489275
0.503369
0.493437
0.502421
0.486900
0.538994
0.497696
0.506224
0.498112
0.526643
0.497757
0.501160
0.498071
0.497956
0.539950
0.501130
0.504634
0.497453
0.541493
0.491240
0.484179
0.500857
0.502033
0.540746
0.500795
0.504645
0.495699
0.535103
0.499458
0.506431
0.492554
0.501461
0.539055
0.492162
0.505435
0.510037
0.527115
0.489063
0.501547
0.500184
0.499455
0.497272
0.491109
0.498287
0.490995
0.530262
0.506783
0.500080
0.493948
0.494117
0.497260
0.496324
0.523069
0.530474
0.546796
0.496140
0.488161
0.496456
0.568115
0.539285
0.528079
0.498131
0.495354
0.539282
0.506273
0.499554
0.500580
0.538912
0.501392
0.502495
0.494939
0.497735
0.530373
0.501493
0.500920
0.497492
0.545615
0.507751
0.501251
0.496867
0.498201
0.534807
0.504456
0.504153
0.500753
0.531691
0.499333
0.497052
0.492701
0.503136
0.540771
0.495177
0.494211
0.494629
0.532683
0.502367
0.505372
0.505063
0.505048
0.489914
0.495908
0.493610
0.495470
0.532408
0.496661
0.494833
0.494196
0.504219
0.503445
0.490070
0.500067
0.493205
0.537770
0.505441
0.504735
0.498307
0.538448
0.496782
0.500677
0.494346
0.501676
0.536319
0.497324
0.496859
0.498467
0.582694
0.501141
0.493143
0.494016
0.509869
0.553815
0.531159
0.522485
0.500950
0.527224
0.509316
0.504967
0.513339
0.519491
0.540925
0.514360
11.733150
0.507277
0.532137
0.501005
0.494815
0.497004
0.502464
0.488769
0.490885
0.505436
0.494987
0.536163
0.495849
0.497759
0.495363
0.508611
0.500520
0.506377
0.502333
0.484806
0.534965
0.503781
0.497977
0.495858
0.538398
0.486049
0.497125
0.494573
0.491035
0.525661
0.495572
0.487449
0.497136
0.529173
0.489517
0.492816
0.496053
0.498814
0.530740
0.494967
0.496988
0.497322
0.529455
0.500495
0.484879
0.494431
0.494771
0.514877
0.491565
0.499877
0.491866
0.528216
0.494515
0.490170
0.492235
0.487329
0.494635
0.495749
0.488767
0.494142
0.529632
0.488180
0.497431
0.496904
0.489209
0.490515
0.495314
0.497794
0.487340
0.537326
0.495567
0.496138
0.498737
0.490013
0.498901
0.490588
0.503165
0.497989
0.536421
0.490965
0.499020
0.484351
0.537373
0.492674
0.497727
0.493420
0.498338
0.541042
0.489787
0.483637
0.495831
0.523719
0.493235
0.499730
0.494017
0.488764
0.527502
0.495259
0.494126
0.492178
0.535027
0.500921
0.496370
0.492470
0.493284
0.527993
0.484060
0.494660
0.491523
0.525031
0.492562
0.494531
0.501665
0.493885
0.498354
0.493343
0.488185
0.489728
0.535323
0.493443
0.495338
0.494947
0.488002
0.491057
0.497779
0.487829
0.490853
0.536256
0.497056
0.490574
0.492811
0.537494
0.496626
0.484557
0.499681
0.492178
0.517952
0.501247
0.497859
0.497136
0.525856
0.498177
0.493804
0.494210
0.492323
0.528152
0.498575
0.489780
0.545750
0.527394
0.499205
0.496382
0.499694
0.489747
0.522771
0.491911
0.491848
0.482984
0.527191
0.498532
0.489633
0.492709
0.499233
0.528124
0.495138
0.493632
0.485503
0.537893
0.496592
0.496170
0.495006
0.495457
0.496868
0.485701
0.492561
0.496136
0.525929
0.496430
0.484492
0.488645
0.492511
0.492766
0.496524
0.488984
0.491688
0.533820
0.498380
0.493419
0.493921
0.528519
0.510172
0.492447
0.494269
0.492708
0.529867
0.493757
0.498479
0.491065
0.527127
0.491156
0.493581
0.492323
0.495597
0.536315
0.584460
0.499758
0.495102
0.524567
0.493350
0.490972
0.490715
0.495566
0.533035
0.495491
0.488147
0.491238
0.536120
0.496844
0.493710
0.491167
0.496010
0.527503
0.495904
0.497281
0.496464
0.535096
0.493794
0.481820
0.498677
0.494527
0.495768
0.494142
0.499641
0.489636
0.536308
0.488414
0.495431
0.495208
0.493047
0.491379
0.496221
0.492565
0.497319
0.531424
0.491342
0.489511
0.485336
0.529299
0.497776
0.498109
0.493060
0.495249
0.528886
0.518715
0.492928
0.495475
0.536526
0.495145
0.499116
0.494999
0.492713
0.538245
0.497957
0.482592
0.499410
0.521596
0.494461
0.495590
0.492019
0.489364
0.541310
0.488546
0.492422
0.486380
0.522331
0.497830
0.503072
0.496847
0.496033
0.526258
0.492449
0.496798
0.495877
0.523277
0.495453
0.489896
0.491499
0.498607
0.495011
0.481891
0.507166
0.504783
0.568370
0.541944
0.530414
0.518410
0.519947
0.502725
0.522503
0.524453
0.520375
0.571799
0.519142
0.530830
0.538157
0.581632
0.519975
0.537710
0.513684
0.524283
0.537066
0.509142
0.503265
0.499947
0.591464
0.567876
0.554789
0.525551
0.532583
0.563154
0.539464
0.521093
0.488577
0.547776
0.529009
0.545177
0.534796
0.524702
0.550153
0.521273
0.548225
0.519171
0.546199
0.531724
0.492606
0.515457
0.539306
0.550026
0.503944
0.495991
0.537912
0.549345
0.527569
0.543612
0.532912
0.521884
0.543872
0.530705
0.514328
0.529037
0.568992
0.500491
0.503855
0.490476
0.515191
0.518531
0.539593
0.525362
0.524210
0.531666
0.486842
0.518773
0.488615
0.557190
0.485320
0.488130
0.492738
0.511609
0.553580
0.541047
0.531406
0.522797
0.553711
0.496212
0.487305
0.489316
0.531701
0.576869
0.728054
0.556032
0.510525
0.575615
0.525882
0.532239
0.542043
0.541384
0.581656
0.540477
0.553311
0.545877
0.573549
0.520607
0.559746
0.534046
0.531457
0.570851
0.504000
0.533121
0.486897
0.529876
0.519894
0.528577
0.524123
0.518212
0.516405
0.487662
0.502962
0.482682
0.524778
0.482550
0.482599
0.488658
0.489052
0.532336
0.488021
0.498183
0.489069
0.524519
0.494509
0.487341
0.486782
0.530064
0.489004
0.490744
0.496202
0.485024
0.528944
0.484009
0.489157
0.484495
0.523543
0.488469
0.480792
0.489272
0.486968
0.524753
0.486101
0.482043
0.486506
0.524009
0.489407
0.477607
0.487777
0.484630
0.525665
0.486166
0.496888
0.483433
0.519449
0.492419
0.492529
0.487294
0.482049
0.520174
0.486509
0.481956
0.487842
0.514341
0.492465
0.486619
0.485474
0.486171
0.480463
0.485203
0.482943
0.489072
0.513455
0.488477
0.483971
0.483224
0.485712
0.484564
0.482511
0.488317
0.487930
0.519760
0.490646
0.489473
0.485155
0.496030
0.488843
0.485125
0.482601
0.489327
0.529085
0.484544
0.485969
0.481573
0.517900
0.491640
0.485679
0.487453
0.485476
0.524650
0.485934
0.491083
0.488395
0.532056
0.488137
0.482314
0.486564
0.487231
0.524201
0.487828
0.494799
0.491397
0.522046
0.486950
0.483137
0.483394
0.491112
0.525147
0.483081
0.483421
0.485429
0.519810
0.489954
0.481688
0.486145
0.487791
0.530621
0.482027
0.488178
0.485841
0.524083
0.487470
0.496255
0.490384
0.488849
0.482487
0.489419
0.490361
0.485976
0.519241
0.491663
0.486735
0.482733
0.485258
0.488422
0.482460
0.490064
0.484403
0.523521
0.486704
0.493559
0.486471
0.520318
0.486294
0.481150
0.477359
0.484898
0.522818
0.512499
0.496511
0.486921
0.552644
0.487812
0.483354
0.486425
0.487358
0.531609
0.493646
0.488857
0.515845
0.539737
0.512297
0.486967
0.525243
0.541187
0.527142
0.495176
0.492646
0.513137
0.525691
0.484235
0.488215
0.499875
0.489894
0.526001
0.525707
0.538763
0.528750
0.593318
0.513279
0.508713
0.499242
0.490821
0.491323
0.548692
0.519658
0.509295
0.549344
0.499459
0.504272
0.507144
0.522455
0.512651
0.509439
0.505914
0.502681
