0.430668
0.427365
0.425317
0.433680
0.432190
0.429723
0.425309
0.428696
0.424978
0.427002
0.422512
0.425616
0.425775
0.426269
0.427978
0.427249
0.427739
0.423006
0.431205
0.428349
0.428401
0.429417
0.428341
0.429735
0.427433
0.425349
0.426915
0.426783
0.426540
0.424891
0.433297
0.429098
0.425986
0.431644
0.426066
0.430576
0.431835
0.432166
0.425301
0.426516
0.428102
0.429500
0.425544
0.429217
0.431488
0.424452
0.425361
0.426648
0.427883
0.431843
0.426823
0.427437
0.431257
0.429317
0.426285
0.431373
0.428867
0.426958
0.426381
0.427417
0.428166
0.424289
0.429580
0.426835
0.427947
0.425050
0.426815
0.426405
0.423986
0.430118
0.429939
0.425241
0.430596
0.428795
0.427377
0.427289
0.430919
0.427612
0.425556
0.430604
0.423883
0.425688
0.431194
0.429998
0.425122
0.431090
0.427118
0.427468
0.431512
0.428508
0.424170
0.426660
0.427429
0.427831
0.425656
0.427293
0.427456
0.429771
0.422194
0.427309
0.429190
0.425887
0.424353
0.427990
0.424285
0.427911
0.430680
0.426867
0.430855
0.428102
0.430727
0.429178
0.426998
0.425074
0.429516
0.427086
0.431369
0.426767
0.433249
0.429026
0.425935
0.427564
0.427345
0.428552
0.425962
0.427584
0.431333
0.425743
0.428393
0.428261
0.430110
0.428743
0.428584
0.426787
0.427500
0.432098
0.427313
0.425648
0.427656
0.426158
0.427441
0.429166
0.429413
0.426680
0.429974
0.426472
0.427030
0.430086
0.431010
0.425624
0.424512
0.428787
0.430090
0.428895
0.430759
0.428321
0.429381
0.425504
0.427500
0.428385
0.427078
0.430433
0.431134
0.425711
0.425676
0.426178
0.427676
0.426500
0.427903
0.424839
0.428281
0.426787
0.426253
0.425241
0.431437
0.428225
0.426293
0.433034
0.430532
0.427799
0.426954
0.430062
0.427871
0.430257
0.427265
0.426628
0.427337
0.431863
0.426652
0.426982
0.426257
0.428727
0.428225
0.426779
0.428329
0.430915
0.428441
0.424397
0.428783
0.431867
0.428524
0.423592
0.428715
0.430229
0.429755
0.426895
0.431341
0.426851
0.433715
0.425385
0.428584
0.426907
0.426735
0.428122
0.425401
0.430397
0.427166
0.427791
0.429042
0.426799
0.425911
0.423994
0.427564
0.431648
0.427492
0.427225
0.425249
0.425919
0.429958
0.429022
0.426608
0.427046
0.428907
0.426078
0.430241
0.425684
0.428437
0.427201
0.428668
0.428241
0.427002
0.425257
0.428480
0.427811
0.430289
0.424572
0.430994
0.428293
0.428345
0.427313
0.428492
0.427269
0.425939
0.432859
0.428253
0.429441
0.428122
0.426170
0.426628
0.428413
0.427464
0.426010
0.428771
0.429688
0.431026
0.429269
0.429660
0.430915
0.427134
0.428086
0.424660
0.425759
0.428584
0.430405
0.425245
0.428357
0.426285
0.424046
0.426054
0.426046
0.429935
0.428664
0.429325
0.424958
0.430500
0.427341
0.427707
0.427361
0.430249
0.428098
0.428042
0.425010
0.432018
0.426138
0.430170
0.428257
0.425684
0.426711
0.428178
0.428560
0.426875
0.426357
0.430600
0.428879
0.430401
0.427644
0.429648
0.429668
0.426879
0.429592
0.423202
0.428341
0.424787
0.430492
0.427771
0.430632
0.424572
0.428672
0.429393
0.426014
0.427114
0.429102
0.428827
0.427245
0.426297
0.426265
0.425034
0.431186
0.424213
0.430102
0.427560
0.428361
0.428660
0.427919
0.428480
0.428532
0.423265
0.428094
0.428265
0.426345
0.429680
0.431425
0.426205
0.428696
0.428887
0.426692
0.427174
0.427425
0.427823
0.429114
0.427755
0.425947
0.430102
0.431158
0.427640
0.427815
0.426138
0.428779
0.427680
0.429038
0.427612
0.429512
0.429628
0.428233
0.423584
0.426703
0.431492
0.426935
0.424285
0.430074
0.427377
0.431078
0.431807
0.426978
0.426241
0.427978
0.428317
0.428393
0.428209
0.432178
0.424927
0.428174
0.429739
0.429863
0.427811
0.424094
0.430217
0.429576
0.428680
0.428867
0.428747
0.429377
0.425536
0.429695
0.428612
0.427082
0.428480
0.428389
0.426026
0.427146
0.430281
0.428393
0.425190
0.428556
0.427895
0.431660
0.425950
0.427397
0.428540
0.431329
0.430695
0.426190
0.431974
0.424377
0.427859
0.423954
0.428042
0.429508
0.430429
0.430297
0.427205
0.430197
0.426927
0.428974
0.428763
0.428644
0.428186
0.431118
0.425588
0.430082
0.426070
0.429317
0.426194
0.426385
0.426727
0.427213
0.424731
0.427078
0.424931
0.429723
0.429779
0.425699
0.429464
0.427520
0.426755
0.425361
0.425357
0.427480
0.428512
0.429588
0.429046
0.426994
0.426592
0.427182
0.429233
0.428891
0.427640
0.424923
0.425417
0.428986
0.427417
0.427114
0.430381
0.427154
0.426907
0.425289
0.429994
0.430460
0.429855
0.429540
0.421449
0.428297
0.426962
0.429138
0.428970
0.429616
0.427070
0.426130
0.423425
0.429907
0.428480
0.427186
0.427472
0.425907
0.426130
0.428680
0.426867
0.433831
0.430695
0.428377
0.424433
0.428676
0.427811
0.427899
0.432233
0.431194
0.426703
0.430070
0.431345
0.427883
0.425401
0.431221
0.429616
0.425576
0.430620
0.432078
0.427452
0.427672
0.428923
0.423624
0.431377
0.425624
0.423835
0.427225
0.430365
0.428114
0.427460
0.429381
0.424345
0.425070
0.424150
0.428273
0.431580
0.424233
0.426580
0.426739
0.427891
0.425616
0.427456
0.427696
0.428126
0.426018
0.423911
0.430094
0.430126
0.427305
0.427241
0.427707
0.428134
0.428620
0.428703
0.429018
0.427082
0.430030
0.424899
0.426851
0.428883
0.428484
0.428596
0.428066
0.433269
0.428353
0.426807
0.422783
0.427783
0.429512
0.426010
0.433229
0.427297
0.432257
0.428540
0.429616
0.425859
0.429887
0.428771
0.424018
0.429711
0.425353
0.428982
0.428707
0.430747
0.431046
0.428907
0.430966
0.427309
0.432656
0.428600
0.429142
0.425588
0.424935
0.431293
0.428309
0.428162
0.426126
0.429150
0.426588
0.427309
0.430146
0.428178
0.431309
0.428421
0.428624
0.428851
0.427835
0.429002
0.428524
0.430851
0.427373
0.428835
0.425325
0.427966
0.425628
0.429496
0.424747
0.424986
0.425357
0.429441
0.433034
0.427205
0.429476
0.429329
0.427245
0.426297
0.427421
0.427775
0.428600
0.426209
0.427154
0.430456
0.427309
0.429389
0.426771
0.427644
0.428046
0.433496
0.426317
0.426688
0.427903
0.428954
0.427353
0.427114
0.423237
0.425261
0.430022
0.425174
0.426962
0.430010
0.428441
0.426887
0.425950
0.429664
0.429030
0.429054
0.426405
0.428644
0.424990
0.425425
0.423592
0.428815
0.429536
0.428114
0.428652
0.426305
0.428660
0.428237
0.425062
0.427365
0.428361
0.424006
0.432281
0.427592
0.424186
0.428433
0.430221
0.427018
0.429349
0.426034
0.426907
0.425460
0.423516
0.425114
0.430130
0.427150
0.424986
0.430966
0.429122
0.431289
0.425640
0.428245
0.427699
0.430648
0.424962
0.428114
0.426026
0.429289
0.426034
0.427783
0.433337
0.427022
0.429186
0.429130
0.428751
0.431568
0.429927
0.431524
0.431377
0.427138
0.423456
0.425604
0.429038
0.428859
0.430134
0.428090
0.427899
0.426225
0.426476
0.428146
0.426556
0.426070
0.427441
0.428110
0.429496
0.426524
0.427962
0.427739
0.426265
0.427190
0.429281
0.428086
0.428580
0.430544
0.427377
0.430600
0.423994
0.428472
0.426484
0.427030
0.429875
0.428090
0.429006
0.423911
0.426397
0.427217
0.427134
0.425931
0.427337
0.426560
0.426476
0.425831
0.424281
0.423066
0.428289
0.425699
0.427791
0.431030
0.428190
0.429871
0.429464
0.424612
0.424520
0.426560
0.432839
0.427010
0.430225
0.430249
0.427496
0.427253
0.427329
0.424644
0.428751
0.427556
0.425305
0.426201
0.429150
0.426632
0.426034
0.429456
0.429030
0.426277
0.427229
0.426349
0.426755
0.425911
0.426186
0.429448
0.426560
0.427843
0.425799
0.429110
0.426707
0.428293
0.427488
0.428014
0.421994
0.428895
0.429110
0.426094
0.430771
0.430269
0.425205
0.429767
0.425624
0.428855
0.431018
0.429425
0.426707
0.424154
0.427054
0.430508
0.427943
0.426421
0.428727
0.423536
0.429090
0.428002
0.428090
0.428488
0.424831
0.428349
0.428138
0.430205
0.426628
0.426449
0.428158
0.430102
0.429867
0.432297
0.428325
0.427723
0.429859
0.429074
0.426819
0.429365
0.426676
0.423974
0.427719
0.428855
0.427779
0.427795
0.427572
0.425552
0.427261
0.426190
0.423588
0.428608
0.429078
0.428237
0.425341
0.426771
0.431074
0.428217
0.431293
0.426584
0.426624
0.429946
0.430974
0.431353
0.430739
0.427656
0.426500
0.424871
0.423170
0.428755
0.427413
0.429106
0.430811
0.430496
0.426190
0.430078
0.426775
0.427703
0.431229
0.432178
0.428433
0.425783
0.431484
0.425106
0.430074
0.429345
0.426010
0.425086
0.425962
0.428946
0.427433
0.427452
0.430285
0.430026
0.423923
0.426799
0.427536
0.430122
0.431496
0.425867
0.424130
0.427512
0.427596
0.425401
0.425086
0.430245
0.425094
0.428325
0.427476
0.429500
0.429229
0.432241
0.428524
0.427417
0.426899
0.425484
0.426807
0.428409
0.427867
0.430496
0.427014
0.431178
0.428966
0.429174
0.429313
0.429150
0.427437
0.430385
0.427261
0.427827
0.428799
0.430480
0.429831
0.430923
0.426217
0.430504
0.430122
0.427106
0.423488
0.429484
0.429747
0.431317
0.430456
0.430381
0.427978
0.425433
0.425899
0.427644
0.428843
0.429500
0.427190
0.423974
0.429982
0.425795
0.430305
0.425178
0.430058
0.427496
0.424576
0.424863
0.429162
0.428803
0.430277
0.423763
0.425783
0.430066
0.428931
0.424867
0.431556
0.430560
0.426329
0.429301
0.426552
0.430958
0.431692
0.427998
0.431927
0.424337
0.426325
0.430596
0.428397
0.425070
0.428237
0.428417
0.429811
0.429528
0.428385
0.429237
0.430090
0.427006
0.427110
0.427636
0.429441
0.427703
0.425775
0.430257
0.431130
0.430134
0.424962
0.431162
0.427827
0.429034
0.427393
0.426731
0.428592
0.428289
0.429393
0.426369
0.427373
0.425190
0.425114
0.428811
0.422899
0.428660
0.426178
0.429927
0.429122
