0.198872
0.187999
0.213756
0.201027
0.183748
0.204700
0.230648
0.212485
0.203868
0.220394
0.220346
0.188553
0.193489
0.196712
0.204111
0.220107
0.222378
0.219700
0.204880
0.198441
0.194159
0.181916
0.209103
0.202059
0.192820
0.188792
0.223995
0.239322
0.213489
0.183605
0.172740
0.202159
0.184103
0.201310
0.216274
0.219553
0.200589
0.198501
0.213302
0.216660
0.216848
0.205071
0.222903
0.234967
0.212951
0.224892
0.155888
0.193991
0.190720
0.174521
0.199963
0.190975
0.193720
0.219896
0.205318
0.207916
0.225445
0.217330
0.196840
0.215672
0.195537
0.218151
0.206593
0.211079
0.226848
0.195445
0.210453
0.200167
0.220182
0.199792
0.175525
0.193573
0.211015
0.213007
0.219740
0.223298
0.174971
0.209206
0.211720
0.217991
0.233338
0.218306
0.200135
0.201071
0.179043
0.209613
0.221386
0.212828
0.202653
0.203342
0.205346
0.184027
0.236007
0.171250
0.215441
0.233198
0.205485
0.194728
0.229135
0.197565
0.190868
0.201947
0.216043
0.205186
0.204075
0.209131
0.202198
0.242170
0.197382
0.218529
0.218386
0.222330
0.201477
0.207071
0.186780
0.208979
0.203912
0.204864
0.185310
0.201489
0.202740
0.204716
0.200621
0.207959
0.192218
0.206983
0.195792
0.215951
0.203505
0.189916
0.234346
0.199318
0.204939
0.206772
0.209194
0.198222
0.218601
0.194565
0.203716
0.202824
0.177446
0.215206
0.229178
0.217286
0.212915
0.200099
0.219350
0.220218
0.186872
0.213700
0.193111
0.174537
0.205792
0.198577
0.238178
0.187784
0.210915
0.195876
0.210672
0.222282
0.213178
0.201756
0.200497
0.192979
0.179784
0.221270
0.208688
0.204888
0.208963
0.223194
0.190262
0.202119
0.198274
0.231266
0.246545
0.228059
0.214657
0.233441
0.202947
0.212912
0.208115
0.182155
0.215250
0.202210
0.206174
0.198051
0.187924
0.214756
0.193055
0.189099
0.226561
0.193441
0.178577
0.197410
0.218828
0.211816
0.202645
0.233569
0.211915
0.204135
0.220095
0.198198
0.202410
0.228541
0.215246
0.164366
0.202935
0.208509
0.216868
0.206063
0.205888
0.164649
0.205796
0.209234
0.189501
0.196832
0.211318
0.217904
0.202414
0.221915
0.196111
0.197075
0.211023
0.213720
0.189386
0.222517
0.228226
0.216672
0.209585
0.223684
0.198163
0.213449
0.219119
0.227449
0.222258
0.230390
0.200613
0.227346
0.205923
0.223856
0.215027
0.178111
0.204617
0.214290
0.182621
0.186768
0.202334
0.184884
0.204003
0.224728
0.175951
0.163940
0.218254
0.208298
0.206736
0.195764
0.241393
0.223119
0.192669
0.166119
0.186553
0.207800
0.224955
0.168354
0.243202
0.202872
0.216242
0.210645
0.211485
0.205816
0.204473
0.216601
0.208035
0.207943
0.205593
0.184963
0.205653
0.179784
0.170314
0.166063
0.189290
0.223366
0.205429
0.185047
0.210740
0.215178
0.215202
0.188597
0.206649
0.188928
0.203394
0.225517
0.196362
0.211959
0.230322
0.167987
0.164800
0.199135
0.215983
0.219983
0.219378
0.175505
0.205537
0.215657
0.204047
0.231525
0.196418
0.204473
0.185179
0.187641
0.196800
0.217079
0.206780
0.210166
0.183031
0.195545
0.206553
0.204800
0.191928
0.200768
0.215162
0.194696
0.208665
0.212541
0.213939
0.220143
0.210573
0.210374
0.188370
0.203649
0.208800
0.176975
0.186015
0.221529
0.209143
0.218338
0.218258
0.196700
0.231744
0.206087
0.172167
0.229760
0.200728
0.209501
0.194724
0.169836
0.202517
0.191310
0.208720
0.212382
0.182143
0.216573
0.220708
0.184669
0.208708
0.222274
0.214047
0.210155
0.203732
0.193019
0.181912
0.181780
0.187282
0.199302
0.201402
0.186932
0.226621
0.217876
0.192736
0.188728
0.211055
0.219880
0.219254
0.206716
0.206326
0.209326
0.205063
0.218382
0.215139
0.194326
0.201338
0.194406
0.214449
0.182521
0.194645
0.202768
0.193613
0.204692
0.221063
0.244700
0.201457
0.211900
0.204645
0.201864
0.215425
0.224923
0.218521
0.227226
0.217155
0.197744
0.213828
0.174055
0.201744
0.197485
0.186975
0.226816
0.201358
0.174625
0.231075
0.210111
0.188597
0.195139
0.214127
0.217708
0.181127
0.212995
0.228557
0.235625
0.211485
0.196465
0.223672
0.212079
0.199569
0.215314
0.210123
0.189366
0.214716
0.205159
0.193326
0.195079
0.214621
0.199764
0.197800
0.228230
0.215533
0.184183
0.207019
0.212545
0.191820
0.211880
0.186637
0.217334
0.193226
0.206880
0.193222
0.225234
0.236840
0.148151
0.203860
0.223597
0.200163
0.212123
0.207852
0.190246
0.183633
0.188804
0.206465
0.208943
0.189095
0.226378
0.196657
0.168426
0.189852
0.215115
0.211218
0.210529
0.217991
0.228836
0.187190
0.210832
0.224975
0.216911
0.219784
0.203238
0.208688
0.218007
0.199951
0.207170
0.197445
0.217641
0.207139
0.180904
0.202051
0.192597
0.209234
0.225489
0.217700
0.223135
0.189904
0.173446
0.220186
0.215529
0.180577
0.234370
0.202868
0.219565
0.189788
0.191601
0.207258
0.205665
0.217007
0.209593
0.225656
0.194449
0.221234
0.213585
0.193501
0.199202
0.200453
0.211927
0.225557
0.222680
0.244868
0.215246
0.209218
0.220676
0.194493
0.193788
0.183298
0.204876
0.210501
0.178924
0.201338
0.215366
0.211358
0.208007
0.211880
0.209581
0.223107
0.207083
0.200617
0.209645
0.214011
0.192095
0.207298
0.209190
0.165167
0.207007
0.212254
0.191119
0.217979
0.207752
0.206764
0.215135
0.197497
0.196597
0.232270
0.197605
0.214700
0.210445
0.214995
0.214967
0.194545
0.195186
0.206676
0.188310
0.218398
0.179418
0.183031
0.237891
0.192525
0.209043
0.212927
0.198111
0.235043
0.188007
0.187796
0.217047
0.200700
0.206402
0.209306
0.193720
0.218103
0.177700
0.209350
0.221370
0.208302
0.198497
0.191163
0.217003
0.222226
0.204896
0.220198
0.186394
0.212876
0.216716
0.212003
0.178202
0.210019
0.180230
0.190457
0.185812
0.206099
0.199055
0.183218
0.196477
0.210394
0.204031
0.191979
0.183302
0.210748
0.191493
0.227417
0.183167
0.224868
0.243290
0.185804
0.174187
0.206864
0.169629
0.187071
0.216704
0.207892
0.212374
0.188553
0.185087
0.208995
0.204167
0.194924
0.206581
0.222529
0.181179
0.178234
0.194023
0.205951
0.229027
0.207529
0.197720
0.225087
0.189469
0.205975
0.208724
0.205537
0.193015
0.223605
0.185366
0.193784
0.219832
0.219043
0.204051
0.212884
0.186951
0.209497
0.190453
0.203274
0.175438
0.195665
0.212908
0.206692
0.217605
0.208904
0.209808
0.194796
0.216111
0.206852
0.204692
0.202772
0.205955
0.203872
0.206374
0.163852
0.217274
0.211481
0.218668
0.198673
0.210577
0.184115
0.188764
0.210441
0.214421
0.248636
0.193537
0.205724
0.194159
0.196509
0.220513
0.234573
0.222194
0.211103
0.204163
0.202071
0.219461
0.214991
0.171505
0.215111
0.186924
0.199696
0.216923
0.194876
0.187836
0.214653
0.203330
0.195015
0.194888
0.196963
0.211406
0.196621
0.206167
0.197999
0.234700
0.199653
0.207927
0.208310
0.203031
0.219668
0.174358
0.203465
0.214151
0.187426
0.197617
0.193430
0.206597
0.231848
0.219166
0.226816
0.211043
0.188497
0.191282
0.169649
0.212872
0.196501
0.197768
0.208250
0.180505
0.217613
0.206617
0.200888
0.204577
0.212159
0.203238
0.211645
0.220378
0.218091
0.196525
0.178430
0.197856
0.203230
0.215513
0.198557
0.209569
0.204553
0.178740
0.206071
0.194171
0.227055
0.229676
0.207457
0.182210
0.187151
0.210808
0.175513
0.186657
0.195266
0.218390
0.188748
0.201354
0.221569
0.185262
0.215943
0.221888
0.195864
0.178322
0.212174
0.213238
0.203991
0.197553
0.203238
0.212449
0.216202
0.193445
0.206541
0.217816
0.199410
0.209298
0.192856
0.219465
0.191198
0.205378
0.215417
0.190035
0.188820
0.218688
0.202095
0.196465
0.204159
0.206378
0.191912
0.200752
0.221533
0.196557
0.191278
0.208521
0.203079
0.208477
0.195884
0.213298
0.220374
0.183119
0.198473
0.196370
0.222704
0.224051
0.166701
0.161350
0.201852
0.197346
0.168681
0.187143
0.210202
0.197677
0.187274
0.219959
0.211163
0.178629
0.211127
0.225170
0.197892
0.208019
0.193613
0.214904
0.217166
0.223820
0.209708
0.222326
0.227131
0.196581
0.219625
0.174007
0.212043
0.200390
0.200804
0.198744
0.172087
0.225959
0.194529
0.188768
0.201537
0.179924
0.216139
0.209621
0.222035
0.161593
0.195983
0.203812
0.200967
0.191430
0.211481
0.183430
0.221664
0.196820
0.202127
0.211947
0.210509
0.200744
0.182983
0.177394
0.210421
0.188254
0.219951
0.208772
0.163529
0.207091
0.172924
0.205517
0.221350
0.214676
0.180772
0.189226
0.192167
0.190784
0.196119
0.196131
0.170800
0.213756
0.210155
0.204888
0.199995
0.196314
0.198963
0.185370
0.198908
0.202720
0.180434
0.209043
0.222704
0.181418
0.181645
0.200979
0.157442
0.186776
0.203425
0.215286
0.207820
0.214505
0.206039
0.215832
0.221764
0.207983
0.192505
0.166330
0.221318
0.213888
0.206633
0.213645
0.182760
0.205951
0.198613
0.214461
0.179179
0.194649
0.208916
0.222326
0.203621
0.189712
0.199151
0.199115
0.202561
0.178892
0.194939
0.209489
0.206748
0.193963
0.229075
0.211493
0.182605
0.213242
0.238724
0.200684
0.210919
0.206011
0.208433
0.224903
0.195808
0.193354
0.199557
0.200123
0.171031
0.173569
0.230007
0.190410
0.213680
0.213688
0.219676
0.202425
0.222342
0.198836
0.206585
0.208772
0.188876
0.184732
0.201892
0.177940
0.207370
0.211915
0.213222
0.216680
0.203824
0.183808
0.197573
0.193967
0.209720
0.206820
0.211537
0.205406
0.195290
0.213382
0.172203
0.229884
0.198963
0.195342
0.188569
0.186071
0.192820
0.219190
0.177633
0.206406
0.190147
0.155589
0.183418
0.226413
0.187027
0.208055
0.212398
0.201971
0.193565
0.196346
0.202067
0.212880
0.226764
0.207708
0.207258
0.213521
0.216900
0.221768
0.193569
0.215553
0.214545
0.203186
0.206035
0.201023
