0.124470
0.124612
0.124434
0.122154
0.123885
0.123715
0.124633
0.124281
0.124815
0.126714
0.124827
0.124871
0.123711
0.124409
0.122609
0.123834
0.125220
0.126508
0.122948
0.123628
0.123418
0.123070
0.124449
0.124388
0.123800
0.125502
0.124762
0.124268
0.126002
0.125591
0.121600
0.124610
0.125717
0.123617
0.124926
0.122831
0.123654
0.123504
0.125310
0.124589
0.124909
0.121970
0.123591
0.123397
0.122969
0.126424
0.125967
0.123309
0.122590
0.124953
0.122978
0.125803
0.123635
0.123785
0.124236
0.123103
0.122011
0.124628
0.125171
0.123795
0.123402
0.125816
0.122968
0.124832
0.122711
0.126556
0.123951
0.124762
0.125191
0.124861
0.124311
0.123885
0.124796
0.124754
0.124152
0.124550
0.123797
0.123413
0.124346
0.123471
0.127036
0.124055
0.121861
0.121421
0.124557
0.123406
0.124348
0.125700
0.123433
0.123796
0.124104
0.126284
0.124687
0.124309
0.126217
0.125108
0.124427
0.124813
0.124940
0.124526
0.123405
0.124885
0.125553
0.123834
0.124690
0.125235
0.124180
0.123049
0.125101
0.125002
0.122511
0.125107
0.124010
0.124918
0.123357
0.124731
0.123982
0.124852
0.122919
0.124250
0.125984
0.122495
0.123387
0.123858
0.124583
0.124548
0.122006
0.125714
0.124080
0.124863
0.124011
0.124564
0.123402
0.123894
0.125458
0.122417
0.124394
0.126144
0.124415
0.122226
0.124376
0.124692
0.122886
0.125232
0.124866
0.122892
0.123245
0.122610
0.123909
0.123680
0.125890
0.124022
0.122535
0.125477
0.123260
0.124194
0.123804
0.124951
0.125048
0.123664
0.125050
0.123696
0.122737
0.124141
0.123693
0.125240
0.124335
0.123417
0.124185
0.124537
0.122820
0.122120
0.125685
0.125525
0.124027
0.123896
0.125000
0.122143
0.122483
0.123601
0.123808
0.123988
0.124399
0.123987
0.123503
0.123837
0.124368
0.123406
0.123261
0.123968
0.124674
0.124253
0.123645
0.124624
0.125224
0.123290
0.124643
0.125390
0.122732
0.123599
0.123494
0.125308
0.122816
0.123458
0.122463
0.125542
0.124313
0.125322
0.123458
0.124040
0.124527
0.123281
0.125477
0.124596
0.124850
0.124280
0.123187
0.124823
0.124571
0.124422
0.124878
0.125433
0.123948
0.123348
0.124575
0.124102
0.125045
0.124380
0.124231
0.124678
0.124842
0.125134
0.123709
0.125951
0.123890
0.124131
0.124458
0.124753
0.124800
0.124571
0.124578
0.124574
0.123460
0.124035
0.121793
0.125863
0.121825
0.123142
0.123174
0.123368
0.122927
0.124202
0.125459
0.123610
0.123181
0.122859
0.124233
0.125092
0.123744
0.121880
0.124247
0.125027
0.124380
0.124643
0.122500
0.124486
0.124503
0.123770
0.123933
0.124244
0.125603
0.124633
0.122556
0.123325
0.125402
0.123589
0.125058
0.125653
0.124219
0.124324
0.122542
0.125935
0.123969
0.124699
0.122492
0.123799
0.125108
0.125825
0.122869
0.124585
0.124759
0.125255
0.123860
0.123035
0.122679
0.123013
0.124580
0.124383
0.125548
0.124404
0.124158
0.124402
0.122075
0.123401
0.124362
0.124670
0.123291
0.124037
0.125062
0.124346
0.125047
0.124830
0.126175
0.123771
0.124158
0.121937
0.125122
0.123024
0.124868
0.124175
0.123603
0.123160
0.123509
0.124936
0.124018
0.126616
0.125005
0.124265
0.125002
0.122939
0.125077
0.124555
0.123734
0.125512
0.123692
0.123789
0.125772
0.122492
0.123141
0.122976
0.123347
0.125665
0.123988
0.123249
0.123928
0.124444
0.123343
0.124483
0.123529
0.125246
0.125700
0.123979
0.123421
0.122416
0.124867
0.123363
0.123905
0.124433
0.124800
0.124349
0.121568
0.123618
0.123974
0.123727
0.126336
0.125169
0.122783
0.123804
0.125498
0.124299
0.124459
0.121949
0.123284
0.124641
0.124847
0.125606
0.124288
0.123522
0.123529
0.122920
0.124361
0.123474
0.122746
0.124481
0.124864
0.126372
0.122110
0.124128
0.123598
0.122931
0.122658
0.125216
0.125700
0.123834
0.125662
0.125124
0.124157
0.122547
0.124433
0.124732
0.123554
0.123364
0.123891
0.125493
0.123638
0.121332
0.123800
0.126234
0.124642
0.123125
0.123251
0.125601
0.122766
0.124935
0.123863
0.124318
0.123028
0.123545
0.123327
0.122976
0.124994
0.123023
0.124469
0.124469
0.124271
0.122325
0.124122
0.123315
0.124917
0.123667
0.125281
0.122848
0.123188
0.124001
0.124014
0.124003
0.125150
0.125041
0.125560
0.123696
0.123949
0.124912
0.123186
0.125005
0.123586
0.124899
0.123514
0.125082
0.124911
0.123522
0.123845
0.124226
0.126117
0.123761
0.123049
0.123277
0.125007
0.124475
0.125379
0.123435
0.124606
0.124928
0.122396
0.125000
0.123672
0.124190
0.123804
0.124595
0.122491
0.122924
0.127307
0.122927
0.125103
0.123967
0.121842
0.123301
0.124082
0.124674
0.126675
0.122244
0.123069
0.124813
0.125727
0.125095
0.123776
0.123598
0.126297
0.121432
0.121456
0.124411
0.125698
0.123199
0.123299
0.124699
0.122923
0.123136
0.124170
0.124004
0.122779
0.123912
0.123492
0.123082
0.122104
0.125239
0.123550
0.122607
0.123216
0.124877
0.121614
0.124932
0.122890
0.125393
0.126251
0.124336
0.124428
0.123584
0.124854
0.125215
0.125583
0.124404
0.125838
0.123836
0.122296
0.126199
0.124972
0.123908
0.125083
0.124413
0.122264
0.124814
0.125423
0.126306
0.124885
0.124525
0.123905
0.125282
0.123809
0.124391
0.123262
0.125669
0.124437
0.125580
0.125525
0.124720
0.125354
0.123315
0.123400
0.124686
0.123826
0.124361
0.122859
0.123859
0.124355
0.126226
0.125170
0.123423
0.124896
0.121573
0.123326
0.123008
0.126213
0.122818
0.125464
0.123464
0.123107
0.123538
0.124543
0.126428
0.123251
0.124361
0.122394
0.122402
0.122771
0.123266
0.123864
0.122812
0.124467
0.124152
0.125338
0.126122
0.122027
0.124030
0.123701
0.125573
0.126359
0.126053
0.125225
0.123001
0.122905
0.124091
0.123040
0.123763
0.124032
0.122901
0.123895
0.123736
0.123770
0.124451
0.123590
0.124301
0.123748
0.123511
0.123029
0.126412
0.124681
0.125256
0.123926
0.124011
0.125806
0.124667
0.122836
0.124917
0.122961
0.123589
0.124697
0.125192
0.123931
0.124077
0.122801
0.123789
0.124414
0.124272
0.125798
0.124684
0.122905
0.125713
0.125790
0.124642
0.124847
0.124560
0.124051
0.125074
0.125959
0.121331
0.124120
0.124002
0.124837
0.125331
0.124770
0.125484
0.124038
0.124230
0.123508
0.123538
0.125328
0.124493
0.124956
0.123408
0.123289
0.123194
0.125176
0.124954
0.126202
0.124338
0.123493
0.124443
0.123586
0.124332
0.126266
0.122992
0.123083
0.124372
0.124004
0.123507
0.123015
0.123795
0.123870
0.124447
0.126097
0.123966
0.125187
0.123829
0.125962
0.125469
0.124218
0.122756
0.123912
0.126175
0.123779
0.124505
0.123144
0.124088
0.123249
0.124947
0.124972
0.125478
0.122488
0.124173
0.125122
0.123081
0.123162
0.125659
0.123500
0.121645
0.123439
0.123010
0.124258
0.125847
0.126326
0.123717
0.123091
0.124162
0.124382
0.123293
0.125244
0.123452
0.122952
0.125035
0.126019
0.124590
0.124135
0.124439
0.124923
0.123032
0.125909
0.123662
0.125353
0.123536
0.124086
0.124435
0.123016
0.123686
0.122593
0.125076
0.124364
0.126476
0.126100
0.125330
0.123414
0.123634
0.124678
0.125923
0.124552
0.124754
0.125621
0.123884
0.124679
0.126114
0.123096
0.125011
0.125765
0.123320
0.125296
0.124544
0.122988
0.124344
0.123950
0.123910
0.123431
0.124856
0.126463
0.123432
0.124753
0.122857
0.123212
0.124779
0.123423
0.123979
0.124951
0.122016
0.124025
0.124457
0.124092
0.123240
0.123239
0.124262
0.122428
0.125029
0.125238
0.124717
0.124012
0.125173
0.124514
0.123274
0.125557
0.124558
0.124398
0.124958
0.122843
0.124384
0.122156
0.122759
0.125922
0.126727
0.123517
0.122295
0.123123
0.123793
0.123882
0.126322
0.123507
0.124476
0.124151
0.122363
0.125016
0.124038
0.126833
0.125486
0.123933
0.125617
0.125131
0.124913
0.125466
0.124213
0.124873
0.124959
0.125206
0.125815
0.124047
0.124620
0.122206
0.123034
0.124338
0.125591
0.122726
0.125620
0.122600
0.123421
0.123241
0.123713
0.123233
0.126050
0.124987
0.125775
0.125712
0.123894
0.123064
0.124603
0.123872
0.123359
0.125012
0.125668
0.123572
0.124782
0.123981
0.123204
0.125595
0.125514
0.124692
0.121913
0.124029
0.122923
0.124635
0.124744
0.124855
0.124086
0.122961
0.124172
0.124872
0.125154
0.124368
0.125226
0.123929
0.125241
0.123020
0.124133
0.122974
0.125358
0.123103
0.125083
0.123787
0.123357
0.123593
0.124506
0.124560
0.122656
0.122884
0.123549
0.125058
0.124316
0.125870
0.123816
0.123307
0.125431
0.123925
0.124590
0.124943
0.125332
0.124693
0.125308
0.122600
0.123271
0.124592
0.126192
0.124522
0.125215
0.124326
0.124624
0.122111
0.124462
0.123244
0.124691
0.123046
0.124145
0.123602
0.123010
0.126610
0.125971
0.125041
0.124373
0.123992
0.124643
0.124335
0.124154
0.121579
0.125029
0.122639
0.122450
0.124614
0.124339
0.124774
0.125938
0.124356
0.124344
0.123562
0.123137
0.123130
0.123657
0.122907
0.123369
0.123046
0.125790
0.123125
0.122911
0.123978
0.123115
0.124924
0.125336
0.123801
0.123975
0.122528
0.123913
0.121785
0.124663
0.123701
0.123770
0.123237
0.122575
0.123857
0.125036
0.124443
0.124117
0.125290
0.124768
0.123915
0.122639
0.126207
0.125683
0.123403
0.123934
0.124416
0.122534
0.123326
0.123877
0.123985
0.124055
0.124165
0.122662
0.122063
0.124200
0.125576
0.124280
0.124334
0.125325
0.126325
0.124674
0.124139
0.122670
0.123743
0.122604
0.123539
0.122878
0.124651
0.124472
0.122865
0.122340
0.124197
0.124740
0.125191
0.122461
0.122319
0.126235
0.123034
0.124403
0.124155
0.124781
0.125432
0.124116
0.123645
0.123708
0.124025
0.123519
0.124050
0.125244
0.123309
0.124986
0.124226
0.123351
0.124398
0.123675
