0.248472
0.267462
0.241683
0.238614
0.283233
0.220417
0.212392
0.239641
0.237908
0.227788
0.218526
0.285926
0.238335
0.239453
0.258354
0.230565
0.218464
0.234128
0.243325
0.258889
0.256720
0.241913
0.227113
0.235266
0.262284
0.266803
0.207193
0.210022
0.219106
0.280004
0.306633
0.228627
0.261697
0.249659
0.223377
0.230602
0.278760
0.251385
0.226041
0.225314
0.224347
0.250034
0.224437
0.202689
0.230192
0.220840
0.300859
0.259344
0.245744
0.292935
0.233189
0.273308
0.269270
0.228213
0.248453
0.236017
0.213371
0.225298
0.262210
0.225533
0.256683
0.234422
0.243814
0.238312
0.225294
0.251911
0.234250
0.239222
0.219213
0.257019
0.278162
0.253195
0.224431
0.225381
0.227631
0.224629
0.308256
0.262878
0.232735
0.215787
0.229750
0.223816
0.250786
0.256098
0.278327
0.246973
0.217535
0.235193
0.247100
0.233919
0.243549
0.260657
0.200344
0.307510
0.219358
0.217313
0.238478
0.261104
0.215951
0.257497
0.269934
0.227544
0.218876
0.237505
0.237745
0.247485
0.247104
0.206367
0.260844
0.224426
0.225632
0.217669
0.238160
0.237980
0.259289
0.224177
0.250733
0.217693
0.258616
0.231186
0.248998
0.252744
0.237926
0.246887
0.255726
0.249071
0.240965
0.229393
0.217424
0.254568
0.193264
0.251054
0.240397
0.244990
0.228727
0.244181
0.215185
0.255836
0.235308
0.230333
0.287052
0.222208
0.208157
0.244577
0.225310
0.243425
0.229144
0.220877
0.258821
0.250601
0.272410
0.283115
0.241762
0.268323
0.210327
0.292528
0.226974
0.262239
0.218707
0.211478
0.229741
0.233546
0.270621
0.236550
0.276360
0.223140
0.235085
0.241605
0.236301
0.210417
0.274144
0.237109
0.239375
0.211807
0.190731
0.214140
0.231909
0.205106
0.253377
0.239722
0.239505
0.265567
0.222533
0.243050
0.216464
0.230633
0.261358
0.226569
0.248984
0.267213
0.228604
0.265766
0.277358
0.265025
0.237702
0.226893
0.229730
0.201071
0.229118
0.259417
0.217598
0.224130
0.223226
0.209679
0.233753
0.293388
0.239512
0.221587
0.209520
0.220757
0.247126
0.338592
0.238776
0.239842
0.255650
0.258860
0.224223
0.205068
0.233161
0.223228
0.261316
0.236385
0.229029
0.229439
0.281555
0.217485
0.211574
0.212356
0.228852
0.233111
0.227950
0.235049
0.228804
0.210667
0.206034
0.219340
0.217302
0.202737
0.236500
0.215491
0.219447
0.255469
0.247921
0.220183
0.280728
0.268884
0.251979
0.265914
0.236910
0.215558
0.271579
0.299424
0.220510
0.258631
0.260411
0.241569
0.198168
0.219595
0.269189
0.297103
0.271799
0.227731
0.225542
0.328064
0.196219
0.248208
0.223354
0.236099
0.244278
0.236508
0.237886
0.224640
0.245705
0.234356
0.255755
0.255482
0.237800
0.296104
0.301223
0.301017
0.292894
0.212004
0.234141
0.271212
0.217389
0.220811
0.221620
0.252841
0.246737
0.245123
0.250588
0.224998
0.242701
0.232679
0.208213
0.277600
0.319521
0.248565
0.237604
0.208291
0.216058
0.290634
0.243555
0.242952
0.242288
0.213136
0.253159
0.249810
0.290899
0.257824
0.223293
0.240241
0.222535
0.234152
0.260094
0.265189
0.255801
0.240132
0.236082
0.233227
0.226660
0.274448
0.235150
0.232455
0.216522
0.233296
0.228100
0.237558
0.260866
0.245540
0.219409
0.276221
0.255601
0.231116
0.234346
0.222451
0.221237
0.246840
0.201417
0.237357
0.292012
0.218380
0.249370
0.229210
0.265979
0.305614
0.237252
0.257440
0.213003
0.235068
0.279846
0.226159
0.224557
0.239946
0.227084
0.221971
0.239046
0.236801
0.222559
0.241599
0.274288
0.284809
0.280378
0.245037
0.251761
0.239322
0.213547
0.227458
0.247845
0.262735
0.233506
0.209730
0.238820
0.268724
0.228103
0.228602
0.246741
0.226092
0.228926
0.266422
0.236564
0.248279
0.218255
0.299937
0.253521
0.257609
0.243266
0.247479
0.226449
0.194823
0.251078
0.261530
0.254020
0.248954
0.204394
0.216717
0.206731
0.217590
0.222453
0.234335
0.226975
0.270761
0.264959
0.236963
0.261362
0.227205
0.235314
0.292487
0.220759
0.223672
0.288457
0.237036
0.252484
0.222344
0.259068
0.225861
0.222703
0.200822
0.244994
0.225843
0.216095
0.241096
0.247405
0.242395
0.244099
0.256128
0.242439
0.226410
0.268171
0.245584
0.229701
0.243035
0.268490
0.201882
0.235328
0.292126
0.238309
0.227389
0.274555
0.221109
0.273599
0.234716
0.263856
0.242282
0.247304
0.219496
0.201423
0.306621
0.227911
0.217112
0.247228
0.204684
0.240478
0.255801
0.300356
0.265794
0.229686
0.239642
0.240819
0.211542
0.255019
0.302022
0.257193
0.224858
0.214954
0.236493
0.224925
0.216703
0.281239
0.246358
0.232216
0.233740
0.208389
0.232725
0.226437
0.203856
0.233562
0.255538
0.242660
0.221645
0.276023
0.269342
0.252134
0.261305
0.239289
0.215944
0.235547
0.220669
0.252759
0.305708
0.231947
0.235868
0.298599
0.219134
0.238885
0.220011
0.256208
0.278986
0.239706
0.233428
0.216655
0.244792
0.206197
0.242404
0.219431
0.236113
0.229941
0.230580
0.230771
0.216246
0.207366
0.219884
0.194836
0.220205
0.230339
0.218650
0.247614
0.270924
0.259346
0.225401
0.226001
0.275863
0.236327
0.247184
0.231061
0.241908
0.212534
0.238666
0.229946
0.237543
0.270162
0.230801
0.234525
0.262714
0.232511
0.247662
0.290783
0.232472
0.238325
0.258281
0.217316
0.236260
0.232745
0.244042
0.264423
0.273193
0.209554
0.274663
0.233160
0.213453
0.228097
0.232463
0.241793
0.244081
0.240111
0.264715
0.213142
0.271706
0.268758
0.204971
0.243626
0.241204
0.230910
0.261674
0.207997
0.275101
0.254747
0.236201
0.247340
0.231899
0.238141
0.271841
0.211749
0.303141
0.240071
0.238320
0.220966
0.227766
0.282585
0.237387
0.227326
0.241440
0.218473
0.276413
0.230162
0.235808
0.234360
0.272955
0.235853
0.276781
0.266227
0.267051
0.246023
0.238196
0.309211
0.257361
0.226969
0.245528
0.249071
0.282010
0.239820
0.270113
0.202516
0.315411
0.203802
0.208823
0.242790
0.322614
0.217322
0.271672
0.252710
0.212730
0.249784
0.246801
0.293680
0.265773
0.230489
0.236955
0.263091
0.252854
0.212729
0.263458
0.278852
0.243491
0.242311
0.225446
0.231522
0.251793
0.221180
0.240511
0.244371
0.216969
0.226439
0.253163
0.211688
0.266598
0.264638
0.218420
0.214260
0.227503
0.251581
0.276612
0.236384
0.256568
0.229136
0.288339
0.252566
0.238267
0.245123
0.214229
0.233813
0.234135
0.266577
0.233832
0.254045
0.232025
0.268292
0.237276
0.229598
0.231486
0.287913
0.231498
0.227591
0.244361
0.241522
0.240469
0.255924
0.252786
0.205373
0.225622
0.201192
0.269978
0.228073
0.253868
0.276519
0.222570
0.211845
0.219272
0.221394
0.249956
0.253174
0.204212
0.225618
0.290025
0.221955
0.266934
0.239745
0.219071
0.273071
0.252741
0.225398
0.238185
0.247666
0.256250
0.248149
0.241034
0.258652
0.240029
0.249708
0.216381
0.230599
0.232592
0.247064
0.232668
0.232893
0.321908
0.242863
0.235712
0.275806
0.234144
0.261787
0.240416
0.205726
0.209485
0.210764
0.258269
0.245451
0.270807
0.291438
0.238944
0.254977
0.256285
0.246810
0.288830
0.222698
0.239795
0.263788
0.244406
0.236479
0.251583
0.228846
0.211209
0.231947
0.253446
0.278971
0.242681
0.230166
0.227715
0.211626
0.234763
0.230820
0.291325
0.231324
0.271436
0.213613
0.239432
0.237210
0.286455
0.256328
0.252547
0.286557
0.277561
0.237411
0.239346
0.255910
0.235892
0.218093
0.264704
0.225434
0.228714
0.258269
0.286155
0.243447
0.224147
0.246143
0.276994
0.232568
0.226460
0.234820
0.263619
0.233228
0.230977
0.235955
0.226748
0.242651
0.230349
0.275927
0.241416
0.207342
0.257553
0.238933
0.230511
0.238497
0.232900
0.236555
0.245015
0.251131
0.273929
0.209873
0.240717
0.245027
0.218862
0.227395
0.237808
0.234100
0.237121
0.243989
0.229163
0.248269
0.253809
0.227303
0.211747
0.310860
0.307563
0.255166
0.264586
0.308982
0.279969
0.245390
0.247012
0.262307
0.221554
0.241387
0.262401
0.226464
0.214303
0.280908
0.233428
0.244295
0.223670
0.237264
0.205094
0.236507
0.218210
0.217436
0.289956
0.220422
0.318550
0.235594
0.248916
0.256795
0.232415
0.294879
0.208848
0.275401
0.266204
0.227237
0.308983
0.238134
0.246013
0.216163
0.313536
0.262665
0.241296
0.238566
0.245354
0.221789
0.285376
0.216633
0.236691
0.238499
0.247016
0.241625
0.242503
0.267739
0.271257
0.225102
0.282761
0.231941
0.224285
0.286727
0.213601
0.270321
0.258118
0.219118
0.256087
0.273086
0.243642
0.233653
0.237350
0.245988
0.254484
0.287677
0.235644
0.250128
0.250122
0.244706
0.242537
0.247357
0.267387
0.246805
0.256117
0.267637
0.232895
0.228054
0.284434
0.278771
0.240098
0.333949
0.271133
0.240364
0.215204
0.237563
0.216564
0.242749
0.217521
0.210822
0.234426
0.232766
0.311025
0.223128
0.243341
0.229635
0.235711
0.282737
0.237629
0.245547
0.239067
0.253213
0.266083
0.222434
0.222045
0.232953
0.269121
0.273371
0.237284
0.250949
0.243953
0.260515
0.250504
0.229429
0.239930
0.216877
0.246190
0.265349
0.241088
0.202921
0.255261
0.227952
0.249415
0.227230
0.224566
0.237833
0.276580
0.243507
0.236985
0.284097
0.270440
0.212811
0.258406
0.229407
0.221139
0.213587
0.227657
0.233873
0.227879
0.230228
0.219324
0.251455
0.287785
0.233527
0.276538
0.226744
0.251716
0.231936
0.208120
0.261747
0.266560
0.261459
0.244280
0.235068
0.249653
0.250264
0.232190
0.256579
0.242872
0.301738
0.212683
0.284481
0.243825
0.260273
0.254261
0.253606
0.209717
0.290024
0.234732
0.248476
0.342381
0.260003
0.220517
0.259330
0.257956
0.233099
0.234934
0.259545
0.242619
0.255506
0.235772
0.217488
0.238880
0.228519
0.229690
0.212336
0.224023
0.269255
0.208728
0.222373
0.252706
0.248767
0.238579
